-1.8592e-05
-3.7087e-05
-5.5485e-05
-7.3786e-05
-9.1991e-05
-0.0001101
-0.00012811
-0.00014603
-0.00016385
-0.00018157
-0.0001992
-0.00021674
-0.00023418
-0.00025153
-0.00026878
-0.00028594
-0.000303
-0.00031997
-0.00033685
-0.00035363
-0.00037033
-0.00038693
-0.00040344
-0.00041985
-0.00043618
-0.00045241
-0.00046855
-0.0004846
-0.00050056
-0.00051643
-0.00053221
-0.0005479
-0.0005635
-0.000579
-0.00059443
-0.00060975
-0.000625
-0.00064015
-0.00065522
-0.00067019
-0.00068509
-0.00069988
-0.0007146
-0.00072923
-0.00074377
-0.00075822
-0.00077259
-0.00078687
-0.00080107
-0.00081517
-0.0008292
-0.00084314
-0.000857
-0.00087076
-0.00088445
-0.00089804
-0.00091157
-0.00092499
-0.00093835
-0.00095161
-0.0009648
-0.00097789
-0.00099092
-0.0010038
-0.0010167
-0.0010295
-0.0010422
-0.0010548
-0.0010673
-0.0010797
-0.0010921
-0.0011044
-0.0011166
-0.0011287
-0.0011408
-0.0011527
-0.0011646
-0.0011764
-0.0011882
-0.0011998
-0.0012114
-0.0012229
-0.0012343
-0.0012456
-0.0012569
-0.0012681
-0.0012792
-0.0012902
-0.0013012
-0.001312
-0.0013228
-0.0013336
-0.0013442
-0.0013548
-0.0013653
-0.0013757
-0.0013861
-0.0013963
-0.0014066
-0.0014167
-0.0014267
-0.0014367
-0.0014466
-0.0014564
-0.0014662
-0.0014759
-0.0014855
-0.0014951
-0.0015046
-0.0015139
-0.0015233
-0.0015325
-0.0015417
-0.0015508
-0.0015599
-0.0015689
-0.0015778
-0.0015866
-0.0015954
-0.0016041
-0.0016127
-0.0016213
-0.0016298
-0.0016382
-0.0016466
-0.0016548
-0.0016631
-0.0016712
-0.0016793
-0.0016873
-0.0016953
-0.0017032
-0.001711
-0.0017187
-0.0017264
-0.001734
-0.0017416
-0.0017491
-0.0017565
-0.0017639
-0.0017712
-0.0017784
-0.0017856
-0.0017927
-0.0017997
-0.0018067
-0.0018136
-0.0018205
-0.0018273
-0.001834
-0.0018407
-0.0018473
-0.0018538
-0.0018603
-0.0018667
-0.001873
-0.0018794
-0.0018856
-0.0018918
-0.0018979
-0.0019039
-0.0019099
-0.0019159
-0.0019217
-0.0019275
-0.0019333
-0.001939
-0.0019446
-0.0019502
-0.0019557
-0.0019612
-0.0019666
-0.0019719
-0.0019772
-0.0019825
-0.0019876
-0.0019928
-0.0019978
-0.0020028
-0.0020078
-0.0020127
-0.0020175
-0.0020223
-0.002027
-0.0020317
-0.0020363
-0.0020409
-0.0020454
-0.0020498
-0.0020542
-0.0020586
-0.0020629
-0.0020671
-0.0020713
-0.0020754
-0.0020795
-0.0020835
-0.0020875
-0.0020914
-0.0020953
-0.0020991
-0.0021029
-0.0021066
-0.0021103
-0.0021139
-0.0021174
-0.002121
-0.0021244
-0.0021278
-0.0021312
-0.0021345
-0.0021378
-0.002141
-0.0021441
-0.0021473
-0.0021503
-0.0021533
-0.0021563
-0.0021592
-0.0021621
-0.0021649
-0.0021677
-0.0021704
-0.0021731
-0.0021757
-0.0021783
-0.0021809
-0.0021833
-0.0021858
-0.0021882
-0.0021906
-0.0021929
-0.0021951
-0.0021973
-0.0021995
-0.0022016
-0.0022037
-0.0022058
-0.0022078
-0.0022097
-0.0022116
-0.0022135
-0.0022153
-0.0022171
-0.0022188
-0.0022205
-0.0022221
-0.0022237
-0.0022253
-0.0022268
-0.0022283
-0.0022297
-0.0022311
-0.0022324
-0.0022338
-0.002235
-0.0022363
-0.0022374
-0.0022386
-0.0022397
-0.0022407
-0.0022418
-0.0022427
-0.0022437
-0.0022446
-0.0022454
-0.0022463
-0.002247
-0.0022478
-0.0022485
-0.0022492
-0.0022498
-0.0022504
-0.0022509
-0.0022514
-0.0022519
-0.0022523
-0.0022527
-0.0022531
-0.0022534
-0.0022537
-0.002254
-0.0022542
-0.0022543
-0.0022545
-0.0022546
-0.0022547
-0.0022547
-0.0022547
-0.0022546
-0.0022546
-0.0022545
-0.0022543
-0.0022541
-0.0022539
-0.0022537
-0.0022534
-0.0022531
-0.0022527
-0.0022523
-0.0022519
-0.0022514
-0.002251
-0.0022504
-0.0022499
-0.0022493
-0.0022487
-0.002248
-0.0022473
-0.0022466
-0.0022459
-0.0022451
-0.0022443
-0.0022434
-0.0022425
-0.0022416
-0.0022407
-0.0022397
-0.0022387
-0.0022377
-0.0022366
-0.0022355
-0.0022344
-0.0022332
-0.002232
-0.0022308
-0.0022296
-0.0022283
-0.002227
-0.0022256
-0.0022243
-0.0022229
-0.0022214
-0.00222
-0.0022185
-0.002217
-0.0022155
-0.0022139
-0.0022123
-0.0022107
-0.002209
-0.0022073
-0.0022056
-0.0022039
-0.0022021
-0.0022003
-0.0021985
-0.0021967
-0.0021948
-0.0021929
-0.002191
-0.002189
-0.002187
-0.002185
-0.002183
-0.002181
-0.0021789
-0.0021768
-0.0021746
-0.0021725
-0.0021703
-0.0021681
-0.0021659
-0.0021636
-0.0021613
-0.002159
-0.0021567
-0.0021543
-0.0021519
-0.0021495
-0.0021471
-0.0021447
-0.0021422
-0.0021397
-0.0021371
-0.0021346
-0.002132
-0.0021294
-0.0021268
-0.0021242
-0.0021215
-0.0021188
-0.0021161
-0.0021134
-0.0021106
-0.0021079
-0.0021051
-0.0021023
-0.0020994
-0.0020966
-0.0020937
-0.0020908
-0.0020878
-0.0020849
-0.0020819
-0.0020789
-0.0020759
-0.0020729
-0.0020698
-0.0020668
-0.0020637
-0.0020606
-0.0020574
-0.0020543
-0.0020511
-0.0020479
-0.0020447
-0.0020415
-0.0020382
-0.002035
-0.0020316
-0.0020283
-0.002025
-0.0020217
-0.0020183
-0.0020149
-0.0020115
-0.0020081
-0.0020046
-0.0020012
-0.0019977
-0.0019942
-0.0019907
-0.0019872
-0.0019836
-0.00198
-0.0019764
-0.0019729
-0.0019692
-0.0019656
-0.0019619
-0.0019583
-0.0019546
-0.0019509
-0.0019471
-0.0019434
-0.0019396
-0.0019359
-0.0019321
-0.0019283
-0.0019244
-0.0019206
-0.0019167
-0.0019129
-0.001909
-0.0019051
-0.0019012
-0.0018972
-0.0018933
-0.0018893
-0.0018853
-0.0018813
-0.0018773
-0.0018733
-0.0018692
-0.0018652
-0.0018611
-0.001857
-0.0018529
-0.0018488
-0.0018447
-0.0018405
-0.0018364
-0.0018322
-0.001828
-0.0018238
-0.0018196
-0.0018154
-0.0018111
-0.0018069
-0.0018026
-0.0017983
-0.001794
-0.0017897
-0.0017854
-0.001781
-0.0017767
-0.0017723
-0.0017679
-0.0017636
-0.0017591
-0.0017547
-0.0017503
-0.0017459
-0.0017414
-0.0017369
-0.0017325
-0.001728
-0.0017235
-0.001719
-0.0017144
-0.0017099
-0.0017053
-0.0017008
-0.0016962
-0.0016916
-0.001687
-0.0016824
-0.0016778
-0.0016731
-0.0016685
-0.0016638
-0.0016592
-0.0016545
-0.0016498
-0.0016451
-0.0016404
-0.0016357
-0.0016309
-0.0016262
-0.0016214
-0.0016167
-0.0016119
-0.0016071
-0.0016023
-0.0015975
-0.0015927
-0.0015879
-0.001583
-0.0015782
-0.0015733
-0.0015685
-0.0015636
-0.0015587
-0.0015538
-0.0015489
-0.001544
-0.0015391
-0.0015341
-0.0015292
-0.0015242
-0.0015193
-0.0015143
-0.0015093
-0.0015043
-0.0014994
-0.0014943
-0.0014893
-0.0014843
-0.0014793
-0.0014742
-0.0014692
-0.0014641
-0.0014591
-0.001454
-0.0014489
-0.0014438
-0.0014387
-0.0014336
-0.0014285
-0.0014233
-0.0014182
-0.0014131
-0.0014079
-0.0014028
-0.0013976
-0.0013924
-0.0013872
-0.001382
-0.0013769
-0.0013716
-0.0013664
-0.0013612
-0.001356
-0.0013507
-0.0013455
-0.0013403
-0.001335
-0.0013297
-0.0013245
-0.0013192
-0.0013139
-0.0013086
-0.0013033
-0.001298
-0.0012927
-0.0012874
-0.0012821
-0.0012767
-0.0012714
-0.001266
-0.0012607
-0.0012553
-0.00125
-0.0012446
-0.0012392
-0.0012338
-0.0012285
-0.0012231
-0.0012177
-0.0012122
-0.0012068
-0.0012014
-0.001196
-0.0011905
-0.0011851
-0.0011797
-0.0011742
-0.0011688
-0.0011633
-0.0011578
-0.0011524
-0.0011469
-0.0011414
-0.0011359
-0.0011304
-0.0011249
-0.0011194
-0.0011139
-0.0011084
-0.0011029
-0.0010973
-0.0010918
-0.0010863
-0.0010807
-0.0010752
-0.0010696
-0.0010641
-0.0010585
-0.0010529
-0.0010474
-0.0010418
-0.0010362
-0.0010306
-0.001025
-0.0010195
-0.0010138
-0.0010082
-0.0010026
-0.00099703
-0.0009914
-0.00098579
-0.00098016
-0.00097453
-0.00096889
-0.00096325
-0.00095761
-0.00095196
-0.00094631
-0.00094066
-0.00093499
-0.00092933
-0.00092366
-0.00091799
-0.00091231
-0.00090663
-0.00090095
-0.00089526
-0.00088957
-0.00088388
-0.00087817
-0.00087247
-0.00086677
-0.00086106
-0.00085534
-0.00084963
-0.0008439
-0.00083818
-0.00083245
-0.00082672
-0.00082098
-0.00081525
-0.0008095
-0.00080376
-0.00079801
-0.00079226
-0.00078651
-0.00078075
-0.00077499
-0.00076922
-0.00076345
-0.00075769
-0.00075191
-0.00074613
-0.00074035
-0.00073457
-0.00072879
-0.000723
-0.00071721
-0.00071141
-0.00070562
-0.00069982
-0.00069401
-0.00068821
-0.0006824
-0.00067659
-0.00067078
-0.00066496
-0.00065914
-0.00065332
-0.0006475
-0.00064167
-0.00063584
-0.00063001
-0.00062418
-0.00061834
-0.0006125
-0.00060666
-0.00060082
-0.00059497
-0.00058913
-0.00058328
-0.00057742
-0.00057157
-0.00056571
-0.00055986
-0.00055399
-0.00054813
-0.00054227
-0.0005364
-0.00053053
-0.00052466
-0.00051879
-0.00051291
-0.00050704
-0.00050116
-0.00049528
-0.00048939
-0.00048351
-0.00047762
-0.00047174
-0.00046585
-0.00045996
-0.00045406
-0.00044817
-0.00044227
-0.00043638
-0.00043048
-0.00042457
-0.00041867
-0.00041277
-0.00040686
-0.00040096
-0.00039505
-0.00038914
-0.00038323
-0.00037731
-0.0003714
-0.00036548
-0.00035957
-0.00035365
-0.00034773
-0.00034181
-0.00033589
-0.00032996
-0.00032404
-0.00031811
-0.00031219
-0.00030626
-0.00030033
-0.0002944
-0.00028847
-0.00028254
-0.00027661
-0.00027067
-0.00026474
-0.0002588
-0.00025286
-0.00024693
-0.00024099
-0.00023505
-0.00022911
-0.00022317
-0.00021723
-0.00021128
-0.00020534
-0.0001994
-0.00019345
-0.00018751
-0.00018156
-0.00017561
-0.00016967
-0.00016372
-0.00015777
-0.00015182
-0.00014587
-0.00013992
-0.00013397
-0.00012802
-0.00012207
-0.00011612
-0.00011016
-0.00010421
-9.8259e-05
-9.2306e-05
-8.6351e-05
-8.0399e-05
-7.4443e-05
-6.849e-05
-6.2534e-05
-5.658e-05
-5.0624e-05
-4.4669e-05
-3.8713e-05
-3.2758e-05
-2.6801e-05
-2.0847e-05
-1.4889e-05
-8.9347e-06
-2.9774e-06
2.9774e-06
8.9347e-06
1.4889e-05
2.0847e-05
2.6801e-05
3.2758e-05
3.8713e-05
4.4669e-05
5.0624e-05
5.658e-05
6.2534e-05
6.849e-05
7.4443e-05
8.0399e-05
8.6351e-05
9.2306e-05
9.8259e-05
0.00010421
0.00011016
0.00011612
0.00012207
0.00012802
0.00013397
0.00013992
0.00014587
0.00015182
0.00015777
0.00016372
0.00016967
0.00017561
0.00018156
0.00018751
0.00019345
0.0001994
0.00020534
0.00021128
0.00021723
0.00022317
0.00022911
0.00023505
0.00024099
0.00024693
0.00025286
0.0002588
0.00026474
0.00027067
0.00027661
0.00028254
0.00028847
0.0002944
0.00030033
0.00030626
0.00031219
0.00031811
0.00032404
0.00032996
0.00033589
0.00034181
0.00034773
0.00035365
0.00035957
0.00036548
0.0003714
0.00037731
0.00038323
0.00038914
0.00039505
0.00040096
0.00040686
0.00041277
0.00041867
0.00042457
0.00043048
0.00043638
0.00044227
0.00044817
0.00045406
0.00045996
0.00046585
0.00047174
0.00047762
0.00048351
0.00048939
0.00049528
0.00050116
0.00050704
0.00051291
0.00051879
0.00052466
0.00053053
0.0005364
0.00054227
0.00054813
0.00055399
0.00055986
0.00056571
0.00057157
0.00057742
0.00058328
0.00058913
0.00059497
0.00060082
0.00060666
0.0006125
0.00061834
0.00062418
0.00063001
0.00063584
0.00064167
0.0006475
0.00065332
0.00065914
0.00066496
0.00067078
0.00067659
0.0006824
0.00068821
0.00069401
0.00069982
0.00070562
0.00071141
0.00071721
0.000723
0.00072879
0.00073457
0.00074035
0.00074613
0.00075191
0.00075769
0.00076345
0.00076922
0.00077499
0.00078075
0.00078651
0.00079226
0.00079801
0.00080376
0.0008095
0.00081525
0.00082098
0.00082672
0.00083245
0.00083818
0.0008439
0.00084963
0.00085534
0.00086106
0.00086677
0.00087247
0.00087817
0.00088388
0.00088957
0.00089526
0.00090095
0.00090663
0.00091231
0.00091799
0.00092366
0.00092933
0.00093499
0.00094066
0.00094631
0.00095196
0.00095761
0.00096325
0.00096889
0.00097453
0.00098016
0.00098579
0.0009914
0.00099703
0.0010026
0.0010082
0.0010138
0.0010195
0.001025
0.0010306
0.0010362
0.0010418
0.0010474
0.0010529
0.0010585
0.0010641
0.0010696
0.0010752
0.0010807
0.0010863
0.0010918
0.0010973
0.0011029
0.0011084
0.0011139
0.0011194
0.0011249
0.0011304
0.0011359
0.0011414
0.0011469
0.0011524
0.0011578
0.0011633
0.0011688
0.0011742
0.0011797
0.0011851
0.0011905
0.001196
0.0012014
0.0012068
0.0012122
0.0012177
0.0012231
0.0012285
0.0012338
0.0012392
0.0012446
0.00125
0.0012553
0.0012607
0.001266
0.0012714
0.0012767
0.0012821
0.0012874
0.0012927
0.001298
0.0013033
0.0013086
0.0013139
0.0013192
0.0013245
0.0013297
0.001335
0.0013403
0.0013455
0.0013507
0.001356
0.0013612
0.0013664
0.0013716
0.0013769
0.001382
0.0013872
0.0013924
0.0013976
0.0014028
0.0014079
0.0014131
0.0014182
0.0014233
0.0014285
0.0014336
0.0014387
0.0014438
0.0014489
0.001454
0.0014591
0.0014641
0.0014692
0.0014742
0.0014793
0.0014843
0.0014893
0.0014943
0.0014994
0.0015043
0.0015093
0.0015143
0.0015193
0.0015242
0.0015292
0.0015341
0.0015391
0.001544
0.0015489
0.0015538
0.0015587
0.0015636
0.0015685
0.0015733
0.0015782
0.001583
0.0015879
0.0015927
0.0015975
0.0016023
0.0016071
0.0016119
0.0016167
0.0016214
0.0016262
0.0016309
0.0016357
0.0016404
0.0016451
0.0016498
0.0016545
0.0016592
0.0016638
0.0016685
0.0016731
0.0016778
0.0016824
0.001687
0.0016916
0.0016962
0.0017008
0.0017053
0.0017099
0.0017144
0.001719
0.0017235
0.001728
0.0017325
0.0017369
0.0017414
0.0017459
0.0017503
0.0017547
0.0017591
0.0017636
0.0017679
0.0017723
0.0017767
0.001781
0.0017854
0.0017897
0.001794
0.0017983
0.0018026
0.0018069
0.0018111
0.0018154
0.0018196
0.0018238
0.001828
0.0018322
0.0018364
0.0018405
0.0018447
0.0018488
0.0018529
0.001857
0.0018611
0.0018652
0.0018692
0.0018733
0.0018773
0.0018813
0.0018853
0.0018893
0.0018933
0.0018972
0.0019012
0.0019051
0.001909
0.0019129
0.0019167
0.0019206
0.0019244
0.0019283
0.0019321
0.0019359
0.0019396
0.0019434
0.0019471
0.0019509
0.0019546
0.0019583
0.0019619
0.0019656
0.0019692
0.0019729
0.0019764
0.00198
0.0019836
0.0019872
0.0019907
0.0019942
0.0019977
0.0020012
0.0020046
0.0020081
0.0020115
0.0020149
0.0020183
0.0020217
0.002025
0.0020283
0.0020316
0.002035
0.0020382
0.0020415
0.0020447
0.0020479
0.0020511
0.0020543
0.0020574
0.0020606
0.0020637
0.0020668
0.0020698
0.0020729
0.0020759
0.0020789
0.0020819
0.0020849
0.0020878
0.0020908
0.0020937
0.0020966
0.0020994
0.0021023
0.0021051
0.0021079
0.0021106
0.0021134
0.0021161
0.0021188
0.0021215
0.0021242
0.0021268
0.0021294
0.002132
0.0021346
0.0021371
0.0021397
0.0021422
0.0021447
0.0021471
0.0021495
0.0021519
0.0021543
0.0021567
0.002159
0.0021613
0.0021636
0.0021659
0.0021681
0.0021703
0.0021725
0.0021746
0.0021768
0.0021789
0.002181
0.002183
0.002185
0.002187
0.002189
0.002191
0.0021929
0.0021948
0.0021967
0.0021985
0.0022003
0.0022021
0.0022039
0.0022056
0.0022073
0.002209
0.0022107
0.0022123
0.0022139
0.0022155
0.002217
0.0022185
0.00222
0.0022214
0.0022229
0.0022243
0.0022256
0.002227
0.0022283
0.0022296
0.0022308
0.002232
0.0022332
0.0022344
0.0022355
0.0022366
0.0022377
0.0022387
0.0022397
0.0022407
0.0022416
0.0022425
0.0022434
0.0022443
0.0022451
0.0022459
0.0022466
0.0022473
0.002248
0.0022487
0.0022493
0.0022499
0.0022504
0.002251
0.0022514
0.0022519
0.0022523
0.0022527
0.0022531
0.0022534
0.0022537
0.0022539
0.0022541
0.0022543
0.0022545
0.0022546
0.0022546
0.0022547
0.0022547
0.0022547
0.0022546
0.0022545
0.0022543
0.0022542
0.002254
0.0022537
0.0022534
0.0022531
0.0022527
0.0022523
0.0022519
0.0022514
0.0022509
0.0022504
0.0022498
0.0022492
0.0022485
0.0022478
0.002247
0.0022463
0.0022454
0.0022446
0.0022437
0.0022427
0.0022418
0.0022407
0.0022397
0.0022386
0.0022374
0.0022363
0.002235
0.0022338
0.0022324
0.0022311
0.0022297
0.0022283
0.0022268
0.0022253
0.0022237
0.0022221
0.0022205
0.0022188
0.0022171
0.0022153
0.0022135
0.0022116
0.0022097
0.0022078
0.0022058
0.0022037
0.0022016
0.0021995
0.0021973
0.0021951
0.0021929
0.0021906
0.0021882
0.0021858
0.0021833
0.0021809
0.0021783
0.0021757
0.0021731
0.0021704
0.0021677
0.0021649
0.0021621
0.0021592
0.0021563
0.0021533
0.0021503
0.0021473
0.0021441
0.002141
0.0021378
0.0021345
0.0021312
0.0021278
0.0021244
0.002121
0.0021174
0.0021139
0.0021103
0.0021066
0.0021029
0.0020991
0.0020953
0.0020914
0.0020875
0.0020835
0.0020795
0.0020754
0.0020713
0.0020671
0.0020629
0.0020586
0.0020542
0.0020498
0.0020454
0.0020409
0.0020363
0.0020317
0.002027
0.0020223
0.0020175
0.0020127
0.0020078
0.0020028
0.0019978
0.0019928
0.0019876
0.0019825
0.0019772
0.0019719
0.0019666
0.0019612
0.0019557
0.0019502
0.0019446
0.001939
0.0019333
0.0019275
0.0019217
0.0019159
0.0019099
0.0019039
0.0018979
0.0018918
0.0018856
0.0018794
0.001873
0.0018667
0.0018603
0.0018538
0.0018473
0.0018407
0.001834
0.0018273
0.0018205
0.0018136
0.0018067
0.0017997
0.0017927
0.0017856
0.0017784
0.0017712
0.0017639
0.0017565
0.0017491
0.0017416
0.001734
0.0017264
0.0017187
0.001711
0.0017032
0.0016953
0.0016873
0.0016793
0.0016712
0.0016631
0.0016548
0.0016466
0.0016382
0.0016298
0.0016213
0.0016127
0.0016041
0.0015954
0.0015866
0.0015778
0.0015689
0.0015599
0.0015508
0.0015417
0.0015325
0.0015233
0.0015139
0.0015046
0.0014951
0.0014855
0.0014759
0.0014662
0.0014564
0.0014466
0.0014367
0.0014267
0.0014167
0.0014066
0.0013963
0.0013861
0.0013757
0.0013653
0.0013548
0.0013442
0.0013336
0.0013228
0.001312
0.0013012
0.0012902
0.0012792
0.0012681
0.0012569
0.0012456
0.0012343
0.0012229
0.0012114
0.0011998
0.0011882
0.0011764
0.0011646
0.0011527
0.0011408
0.0011287
0.0011166
0.0011044
0.0010921
0.0010797
0.0010673
0.0010548
0.0010422
0.0010295
0.0010167
0.0010038
0.00099092
0.00097789
0.0009648
0.00095161
0.00093835
0.00092499
0.00091157
0.00089804
0.00088445
0.00087076
0.000857
0.00084314
0.0008292
0.00081517
0.00080107
0.00078687
0.00077259
0.00075822
0.00074377
0.00072923
0.0007146
0.00069988
0.00068509
0.00067019
0.00065522
0.00064015
0.000625
0.00060975
0.00059443
0.000579
0.0005635
0.0005479
0.00053221
0.00051643
0.00050056
0.0004846
0.00046855
0.00045241
0.00043618
0.00041985
0.00040344
0.00038693
0.00037033
0.00035363
0.00033685
0.00031997
0.000303
0.00028594
0.00026878
0.00025153
0.00023418
0.00021674
0.0001992
0.00018157
0.00016385
0.00014603
0.00012811
0.0001101
9.1991e-05
7.3786e-05
5.5485e-05
3.7087e-05
1.8592e-05
