-0.00010229
-0.00020304
-0.00030225
-0.00039993
-0.00049609
-0.00059073
-0.00068387
-0.0007755
-0.00086565
-0.00095432
-0.0010415
-0.0011272
-0.0012115
-0.0012943
-0.0013757
-0.0014556
-0.0015341
-0.0016112
-0.0016869
-0.0017612
-0.0018341
-0.0019056
-0.0019757
-0.0020445
-0.0021119
-0.0021779
-0.0022426
-0.0023059
-0.002368
-0.0024287
-0.002488
-0.0025461
-0.0026029
-0.0026584
-0.0027126
-0.0027655
-0.0028172
-0.0028676
-0.0029167
-0.0029646
-0.0030113
-0.0030568
-0.003101
-0.003144
-0.0031858
-0.0032264
-0.0032659
-0.0033041
-0.0033412
-0.0033771
-0.0034118
-0.0034454
-0.0034779
-0.0035092
-0.0035394
-0.0035685
-0.0035965
-0.0036234
-0.0036491
-0.0036738
-0.0036974
-0.00372
-0.0037415
-0.0037619
-0.0037813
-0.0037996
-0.0038169
-0.0038332
-0.0038485
-0.0038628
-0.003876
-0.0038883
-0.0038996
-0.0039099
-0.0039192
-0.0039276
-0.003935
-0.0039415
-0.003947
-0.0039517
-0.0039553
-0.0039581
-0.00396
-0.003961
-0.003961
-0.0039602
-0.0039585
-0.003956
-0.0039526
-0.0039483
-0.0039432
-0.0039373
-0.0039305
-0.0039229
-0.0039145
-0.0039053
-0.0038953
-0.0038844
-0.0038729
-0.0038605
-0.0038474
-0.0038335
-0.0038188
-0.0038034
-0.0037873
-0.0037705
-0.0037529
-0.0037346
-0.0037156
-0.0036959
-0.0036755
-0.0036544
-0.0036327
-0.0036103
-0.0035872
-0.0035635
-0.0035391
-0.0035141
-0.0034885
-0.0034623
-0.0034354
-0.0034079
-0.0033798
-0.0033512
-0.0033219
-0.0032921
-0.0032617
-0.0032308
-0.0031993
-0.0031672
-0.0031346
-0.0031015
-0.0030679
-0.0030337
-0.0029991
-0.0029639
-0.0029283
-0.0028922
-0.0028556
-0.0028185
-0.002781
-0.002743
-0.0027045
-0.0026657
-0.0026264
-0.0025866
-0.0025465
-0.002506
-0.002465
-0.0024237
-0.002382
-0.0023399
-0.0022974
-0.0022546
-0.0022114
-0.0021679
-0.002124
-0.0020798
-0.0020353
-0.0019905
-0.0019453
-0.0018999
-0.0018541
-0.0018081
-0.0017618
-0.0017153
-0.0016684
-0.0016213
-0.001574
-0.0015264
-0.0014786
-0.0014306
-0.0013824
-0.0013339
-0.0012852
-0.0012364
-0.0011874
-0.0011381
-0.0010888
-0.0010392
-0.0009895
-0.00093965
-0.00088965
-0.00083953
-0.00078928
-0.00073891
-0.00068843
-0.00063784
-0.00058716
-0.0005364
-0.00048555
-0.00043464
-0.00038366
-0.00033262
-0.00028153
-0.0002304
-0.00017923
-0.00012804
-7.6834e-05
-2.5612e-05
2.5612e-05
7.6834e-05
0.00012804
0.00017923
0.0002304
0.00028153
0.00033262
0.00038366
0.00043464
0.00048555
0.0005364
0.00058716
0.00063784
0.00068843
0.00073891
0.00078928
0.00083953
0.00088965
0.00093965
0.0009895
0.0010392
0.0010888
0.0011381
0.0011874
0.0012364
0.0012852
0.0013339
0.0013824
0.0014306
0.0014786
0.0015264
0.001574
0.0016213
0.0016684
0.0017153
0.0017618
0.0018081
0.0018541
0.0018999
0.0019453
0.0019905
0.0020353
0.0020798
0.002124
0.0021679
0.0022114
0.0022546
0.0022974
0.0023399
0.002382
0.0024237
0.002465
0.002506
0.0025465
0.0025866
0.0026264
0.0026657
0.0027045
0.002743
0.002781
0.0028185
0.0028556
0.0028922
0.0029283
0.0029639
0.0029991
0.0030337
0.0030679
0.0031015
0.0031346
0.0031672
0.0031993
0.0032308
0.0032617
0.0032921
0.0033219
0.0033512
0.0033798
0.0034079
0.0034354
0.0034623
0.0034885
0.0035141
0.0035391
0.0035635
0.0035872
0.0036103
0.0036327
0.0036544
0.0036755
0.0036959
0.0037156
0.0037346
0.0037529
0.0037705
0.0037873
0.0038034
0.0038188
0.0038335
0.0038474
0.0038605
0.0038729
0.0038844
0.0038953
0.0039053
0.0039145
0.0039229
0.0039305
0.0039373
0.0039432
0.0039483
0.0039526
0.003956
0.0039585
0.0039602
0.003961
0.003961
0.00396
0.0039581
0.0039553
0.0039517
0.003947
0.0039415
0.003935
0.0039276
0.0039192
0.0039099
0.0038996
0.0038883
0.003876
0.0038628
0.0038485
0.0038332
0.0038169
0.0037996
0.0037813
0.0037619
0.0037415
0.00372
0.0036974
0.0036738
0.0036491
0.0036234
0.0035965
0.0035685
0.0035394
0.0035092
0.0034779
0.0034454
0.0034118
0.0033771
0.0033412
0.0033041
0.0032659
0.0032264
0.0031858
0.003144
0.003101
0.0030568
0.0030113
0.0029646
0.0029167
0.0028676
0.0028172
0.0027655
0.0027126
0.0026584
0.0026029
0.0025461
0.002488
0.0024287
0.002368
0.0023059
0.0022426
0.0021779
0.0021119
0.0020445
0.0019757
0.0019056
0.0018341
0.0017612
0.0016869
0.0016112
0.0015341
0.0014556
0.0013757
0.0012943
0.0012115
0.0011272
0.0010415
0.00095432
0.00086565
0.0007755
0.00068387
0.00059073
0.00049609
0.00039993
0.00030225
0.00020304
0.00010229
