-0.010894
-0.014251
-0.016127
-0.01738
-0.018292
-0.018992
-0.019547
-0.019998
-0.020371
-0.020682
-0.020945
-0.021169
-0.02136
-0.021524
-0.021665
-0.021786
-0.02189
-0.021979
-0.022055
-0.022119
-0.022173
-0.022218
-0.022255
-0.022284
-0.022307
-0.022323
-0.022334
-0.02234
-0.022342
-0.022339
-0.022332
-0.022322
-0.022308
-0.022291
-0.022272
-0.02225
-0.022225
-0.022198
-0.022169
-0.022138
-0.022105
-0.02207
-0.022034
-0.021996
-0.021957
-0.021916
-0.021874
-0.021831
-0.021787
-0.021741
-0.021695
-0.021647
-0.021599
-0.02155
-0.0215
-0.021449
-0.021398
-0.021345
-0.021292
-0.021239
-0.021185
-0.02113
-0.021074
-0.021019
-0.020962
-0.020905
-0.020848
-0.02079
-0.020732
-0.020674
-0.020615
-0.020555
-0.020496
-0.020436
-0.020375
-0.020315
-0.020254
-0.020192
-0.020131
-0.020069
-0.020007
-0.019945
-0.019882
-0.01982
-0.019757
-0.019694
-0.01963
-0.019567
-0.019503
-0.019439
-0.019375
-0.019311
-0.019247
-0.019182
-0.019118
-0.019053
-0.018988
-0.018923
-0.018858
-0.018792
-0.018727
-0.018661
-0.018596
-0.01853
-0.018464
-0.018398
-0.018332
-0.018266
-0.0182
-0.018134
-0.018067
-0.018001
-0.017934
-0.017868
-0.017801
-0.017734
-0.017668
-0.017601
-0.017534
-0.017467
-0.0174
-0.017333
-0.017266
-0.017199
-0.017131
-0.017064
-0.016997
-0.01693
-0.016862
-0.016795
-0.016727
-0.01666
-0.016592
-0.016525
-0.016457
-0.016389
-0.016322
-0.016254
-0.016186
-0.016119
-0.016051
-0.015983
-0.015915
-0.015848
-0.01578
-0.015712
-0.015644
-0.015576
-0.015508
-0.01544
-0.015372
-0.015305
-0.015237
-0.015169
-0.015101
-0.015033
-0.014965
-0.014897
-0.014829
-0.014761
-0.014693
-0.014625
-0.014557
-0.014489
-0.014421
-0.014353
-0.014285
-0.014217
-0.014148
-0.01408
-0.014012
-0.013944
-0.013876
-0.013808
-0.01374
-0.013672
-0.013604
-0.013536
-0.013468
-0.0134
-0.013332
-0.013264
-0.013196
-0.013129
-0.013061
-0.012993
-0.012925
-0.012857
-0.012789
-0.012721
-0.012653
-0.012585
-0.012517
-0.01245
-0.012382
-0.012314
-0.012246
-0.012178
-0.012111
-0.012043
-0.011975
-0.011908
-0.01184
-0.011772
-0.011705
-0.011637
-0.011569
-0.011502
-0.011434
-0.011367
-0.011299
-0.011232
-0.011164
-0.011097
-0.011029
-0.010962
-0.010894
-0.010827
-0.01076
-0.010692
-0.010625
-0.010558
-0.010491
-0.010423
-0.010356
-0.010289
-0.010222
-0.010155
-0.010088
-0.010021
-0.0099537
-0.0098867
-0.0098198
-0.0097529
-0.009686
-0.0096192
-0.0095523
-0.0094856
-0.0094188
-0.0093521
-0.0092854
-0.0092188
-0.0091522
-0.0090856
-0.0090191
-0.0089526
-0.0088861
-0.0088197
-0.0087533
-0.008687
-0.0086207
-0.0085544
-0.0084882
-0.008422
-0.0083559
-0.0082898
-0.0082237
-0.0081577
-0.0080917
-0.0080258
-0.0079599
-0.0078941
-0.0078283
-0.0077625
-0.0076968
-0.0076312
-0.0075656
-0.0075
-0.0074345
-0.007369
-0.0073036
-0.0072382
-0.0071729
-0.0071076
-0.0070424
-0.0069773
-0.0069121
-0.0068471
-0.0067821
-0.0067171
-0.0066522
-0.0065874
-0.0065226
-0.0064578
-0.0063931
-0.0063285
-0.0062639
-0.0061994
-0.006135
-0.0060706
-0.0060062
-0.005942
-0.0058777
-0.0058136
-0.0057495
-0.0056854
-0.0056215
-0.0055576
-0.0054937
-0.0054299
-0.0053662
-0.0053026
-0.005239
-0.0051755
-0.005112
-0.0050486
-0.0049853
-0.004922
-0.0048589
-0.0047957
-0.0047327
-0.0046697
-0.0046068
-0.004544
-0.0044812
-0.0044186
-0.0043559
-0.0042934
-0.0042309
-0.0041686
-0.0041062
-0.004044
-0.0039819
-0.0039198
-0.0038578
-0.0037959
-0.003734
-0.0036723
-0.0036106
-0.003549
-0.0034875
-0.003426
-0.0033647
-0.0033034
-0.0032422
-0.0031811
-0.0031201
-0.0030592
-0.0029984
-0.0029376
-0.002877
-0.0028164
-0.0027559
-0.0026955
-0.0026352
-0.002575
-0.0025149
-0.0024549
-0.002395
-0.0023352
-0.0022754
-0.0022158
-0.0021562
-0.0020968
-0.0020374
-0.0019782
-0.0019191
-0.00186
-0.0018011
-0.0017422
-0.0016835
-0.0016248
-0.0015663
-0.0015079
-0.0014495
-0.0013913
-0.0013332
-0.0012752
-0.0012173
-0.0011595
-0.0011018
-0.0010443
-0.00098681
-0.00092946
-0.00087223
-0.00081511
-0.0007581
-0.00070121
-0.00064443
-0.00058777
-0.00053123
-0.00047481
-0.0004185
-0.00036231
-0.00030625
-0.0002503
-0.00019448
-0.00013878
-8.3199e-05
-2.7745e-05
2.7583e-05
8.2787e-05
0.00013786
0.00019281
0.00024763
0.00030233
0.00035689
0.00041132
0.00046562
0.00051979
0.00057383
0.00062773
0.0006815
0.00073513
0.00078863
0.00084199
0.00089521
0.00094829
0.0010012
0.001054
0.0011067
0.0011592
0.0012116
0.0012638
0.0013159
0.0013679
0.0014197
0.0014713
0.0015228
0.0015742
0.0016254
0.0016764
0.0017273
0.0017781
0.0018287
0.0018791
0.0019294
0.0019795
0.0020295
0.0020793
0.002129
0.0021785
0.0022278
0.002277
0.002326
0.0023748
0.0024235
0.002472
0.0025204
0.0025686
0.0026166
0.0026644
0.0027121
0.0027596
0.002807
0.0028541
0.0029011
0.002948
0.0029946
0.0030411
0.0030874
0.0031335
0.0031794
0.0032252
0.0032707
0.0033161
0.0033613
0.0034064
0.0034512
0.0034959
0.0035403
0.0035846
0.0036287
0.0036726
0.0037163
0.0037598
0.0038032
0.0038463
0.0038892
0.003932
0.0039745
0.0040169
0.004059
0.004101
0.0041427
0.0041843
0.0042256
0.0042668
0.0043077
0.0043484
0.004389
0.0044293
0.0044694
0.0045093
0.004549
0.0045885
0.0046277
0.0046668
0.0047056
0.0047442
0.0047826
0.0048208
0.0048588
0.0048965
0.0049341
0.0049714
0.0050084
0.0050453
0.0050819
0.0051183
0.0051545
0.0051904
0.0052262
0.0052616
0.0052969
0.0053319
0.0053667
0.0054012
0.0054356
0.0054696
0.0055035
0.0055371
0.0055704
0.0056035
0.0056364
0.005669
0.0057014
0.0057335
0.0057654
0.0057971
0.0058285
0.0058596
0.0058905
0.0059211
0.0059515
0.0059816
0.0060115
0.0060411
0.0060705
0.0060995
0.0061284
0.0061569
0.0061853
0.0062133
0.0062411
0.0062686
0.0062958
0.0063228
0.0063495
0.0063759
0.0064021
0.0064279
0.0064536
0.0064789
0.0065039
0.0065287
0.0065532
0.0065774
0.0066014
0.006625
0.0066484
0.0066714
0.0066942
0.0067167
0.006739
0.0067609
0.0067825
0.0068038
0.0068249
0.0068456
0.0068661
0.0068862
0.0069061
0.0069256
0.0069449
0.0069639
0.0069825
0.0070008
0.0070189
0.0070366
0.007054
0.0070711
0.0070879
0.0071044
0.0071206
0.0071364
0.007152
0.0071672
0.0071821
0.0071967
0.0072109
0.0072249
0.0072385
0.0072517
0.0072647
0.0072773
0.0072896
0.0073016
0.0073133
0.0073246
0.0073355
0.0073462
0.0073565
0.0073664
0.007376
0.0073853
0.0073943
0.0074029
0.0074111
0.007419
0.0074266
0.0074338
0.0074406
0.0074471
0.0074533
0.0074591
0.0074645
0.0074696
0.0074743
0.0074787
0.0074827
0.0074864
0.0074897
0.0074926
0.0074951
0.0074973
0.0074991
0.0075006
0.0075016
0.0075023
0.0075027
0.0075026
0.0075022
0.0075014
0.0075002
0.0074986
0.0074967
0.0074943
0.0074916
0.0074885
0.007485
0.0074811
0.0074769
0.0074722
0.0074671
0.0074617
0.0074558
0.0074496
0.0074429
0.0074359
0.0074284
0.0074206
0.0074123
0.0074037
0.0073946
0.0073851
0.0073752
0.0073649
0.0073542
0.007343
0.0073315
0.0073195
0.0073071
0.0072943
0.0072811
0.0072674
0.0072533
0.0072388
0.0072239
0.0072085
0.0071927
0.0071765
0.0071598
0.0071428
0.0071252
0.0071072
0.0070888
0.00707
0.0070507
0.0070309
0.0070107
0.0069901
0.006969
0.0069475
0.0069255
0.0069031
0.0068802
0.0068568
0.006833
0.0068088
0.006784
0.0067588
0.0067332
0.0067071
0.0066805
0.0066534
0.0066259
0.0065979
0.0065694
0.0065405
0.0065111
0.0064812
0.0064508
0.0064199
0.0063886
0.0063568
0.0063245
0.0062917
0.0062584
0.0062246
0.0061904
0.0061556
0.0061203
0.0060846
0.0060483
0.0060116
0.0059743
0.0059366
0.0058983
0.0058596
0.0058203
0.0057805
0.0057402
0.0056994
0.0056581
0.0056163
0.005574
0.0055311
0.0054877
0.0054438
0.0053994
0.0053544
0.0053089
0.0052629
0.0052164
0.0051693
0.0051217
0.0050735
0.0050249
0.0049757
0.0049259
0.0048756
0.0048248
0.0047734
0.0047214
0.004669
0.0046159
0.0045623
0.0045082
0.0044535
0.0043983
0.0043425
0.0042861
0.0042292
0.0041717
0.0041136
0.004055
0.0039958
0.0039361
0.0038757
0.0038148
0.0037534
0.0036913
0.0036287
0.0035654
0.0035016
0.0034373
0.0033723
0.0033068
0.0032406
0.0031739
0.0031065
0.0030386
0.0029701
0.002901
0.0028313
0.002761
0.00269
0.0026186
0.0025464
0.0024737
0.0024003
0.0023264
0.0022518
0.0021767
0.0021008
0.0020245
0.0019473
0.0018698
0.0017913
0.0017126
0.0016328
0.0015529
0.0014718
0.0013907
0.0013083
0.001226
0.0011422
0.0010586
0.00097365
0.0008887
0.00080248
0.00071618
0.00062874
0.00054107
0.00045238
0.00036334
0.00027341
0.00018299
9.18e-05
