-0.020967
-0.026106
-0.028321
-0.029374
-0.029826
-0.029922
-0.029788
-0.029496
-0.029092
-0.028606
-0.028057
-0.027461
-0.026829
-0.026167
-0.025484
-0.024782
-0.024067
-0.023341
-0.022607
-0.021868
-0.021124
-0.020377
-0.019629
-0.018881
-0.018134
-0.017388
-0.016645
-0.015905
-0.015169
-0.014437
-0.013711
-0.01299
-0.012274
-0.011565
-0.010863
-0.010169
-0.0094816
-0.0088026
-0.008132
-0.0074703
-0.0068177
-0.0061748
-0.0055417
-0.0049188
-0.0043066
-0.0037054
-0.0031155
-0.0025373
-0.0019712
-0.0014174
-0.00087646
-0.00034863
0.00016568
0.00066611
0.0011523
0.0016238
0.0020802
0.0025213
0.0029465
0.0033554
0.0037477
0.0041229
0.0044806
0.0048203
0.0051417
0.0054442
0.0057274
0.0059909
0.0062341
0.0064567
0.006658
0.0068376
0.006995
0.0071297
0.0072412
0.0073288
0.0073921
0.0074305
0.0074435
0.0074304
0.0073907
0.0073237
0.007229
0.0071058
0.0069535
0.0067715
0.0065591
0.0063157
0.0060405
0.005733
0.0053923
0.0050178
0.0046087
0.0041643
0.0036839
0.0031667
0.0026118
0.0020185
0.001386
0.00071344
