-0.0002396
-0.00045635
-0.0006518
-0.0008274
-0.00098449
-0.0011243
-0.0012481
-0.0013568
-0.0014516
-0.0015333
-0.001603
-0.0016613
-0.001709
-0.001747
-0.0017757
-0.001796
-0.0018083
-0.0018133
-0.0018113
-0.0018029
-0.0017886
-0.0017687
-0.0017437
-0.0017139
-0.0016796
-0.0016411
-0.0015988
-0.001553
-0.0015038
-0.0014516
-0.0013965
-0.0013389
-0.0012788
-0.0012164
-0.0011521
-0.0010858
-0.0010179
-0.00094838
-0.00087745
-0.00080523
-0.00073187
-0.00065749
-0.0005822
-0.00050613
-0.00042939
-0.00035208
-0.00027431
-0.00019619
-0.00011781
-3.9287e-05
3.9287e-05
0.00011781
0.00019619
0.00027431
0.00035208
0.00042939
0.00050613
0.0005822
0.00065749
0.00073187
0.00080523
0.00087745
0.00094838
0.0010179
0.0010858
0.0011521
0.0012164
0.0012788
0.0013389
0.0013965
0.0014516
0.0015038
0.001553
0.0015988
0.0016411
0.0016796
0.0017139
0.0017437
0.0017687
0.0017886
0.0018029
0.0018113
0.0018133
0.0018083
0.001796
0.0017757
0.001747
0.001709
0.0016613
0.001603
0.0015333
0.0014516
0.0013568
0.0012481
0.0011243
0.00098449
0.0008274
0.0006518
0.00045635
0.0002396
