-0.0034528
-0.0041071
-0.0043418
-0.0044371
-0.0044709
-0.0044733
-0.0044578
-0.0044316
-0.0043984
-0.0043607
-0.0043199
-0.0042768
-0.0042322
-0.0041864
-0.0041398
-0.0040925
-0.0040447
-0.0039965
-0.0039481
-0.0038994
-0.0038505
-0.0038015
-0.0037523
-0.003703
-0.0036537
-0.0036043
-0.0035549
-0.0035054
-0.0034558
-0.0034063
-0.0033567
-0.0033071
-0.0032574
-0.0032078
-0.0031581
-0.0031085
-0.0030588
-0.0030091
-0.0029594
-0.0029097
-0.00286
-0.0028103
-0.0027606
-0.0027109
-0.0026612
-0.0026115
-0.0025618
-0.0025121
-0.0024624
-0.0024126
-0.0023629
-0.0023132
-0.0022635
-0.0022138
-0.0021641
-0.0021144
-0.0020647
-0.002015
-0.0019654
-0.0019157
-0.001866
-0.0018163
-0.0017667
-0.001717
-0.0016674
-0.0016177
-0.0015681
-0.0015185
-0.0014688
-0.0014192
-0.0013696
-0.0013201
-0.0012705
-0.0012209
-0.0011714
-0.0011219
-0.0010723
-0.0010228
-0.00097336
-0.00092391
-0.00087447
-0.00082506
-0.00077567
-0.0007263
-0.00067697
-0.00062766
-0.00057838
-0.00052914
-0.00047993
-0.00043076
-0.00038163
-0.00033254
-0.00028349
-0.00023449
-0.00018555
-0.00013665
-8.7816e-05
-3.9039e-05
9.6725e-06
5.8316e-05
0.00010689
0.00015538
0.0002038
0.00025213
0.00030036
0.0003485
0.00039654
0.00044447
0.00049229
0.00053998
0.00058754
0.00063497
0.00068226
0.00072939
0.00077637
0.00082317
0.00086979
0.00091623
0.00096246
0.0010085
0.0010543
0.0010998
0.0011452
0.0011902
0.001235
0.0012795
0.0013236
0.0013675
0.001411
0.0014541
0.0014969
0.0015392
0.0015811
0.0016226
0.0016636
0.0017041
0.0017441
0.0017836
0.0018224
0.0018607
0.0018983
0.0019352
0.0019714
0.0020069
0.0020416
0.0020754
0.0021084
0.0021405
0.0021716
0.0022017
0.0022307
0.0022586
0.0022854
0.0023109
0.0023351
0.002358
0.0023794
0.0023993
0.0024177
0.0024344
0.0024494
0.0024625
0.0024738
0.002483
0.0024901
0.0024951
0.0024977
0.0024979
0.0024955
0.0024905
0.0024827
0.002472
0.0024582
0.0024412
0.0024208
0.0023969
0.0023693
0.0023378
0.0023023
0.0022625
0.0022183
0.0021695
0.0021157
0.0020569
0.0019927
0.0019229
0.0018473
0.0017656
0.0016775
0.0015827
0.0014809
0.0013717
0.001255
0.0011302
0.00099703
0.00085513
0.0007041
0.00054351
0.00037293
0.00019192
