-0.00012507
-0.00024974
-0.00037402
-0.0004979
-0.00062138
-0.00074444
-0.00086711
-0.00098934
-0.0011112
-0.0012326
-0.0013536
-0.0014741
-0.0015943
-0.0017139
-0.0018332
-0.001952
-0.0020704
-0.0021883
-0.0023058
-0.0024228
-0.0025394
-0.0026554
-0.0027711
-0.0028862
-0.003001
-0.0031151
-0.0032289
-0.0033421
-0.003455
-0.0035672
-0.003679
-0.0037903
-0.0039011
-0.0040114
-0.0041212
-0.0042305
-0.0043393
-0.0044475
-0.0045553
-0.0046625
-0.0047692
-0.0048753
-0.004981
-0.0050861
-0.0051907
-0.0052946
-0.0053982
-0.005501
-0.0056035
-0.0057053
-0.0058066
-0.0059072
-0.0060074
-0.0061069
-0.006206
-0.0063044
-0.0064023
-0.0064995
-0.0065963
-0.0066923
-0.0067879
-0.0068828
-0.0069772
-0.0070709
-0.0071641
-0.0072566
-0.0073486
-0.0074398
-0.0075306
-0.0076206
-0.0077102
-0.0077989
-0.0078873
-0.0079748
-0.0080619
-0.0081481
-0.0082339
-0.0083189
-0.0084034
-0.0084871
-0.0085704
-0.0086527
-0.0087347
-0.0088158
-0.0088964
-0.0089762
-0.0090555
-0.0091339
-0.0092119
-0.009289
-0.0093657
-0.0094414
-0.0095167
-0.0095911
-0.0096651
-0.0097381
-0.0098107
-0.0098823
-0.0099535
-0.010024
-0.010094
-0.010162
-0.010231
-0.010298
-0.010365
-0.010431
-0.010497
-0.010562
-0.010626
-0.010689
-0.010752
-0.010813
-0.010875
-0.010935
-0.010995
-0.011054
-0.011112
-0.01117
-0.011227
-0.011282
-0.011338
-0.011392
-0.011446
-0.011499
-0.011552
-0.011603
-0.011654
-0.011704
-0.011754
-0.011802
-0.01185
-0.011897
-0.011944
-0.011989
-0.012034
-0.012078
-0.012122
-0.012164
-0.012206
-0.012247
-0.012288
-0.012327
-0.012366
-0.012404
-0.012441
-0.012477
-0.012513
-0.012548
-0.012582
-0.012615
-0.012648
-0.01268
-0.012711
-0.012741
-0.012771
-0.012799
-0.012827
-0.012854
-0.012881
-0.012906
-0.012931
-0.012955
-0.012978
-0.013001
-0.013023
-0.013043
-0.013064
-0.013083
-0.013101
-0.013119
-0.013136
-0.013152
-0.013168
-0.013182
-0.013196
-0.013209
-0.013221
-0.013233
-0.013244
-0.013253
-0.013263
-0.013271
-0.013278
-0.013285
-0.013291
-0.013296
-0.013301
-0.013304
-0.013307
-0.013309
-0.013311
-0.013311
-0.013311
-0.01331
-0.013308
-0.013305
-0.013302
-0.013298
-0.013293
-0.013287
-0.013281
-0.013273
-0.013266
-0.013257
-0.013247
-0.013237
-0.013226
-0.013214
-0.013201
-0.013188
-0.013174
-0.013159
-0.013143
-0.013127
-0.01311
-0.013091
-0.013073
-0.013053
-0.013033
-0.013012
-0.012991
-0.012968
-0.012945
-0.012921
-0.012897
-0.012871
-0.012845
-0.012818
-0.012791
-0.012762
-0.012733
-0.012703
-0.012673
-0.012641
-0.01261
-0.012577
-0.012544
-0.012509
-0.012475
-0.012439
-0.012403
-0.012366
-0.012328
-0.01229
-0.012251
-0.012211
-0.012171
-0.012129
-0.012088
-0.012045
-0.012002
-0.011958
-0.011914
-0.011868
-0.011822
-0.011776
-0.011729
-0.01168
-0.011632
-0.011583
-0.011533
-0.011482
-0.011431
-0.011379
-0.011327
-0.011274
-0.01122
-0.011166
-0.011111
-0.011055
-0.010999
-0.010942
-0.010885
-0.010826
-0.010768
-0.010708
-0.010649
-0.010588
-0.010527
-0.010465
-0.010403
-0.01034
-0.010277
-0.010213
-0.010148
-0.010083
-0.010018
-0.0099509
-0.0098844
-0.0098167
-0.0097491
-0.0096803
-0.0096115
-0.0095416
-0.0094718
-0.0094009
-0.00933
-0.009258
-0.0091861
-0.0091131
-0.0090402
-0.0089661
-0.0088922
-0.0088172
-0.0087422
-0.0086662
-0.0085903
-0.0085133
-0.0084365
-0.0083585
-0.0082807
-0.0082019
-0.0081232
-0.0080434
-0.0079638
-0.0078831
-0.0078026
-0.007721
-0.0076397
-0.0075573
-0.0074751
-0.0073918
-0.0073088
-0.0072247
-0.0071409
-0.007056
-0.0069714
-0.0068857
-0.0068003
-0.0067139
-0.0066277
-0.0065406
-0.0064537
-0.0063658
-0.0062782
-0.0061896
-0.0061013
-0.006012
-0.005923
-0.0058331
-0.0057435
-0.0056529
-0.0055626
-0.0054714
-0.0053805
-0.0052887
-0.0051973
-0.0051048
-0.0050128
-0.0049198
-0.0048273
-0.0047337
-0.0046406
-0.0045466
-0.004453
-0.0043584
-0.0042643
-0.0041693
-0.0040747
-0.0039792
-0.0038842
-0.0037883
-0.0036928
-0.0035965
-0.0035007
-0.0034039
-0.0033077
-0.0032106
-0.003114
-0.0030165
-0.0029196
-0.0028218
-0.0027245
-0.0026265
-0.0025289
-0.0024305
-0.0023327
-0.002234
-0.002136
-0.0020371
-0.0019387
-0.0018396
-0.0017411
-0.0016418
-0.0015431
-0.0014436
-0.0013447
-0.0012451
-0.0011461
-0.0010463
-0.00094715
-0.00084727
-0.00074802
-0.00064805
-0.00054872
-0.00044869
-0.00034931
-0.00024923
-0.00014981
-4.9713e-05
4.9713e-05
0.00014981
0.00024923
0.00034931
0.00044869
0.00054872
0.00064805
0.00074802
0.00084727
0.00094715
0.0010463
0.0011461
0.0012451
0.0013447
0.0014436
0.0015431
0.0016418
0.0017411
0.0018396
0.0019387
0.0020371
0.002136
0.002234
0.0023327
0.0024305
0.0025289
0.0026265
0.0027245
0.0028218
0.0029196
0.0030165
0.003114
0.0032106
0.0033077
0.0034039
0.0035007
0.0035965
0.0036928
0.0037883
0.0038842
0.0039792
0.0040747
0.0041693
0.0042643
0.0043584
0.004453
0.0045466
0.0046406
0.0047337
0.0048273
0.0049198
0.0050128
0.0051048
0.0051973
0.0052887
0.0053805
0.0054714
0.0055626
0.0056529
0.0057435
0.0058331
0.005923
0.006012
0.0061013
0.0061896
0.0062782
0.0063658
0.0064537
0.0065406
0.0066277
0.0067139
0.0068003
0.0068857
0.0069714
0.007056
0.0071409
0.0072247
0.0073088
0.0073918
0.0074751
0.0075573
0.0076397
0.007721
0.0078026
0.0078831
0.0079638
0.0080434
0.0081232
0.0082019
0.0082807
0.0083585
0.0084365
0.0085133
0.0085903
0.0086662
0.0087422
0.0088172
0.0088922
0.0089661
0.0090402
0.0091131
0.0091861
0.009258
0.00933
0.0094009
0.0094718
0.0095416
0.0096115
0.0096803
0.0097491
0.0098167
0.0098844
0.0099509
0.010018
0.010083
0.010148
0.010213
0.010277
0.01034
0.010403
0.010465
0.010527
0.010588
0.010649
0.010708
0.010768
0.010826
0.010885
0.010942
0.010999
0.011055
0.011111
0.011166
0.01122
0.011274
0.011327
0.011379
0.011431
0.011482
0.011533
0.011583
0.011632
0.01168
0.011729
0.011776
0.011822
0.011868
0.011914
0.011958
0.012002
0.012045
0.012088
0.012129
0.012171
0.012211
0.012251
0.01229
0.012328
0.012366
0.012403
0.012439
0.012475
0.012509
0.012544
0.012577
0.01261
0.012641
0.012673
0.012703
0.012733
0.012762
0.012791
0.012818
0.012845
0.012871
0.012897
0.012921
0.012945
0.012968
0.012991
0.013012
0.013033
0.013053
0.013073
0.013091
0.01311
0.013127
0.013143
0.013159
0.013174
0.013188
0.013201
0.013214
0.013226
0.013237
0.013247
0.013257
0.013266
0.013273
0.013281
0.013287
0.013293
0.013298
0.013302
0.013305
0.013308
0.01331
0.013311
0.013311
0.013311
0.013309
0.013307
0.013304
0.013301
0.013296
0.013291
0.013285
0.013278
0.013271
0.013263
0.013253
0.013244
0.013233
0.013221
0.013209
0.013196
0.013182
0.013168
0.013152
0.013136
0.013119
0.013101
0.013083
0.013064
0.013043
0.013023
0.013001
0.012978
0.012955
0.012931
0.012906
0.012881
0.012854
0.012827
0.012799
0.012771
0.012741
0.012711
0.01268
0.012648
0.012615
0.012582
0.012548
0.012513
0.012477
0.012441
0.012404
0.012366
0.012327
0.012288
0.012247
0.012206
0.012164
0.012122
0.012078
0.012034
0.011989
0.011944
0.011897
0.01185
0.011802
0.011754
0.011704
0.011654
0.011603
0.011552
0.011499
0.011446
0.011392
0.011338
0.011282
0.011227
0.01117
0.011112
0.011054
0.010995
0.010935
0.010875
0.010813
0.010752
0.010689
0.010626
0.010562
0.010497
0.010431
0.010365
0.010298
0.010231
0.010162
0.010094
0.010024
0.0099535
0.0098823
0.0098107
0.0097381
0.0096651
0.0095911
0.0095167
0.0094414
0.0093657
0.009289
0.0092119
0.0091339
0.0090555
0.0089762
0.0088964
0.0088158
0.0087347
0.0086527
0.0085704
0.0084871
0.0084034
0.0083189
0.0082339
0.0081481
0.0080619
0.0079748
0.0078873
0.0077989
0.0077102
0.0076206
0.0075306
0.0074398
0.0073486
0.0072566
0.0071641
0.0070709
0.0069772
0.0068828
0.0067879
0.0066923
0.0065963
0.0064995
0.0064023
0.0063044
0.006206
0.0061069
0.0060074
0.0059072
0.0058066
0.0057053
0.0056035
0.005501
0.0053982
0.0052946
0.0051907
0.0050861
0.004981
0.0048753
0.0047692
0.0046625
0.0045553
0.0044475
0.0043393
0.0042305
0.0041212
0.0040114
0.0039011
0.0037903
0.003679
0.0035672
0.003455
0.0033421
0.0032289
0.0031151
0.003001
0.0028862
0.0027711
0.0026554
0.0025394
0.0024228
0.0023058
0.0021883
0.0020704
0.001952
0.0018332
0.0017139
0.0015943
0.0014741
0.0013536
0.0012326
0.0011112
0.00098934
0.00086711
0.00074444
0.00062138
0.0004979
0.00037402
0.00024974
0.00012507
