-0.00010227
-0.000203
-0.00030219
-0.00039985
-0.00049599
-0.00059061
-0.00068373
-0.00077534
-0.00086547
-0.00095412
-0.0010413
-0.001127
-0.0012112
-0.001294
-0.0013754
-0.0014553
-0.0015338
-0.0016109
-0.0016865
-0.0017608
-0.0018337
-0.0019052
-0.0019753
-0.002044
-0.0021114
-0.0021774
-0.0022421
-0.0023054
-0.0023674
-0.0024281
-0.0024874
-0.0025455
-0.0026023
-0.0026577
-0.0027119
-0.0027648
-0.0028165
-0.0028669
-0.002916
-0.0029639
-0.0030106
-0.003056
-0.0031002
-0.0031432
-0.003185
-0.0032256
-0.003265
-0.0033032
-0.0033403
-0.0033762
-0.0034109
-0.0034445
-0.003477
-0.0035083
-0.0035385
-0.0035675
-0.0035955
-0.0036224
-0.0036481
-0.0036728
-0.0036964
-0.0037189
-0.0037404
-0.0037608
-0.0037802
-0.0037985
-0.0038158
-0.0038321
-0.0038474
-0.0038616
-0.0038749
-0.0038871
-0.0038984
-0.0039087
-0.0039181
-0.0039264
-0.0039338
-0.0039403
-0.0039458
-0.0039505
-0.0039541
-0.0039569
-0.0039588
-0.0039597
-0.0039598
-0.003959
-0.0039573
-0.0039547
-0.0039513
-0.0039471
-0.003942
-0.003936
-0.0039292
-0.0039216
-0.0039132
-0.003904
-0.003894
-0.0038832
-0.0038716
-0.0038592
-0.0038461
-0.0038322
-0.0038176
-0.0038022
-0.003786
-0.0037692
-0.0037516
-0.0037333
-0.0037143
-0.0036946
-0.0036743
-0.0036532
-0.0036315
-0.0036091
-0.003586
-0.0035623
-0.0035379
-0.0035129
-0.0034873
-0.003461
-0.0034342
-0.0034067
-0.0033786
-0.00335
-0.0033208
-0.0032909
-0.0032606
-0.0032296
-0.0031981
-0.0031661
-0.0031335
-0.0031004
-0.0030668
-0.0030327
-0.002998
-0.0029629
-0.0029272
-0.0028911
-0.0028545
-0.0028175
-0.0027799
-0.002742
-0.0027035
-0.0026647
-0.0026254
-0.0025857
-0.0025456
-0.002505
-0.0024641
-0.0024228
-0.0023811
-0.002339
-0.0022965
-0.0022537
-0.0022106
-0.0021671
-0.0021232
-0.002079
-0.0020345
-0.0019897
-0.0019446
-0.0018992
-0.0018534
-0.0018074
-0.0017611
-0.0017146
-0.0016678
-0.0016207
-0.0015734
-0.0015258
-0.0014781
-0.00143
-0.0013818
-0.0013334
-0.0012847
-0.0012359
-0.0011869
-0.0011377
-0.0010883
-0.0010388
-0.00098912
-0.00093928
-0.00088931
-0.0008392
-0.00078897
-0.00073862
-0.00068816
-0.0006376
-0.00058694
-0.00053619
-0.00048537
-0.00043447
-0.00038351
-0.00033249
-0.00028142
-0.00023031
-0.00017916
-0.00012799
-7.6804e-05
-2.5603e-05
2.5603e-05
7.6804e-05
0.00012799
0.00017916
0.00023031
0.00028142
0.00033249
0.00038351
0.00043447
0.00048537
0.00053619
0.00058694
0.0006376
0.00068816
0.00073862
0.00078897
0.0008392
0.00088931
0.00093928
0.00098912
0.0010388
0.0010883
0.0011377
0.0011869
0.0012359
0.0012847
0.0013334
0.0013818
0.00143
0.0014781
0.0015258
0.0015734
0.0016207
0.0016678
0.0017146
0.0017611
0.0018074
0.0018534
0.0018992
0.0019446
0.0019897
0.0020345
0.002079
0.0021232
0.0021671
0.0022106
0.0022537
0.0022965
0.002339
0.0023811
0.0024228
0.0024641
0.002505
0.0025456
0.0025857
0.0026254
0.0026647
0.0027035
0.002742
0.0027799
0.0028175
0.0028545
0.0028911
0.0029272
0.0029629
0.002998
0.0030327
0.0030668
0.0031004
0.0031335
0.0031661
0.0031981
0.0032296
0.0032606
0.0032909
0.0033208
0.00335
0.0033786
0.0034067
0.0034342
0.003461
0.0034873
0.0035129
0.0035379
0.0035623
0.003586
0.0036091
0.0036315
0.0036532
0.0036743
0.0036946
0.0037143
0.0037333
0.0037516
0.0037692
0.003786
0.0038022
0.0038176
0.0038322
0.0038461
0.0038592
0.0038716
0.0038832
0.003894
0.003904
0.0039132
0.0039216
0.0039292
0.003936
0.003942
0.0039471
0.0039513
0.0039547
0.0039573
0.003959
0.0039598
0.0039597
0.0039588
0.0039569
0.0039541
0.0039505
0.0039458
0.0039403
0.0039338
0.0039264
0.0039181
0.0039087
0.0038984
0.0038871
0.0038749
0.0038616
0.0038474
0.0038321
0.0038158
0.0037985
0.0037802
0.0037608
0.0037404
0.0037189
0.0036964
0.0036728
0.0036481
0.0036224
0.0035955
0.0035675
0.0035385
0.0035083
0.003477
0.0034445
0.0034109
0.0033762
0.0033403
0.0033032
0.003265
0.0032256
0.003185
0.0031432
0.0031002
0.003056
0.0030106
0.0029639
0.002916
0.0028669
0.0028165
0.0027648
0.0027119
0.0026577
0.0026023
0.0025455
0.0024874
0.0024281
0.0023674
0.0023054
0.0022421
0.0021774
0.0021114
0.002044
0.0019753
0.0019052
0.0018337
0.0017608
0.0016865
0.0016109
0.0015338
0.0014553
0.0013754
0.001294
0.0012112
0.001127
0.0010413
0.00095412
0.00086547
0.00077534
0.00068373
0.00059061
0.00049599
0.00039985
0.00030219
0.000203
0.00010227
