-0.00093162
-0.0018632
-0.0027947
-0.0037262
-0.0046576
-0.0055889
-0.0065202
-0.0074512
-0.0083823
-0.0093131
-0.010244
-0.011174
-0.012105
-0.013035
-0.013965
-0.014895
-0.015824
-0.016754
-0.017683
-0.018611
-0.01954
-0.020468
-0.021396
-0.022324
-0.023251
-0.024178
-0.025105
-0.026031
-0.026958
-0.027883
-0.028808
-0.029733
-0.030658
-0.031581
-0.032505
-0.033428
-0.034351
-0.035273
-0.036195
-0.037115
-0.038036
-0.038956
-0.039876
-0.040795
-0.041714
-0.042631
-0.043549
-0.044465
-0.045382
-0.046297
-0.047212
-0.048126
-0.04904
-0.049952
-0.050865
-0.051776
-0.052688
-0.053597
-0.054507
-0.055415
-0.056324
-0.057231
-0.058137
-0.059043
-0.059948
-0.060851
-0.061755
-0.062657
-0.063559
-0.064459
-0.06536
-0.066258
-0.067157
-0.068053
-0.06895
-0.069845
-0.07074
-0.071633
-0.072526
-0.073417
-0.074308
-0.075197
-0.076087
-0.076974
-0.077861
-0.078746
-0.079631
-0.080514
-0.081397
-0.082278
-0.083159
-0.084037
-0.084916
-0.085792
-0.086669
-0.087543
-0.088417
-0.089289
-0.090161
-0.09103
-0.0919
-0.092767
-0.093634
-0.094498
-0.095363
-0.096225
-0.097087
-0.097947
-0.098806
-0.099664
-0.10052
-0.10138
-0.10223
-0.10308
-0.10393
-0.10478
-0.10563
-0.10648
-0.10732
-0.10817
-0.10901
-0.10985
-0.11069
-0.11153
-0.11237
-0.1132
-0.11404
-0.11487
-0.1157
-0.11653
-0.11736
-0.11819
-0.11901
-0.11984
-0.12066
-0.12148
-0.1223
-0.12312
-0.12394
-0.12475
-0.12556
-0.12637
-0.12718
-0.12799
-0.1288
-0.1296
-0.13041
-0.13121
-0.13201
-0.13281
-0.13361
-0.1344
-0.13519
-0.13598
-0.13678
-0.13756
-0.13835
-0.13913
-0.13992
-0.1407
-0.14148
-0.14226
-0.14303
-0.14381
-0.14458
-0.14535
-0.14612
-0.14689
-0.14765
-0.14842
-0.14918
-0.14994
-0.1507
-0.15145
-0.15221
-0.15296
-0.15371
-0.15446
-0.15521
-0.15595
-0.1567
-0.15744
-0.15818
-0.15891
-0.15965
-0.16038
-0.16111
-0.16184
-0.16257
-0.1633
-0.16402
-0.16474
-0.16546
-0.16618
-0.1669
-0.16761
-0.16832
-0.16903
-0.16974
-0.17044
-0.17115
-0.17185
-0.17255
-0.17325
-0.17394
-0.17464
-0.17533
-0.17602
-0.17671
-0.17739
-0.17807
-0.17875
-0.17943
-0.18011
-0.18079
-0.18146
-0.18213
-0.1828
-0.18346
-0.18413
-0.18479
-0.18545
-0.18611
-0.18676
-0.18742
-0.18807
-0.18872
-0.18936
-0.19001
-0.19065
-0.19129
-0.19193
-0.19257
-0.1932
-0.19383
-0.19446
-0.19509
-0.19571
-0.19634
-0.19696
-0.19757
-0.19819
-0.1988
-0.19942
-0.20003
-0.20063
-0.20124
-0.20184
-0.20244
-0.20304
-0.20363
-0.20423
-0.20482
-0.20541
-0.206
-0.20658
-0.20716
-0.20774
-0.20832
-0.20889
-0.20947
-0.21004
-0.21061
-0.21117
-0.21174
-0.2123
-0.21286
-0.21341
-0.21397
-0.21452
-0.21507
-0.21562
-0.21616
-0.21671
-0.21725
-0.21779
-0.21832
-0.21886
-0.21939
-0.21992
-0.22044
-0.22097
-0.22149
-0.22201
-0.22253
-0.22304
-0.22355
-0.22406
-0.22457
-0.22508
-0.22558
-0.22608
-0.22658
-0.22708
-0.22757
-0.22806
-0.22855
-0.22904
-0.22952
-0.23
-0.23048
-0.23096
-0.23144
-0.23191
-0.23238
-0.23284
-0.23331
-0.23377
-0.23424
-0.23469
-0.23515
-0.2356
-0.23605
-0.2365
-0.23695
-0.23739
-0.23784
-0.23827
-0.23871
-0.23915
-0.23958
-0.24001
-0.24044
-0.24086
-0.24128
-0.2417
-0.24212
-0.24254
-0.24295
-0.24336
-0.24377
-0.24418
-0.24458
-0.24498
-0.24538
-0.24578
-0.24617
-0.24656
-0.24695
-0.24734
-0.24773
-0.24811
-0.24849
-0.24887
-0.24924
-0.24962
-0.24999
-0.25035
-0.25072
-0.25108
-0.25145
-0.25181
-0.25216
-0.25252
-0.25287
-0.25322
-0.25357
-0.25391
-0.25426
-0.25459
-0.25493
-0.25527
-0.2556
-0.25593
-0.25626
-0.25659
-0.25691
-0.25724
-0.25756
-0.25787
-0.25819
-0.2585
-0.25881
-0.25912
-0.25943
-0.25973
-0.26003
-0.26033
-0.26063
-0.26092
-0.26121
-0.2615
-0.26179
-0.26207
-0.26236
-0.26264
-0.26292
-0.26319
-0.26347
-0.26374
-0.26401
-0.26428
-0.26454
-0.2648
-0.26507
-0.26532
-0.26558
-0.26583
-0.26609
-0.26633
-0.26658
-0.26683
-0.26707
-0.26731
-0.26755
-0.26778
-0.26802
-0.26825
-0.26848
-0.26871
-0.26893
-0.26916
-0.26938
-0.26959
-0.26981
-0.27003
-0.27024
-0.27045
-0.27066
-0.27086
-0.27107
-0.27127
-0.27147
-0.27166
-0.27186
-0.27205
-0.27224
-0.27243
-0.27262
-0.2728
-0.27299
-0.27316
-0.27334
-0.27352
-0.27369
-0.27386
-0.27404
-0.2742
-0.27437
-0.27453
-0.27469
-0.27485
-0.27501
-0.27517
-0.27532
-0.27547
-0.27562
-0.27577
-0.27591
-0.27605
-0.2762
-0.27634
-0.27647
-0.27661
-0.27674
-0.27687
-0.277
-0.27713
-0.27725
-0.27738
-0.2775
-0.27762
-0.27774
-0.27785
-0.27796
-0.27808
-0.27819
-0.27829
-0.2784
-0.2785
-0.2786
-0.2787
-0.2788
-0.2789
-0.27899
-0.27908
-0.27918
-0.27926
-0.27935
-0.27943
-0.27952
-0.2796
-0.27968
-0.27976
-0.27983
-0.2799
-0.27998
-0.28005
-0.28012
-0.28018
-0.28025
-0.28031
-0.28037
-0.28043
-0.28049
-0.28054
-0.2806
-0.28065
-0.2807
-0.28074
-0.28079
-0.28084
-0.28088
-0.28092
-0.28096
-0.281
-0.28103
-0.28107
-0.2811
-0.28113
-0.28116
-0.28119
-0.28122
-0.28124
-0.28126
-0.28128
-0.2813
-0.28132
-0.28133
-0.28135
-0.28136
-0.28137
-0.28138
-0.28139
-0.28139
-0.2814
-0.2814
-0.2814
-0.2814
-0.2814
-0.2814
-0.28139
-0.28138
-0.28137
-0.28136
-0.28135
-0.28134
-0.28132
-0.28131
-0.28129
-0.28127
-0.28125
-0.28123
-0.2812
-0.28118
-0.28115
-0.28112
-0.28109
-0.28106
-0.28102
-0.28099
-0.28095
-0.28091
-0.28087
-0.28083
-0.28079
-0.28075
-0.2807
-0.28066
-0.28061
-0.28056
-0.28051
-0.28046
-0.2804
-0.28035
-0.28029
-0.28023
-0.28017
-0.28011
-0.28005
-0.27999
-0.27992
-0.27986
-0.27979
-0.27972
-0.27965
-0.27958
-0.2795
-0.27943
-0.27935
-0.27928
-0.2792
-0.27912
-0.27904
-0.27896
-0.27887
-0.27879
-0.2787
-0.27861
-0.27852
-0.27843
-0.27834
-0.27825
-0.27816
-0.27806
-0.27796
-0.27787
-0.27777
-0.27767
-0.27757
-0.27746
-0.27736
-0.27726
-0.27715
-0.27704
-0.27693
-0.27682
-0.27671
-0.2766
-0.27649
-0.27637
-0.27626
-0.27614
-0.27602
-0.2759
-0.27578
-0.27566
-0.27554
-0.27541
-0.27529
-0.27516
-0.27504
-0.27491
-0.27478
-0.27465
-0.27452
-0.27439
-0.27425
-0.27412
-0.27398
-0.27384
-0.27371
-0.27357
-0.27343
-0.27329
-0.27314
-0.273
-0.27286
-0.27271
-0.27257
-0.27242
-0.27227
-0.27212
-0.27197
-0.27182
-0.27167
-0.27151
-0.27136
-0.27121
-0.27105
-0.27089
-0.27073
-0.27057
-0.27041
-0.27025
-0.27009
-0.26993
-0.26977
-0.2696
-0.26943
-0.26927
-0.2691
-0.26893
-0.26876
-0.26859
-0.26842
-0.26825
-0.26808
-0.2679
-0.26773
-0.26755
-0.26738
-0.2672
-0.26702
-0.26684
-0.26666
-0.26648
-0.2663
-0.26612
-0.26594
-0.26575
-0.26557
-0.26538
-0.26519
-0.26501
-0.26482
-0.26463
-0.26444
-0.26425
-0.26406
-0.26387
-0.26367
-0.26348
-0.26329
-0.26309
-0.26289
-0.2627
-0.2625
-0.2623
-0.2621
-0.2619
-0.2617
-0.2615
-0.2613
-0.2611
-0.26089
-0.26069
-0.26049
-0.26028
-0.26007
-0.25987
-0.25966
-0.25945
-0.25924
-0.25903
-0.25882
-0.25861
-0.2584
-0.25819
-0.25797
-0.25776
-0.25755
-0.25733
-0.25712
-0.2569
-0.25668
-0.25646
-0.25625
-0.25603
-0.25581
-0.25559
-0.25537
-0.25515
-0.25492
-0.2547
-0.25448
-0.25425
-0.25403
-0.2538
-0.25358
-0.25335
-0.25313
-0.2529
-0.25267
-0.25244
-0.25221
-0.25198
-0.25175
-0.25152
-0.25129
-0.25106
-0.25083
-0.25059
-0.25036
-0.25013
-0.24989
-0.24966
-0.24942
-0.24918
-0.24895
-0.24871
-0.24847
-0.24823
-0.24799
-0.24776
-0.24752
-0.24728
-0.24703
-0.24679
-0.24655
-0.24631
-0.24607
-0.24582
-0.24558
-0.24533
-0.24509
-0.24484
-0.2446
-0.24435
-0.24411
-0.24386
-0.24361
-0.24336
-0.24312
-0.24287
-0.24262
-0.24237
-0.24212
-0.24187
-0.24162
-0.24136
-0.24111
-0.24086
-0.24061
-0.24035
-0.2401
-0.23985
-0.23959
-0.23934
-0.23908
-0.23883
-0.23857
-0.23831
-0.23806
-0.2378
-0.23754
-0.23728
-0.23703
-0.23677
-0.23651
-0.23625
-0.23599
-0.23573
-0.23547
-0.23521
-0.23495
-0.23468
-0.23442
-0.23416
-0.2339
-0.23363
-0.23337
-0.23311
-0.23284
-0.23258
-0.23231
-0.23205
-0.23178
-0.23152
-0.23125
-0.23098
-0.23072
-0.23045
-0.23018
-0.22992
-0.22965
-0.22938
-0.22911
-0.22884
-0.22857
-0.2283
-0.22803
-0.22776
-0.22749
-0.22722
-0.22695
-0.22668
-0.22641
-0.22613
-0.22586
-0.22559
-0.22532
-0.22504
-0.22477
-0.2245
-0.22422
-0.22395
-0.22367
-0.2234
-0.22312
-0.22285
-0.22257
-0.2223
-0.22202
-0.22175
-0.22147
-0.22119
-0.22092
-0.22064
-0.22036
-0.22008
-0.2198
-0.21953
-0.21925
-0.21897
-0.21869
-0.21841
-0.21813
-0.21785
-0.21757
-0.21729
-0.21701
-0.21673
-0.21645
-0.21617
-0.21589
-0.21561
-0.21533
-0.21504
-0.21476
-0.21448
-0.2142
-0.21391
-0.21363
-0.21335
-0.21306
-0.21278
-0.2125
-0.21221
-0.21193
-0.21165
-0.21136
-0.21108
-0.21079
-0.21051
-0.21022
-0.20994
-0.20965
-0.20936
-0.20908
-0.20879
-0.20851
-0.20822
-0.20793
-0.20765
-0.20736
-0.20707
-0.20678
-0.2065
-0.20621
-0.20592
-0.20563
-0.20535
-0.20506
-0.20477
-0.20448
-0.20419
-0.2039
-0.20361
-0.20332
-0.20304
-0.20275
-0.20246
-0.20217
-0.20188
-0.20159
-0.2013
-0.20101
-0.20071
-0.20042
-0.20013
-0.19984
-0.19955
-0.19926
-0.19897
-0.19868
-0.19839
-0.19809
-0.1978
-0.19751
-0.19722
-0.19692
-0.19663
-0.19634
-0.19605
-0.19575
-0.19546
-0.19517
-0.19488
-0.19458
-0.19429
-0.194
-0.1937
-0.19341
-0.19311
-0.19282
-0.19253
-0.19223
-0.19194
-0.19164
-0.19135
-0.19105
-0.19076
-0.19046
-0.19017
-0.18987
-0.18958
-0.18928
-0.18899
-0.18869
-0.1884
-0.1881
-0.18781
-0.18751
-0.18721
-0.18692
-0.18662
-0.18633
-0.18603
-0.18573
-0.18544
-0.18514
-0.18484
-0.18455
-0.18425
-0.18395
-0.18366
-0.18336
-0.18306
-0.18276
-0.18247
-0.18217
-0.18187
-0.18157
-0.18128
-0.18098
-0.18068
-0.18038
-0.18008
-0.17979
-0.17949
-0.17919
-0.17889
-0.17859
-0.1783
-0.178
-0.1777
-0.1774
-0.1771
-0.1768
-0.1765
-0.1762
-0.1759
-0.17561
-0.17531
-0.17501
-0.17471
-0.17441
-0.17411
-0.17381
-0.17351
-0.17321
-0.17291
-0.17261
-0.17231
-0.17201
-0.17171
-0.17141
-0.17111
-0.17081
-0.17051
-0.17021
-0.16991
-0.16961
-0.16931
-0.16901
-0.16871
-0.16841
-0.16811
-0.16781
-0.16751
-0.16721
-0.16691
-0.1666
-0.1663
-0.166
-0.1657
-0.1654
-0.1651
-0.1648
-0.1645
-0.1642
-0.1639
-0.16359
-0.16329
-0.16299
-0.16269
-0.16239
-0.16209
-0.16179
-0.16148
-0.16118
-0.16088
-0.16058
-0.16028
-0.15997
-0.15967
-0.15937
-0.15907
-0.15877
-0.15846
-0.15816
-0.15786
-0.15756
-0.15726
-0.15695
-0.15665
-0.15635
-0.15605
-0.15574
-0.15544
-0.15514
-0.15484
-0.15454
-0.15423
-0.15393
-0.15363
-0.15332
-0.15302
-0.15272
-0.15242
-0.15211
-0.15181
-0.15151
-0.15121
-0.1509
-0.1506
-0.1503
-0.14999
-0.14969
-0.14939
-0.14908
-0.14878
-0.14848
-0.14818
-0.14787
-0.14757
-0.14727
-0.14696
-0.14666
-0.14636
-0.14605
-0.14575
-0.14545
-0.14514
-0.14484
-0.14454
-0.14423
-0.14393
-0.14362
-0.14332
-0.14302
-0.14271
-0.14241
-0.14211
-0.1418
-0.1415
-0.1412
-0.14089
-0.14059
-0.14028
-0.13998
-0.13968
-0.13937
-0.13907
-0.13877
-0.13846
-0.13816
-0.13785
-0.13755
-0.13725
-0.13694
-0.13664
-0.13633
-0.13603
-0.13573
-0.13542
-0.13512
-0.13481
-0.13451
-0.1342
-0.1339
-0.1336
-0.13329
-0.13299
-0.13268
-0.13238
-0.13208
-0.13177
-0.13147
-0.13116
-0.13086
-0.13055
-0.13025
-0.12994
-0.12964
-0.12934
-0.12903
-0.12873
-0.12842
-0.12812
-0.12781
-0.12751
-0.1272
-0.1269
-0.1266
-0.12629
-0.12599
-0.12568
-0.12538
-0.12507
-0.12477
-0.12446
-0.12416
-0.12385
-0.12355
-0.12324
-0.12294
-0.12264
-0.12233
-0.12203
-0.12172
-0.12142
-0.12111
-0.12081
-0.1205
-0.1202
-0.11989
-0.11959
-0.11928
-0.11898
-0.11867
-0.11837
-0.11806
-0.11776
-0.11745
-0.11715
-0.11684
-0.11654
-0.11623
-0.11593
-0.11562
-0.11532
-0.11501
-0.11471
-0.11441
-0.1141
-0.1138
-0.11349
-0.11319
-0.11288
-0.11258
-0.11227
-0.11197
-0.11166
-0.11136
-0.11105
-0.11075
-0.11044
-0.11013
-0.10983
-0.10952
-0.10922
-0.10891
-0.10861
-0.1083
-0.108
-0.10769
-0.10739
-0.10708
-0.10678
-0.10647
-0.10617
-0.10586
-0.10556
-0.10525
-0.10495
-0.10464
-0.10434
-0.10403
-0.10373
-0.10342
-0.10312
-0.10281
-0.10251
-0.1022
-0.1019
-0.10159
-0.10129
-0.10098
-0.10068
-0.10037
-0.10006
-0.099759
-0.099454
-0.099149
-0.098844
-0.098538
-0.098233
-0.097928
-0.097622
-0.097317
-0.097012
-0.096707
-0.096401
-0.096096
-0.095791
-0.095485
-0.09518
-0.094875
-0.094569
-0.094264
-0.093959
-0.093653
-0.093348
-0.093043
-0.092737
-0.092432
-0.092127
-0.091821
-0.091516
-0.09121
-0.090905
-0.0906
-0.090294
-0.089989
-0.089684
-0.089378
-0.089073
-0.088767
-0.088462
-0.088157
-0.087851
-0.087546
-0.08724
-0.086935
-0.08663
-0.086324
-0.086019
-0.085713
-0.085408
-0.085102
-0.084797
-0.084492
-0.084186
-0.083881
-0.083575
-0.08327
-0.082964
-0.082659
-0.082354
-0.082048
-0.081743
-0.081437
-0.081132
-0.080826
-0.080521
-0.080215
-0.07991
-0.079604
-0.079299
-0.078993
-0.078688
-0.078382
-0.078077
-0.077772
-0.077466
-0.077161
-0.076855
-0.07655
-0.076244
-0.075939
-0.075633
-0.075328
-0.075022
-0.074717
-0.074411
-0.074106
-0.0738
-0.073495
-0.073189
-0.072884
-0.072578
-0.072273
-0.071967
-0.071662
-0.071356
-0.07105
-0.070745
-0.070439
-0.070134
-0.069828
-0.069523
-0.069217
-0.068912
-0.068606
-0.068301
-0.067995
-0.06769
-0.067384
-0.067079
-0.066773
-0.066468
-0.066162
-0.065856
-0.065551
-0.065245
-0.06494
-0.064634
-0.064329
-0.064023
-0.063718
-0.063412
-0.063107
-0.062801
-0.062495
-0.06219
-0.061884
-0.061579
-0.061273
-0.060968
-0.060662
-0.060357
-0.060051
-0.059745
-0.05944
-0.059134
-0.058829
-0.058523
-0.058218
-0.057912
-0.057606
-0.057301
-0.056995
-0.05669
-0.056384
-0.056079
-0.055773
-0.055467
-0.055162
-0.054856
-0.054551
-0.054245
-0.05394
-0.053634
-0.053328
-0.053023
-0.052717
-0.052412
-0.052106
-0.051801
-0.051495
-0.051189
-0.050884
-0.050578
-0.050273
-0.049967
-0.049661
-0.049356
-0.04905
-0.048745
-0.048439
-0.048134
-0.047828
-0.047522
-0.047217
-0.046911
-0.046606
-0.0463
-0.045994
-0.045689
-0.045383
-0.045078
-0.044772
-0.044466
-0.044161
-0.043855
-0.04355
-0.043244
-0.042938
-0.042633
-0.042327
-0.042022
-0.041716
-0.04141
-0.041105
-0.040799
-0.040494
-0.040188
-0.039883
-0.039577
-0.039271
-0.038966
-0.03866
-0.038354
-0.038049
-0.037743
-0.037438
-0.037132
-0.036826
-0.036521
-0.036215
-0.03591
-0.035604
-0.035298
-0.034993
-0.034687
-0.034382
-0.034076
-0.03377
-0.033465
-0.033159
-0.032854
-0.032548
-0.032242
-0.031937
-0.031631
-0.031326
-0.03102
-0.030714
-0.030409
-0.030103
-0.029798
-0.029492
-0.029186
-0.028881
-0.028575
-0.028269
-0.027964
-0.027658
-0.027353
-0.027047
-0.026741
-0.026436
-0.02613
-0.025825
-0.025519
-0.025213
-0.024908
-0.024602
-0.024297
-0.023991
-0.023685
-0.02338
-0.023074
-0.022768
-0.022463
-0.022157
-0.021852
-0.021546
-0.02124
-0.020935
-0.020629
-0.020324
-0.020018
-0.019712
-0.019407
-0.019101
-0.018795
-0.01849
-0.018184
-0.017879
-0.017573
-0.017267
-0.016962
-0.016656
-0.016351
-0.016045
-0.015739
-0.015434
-0.015128
-0.014822
-0.014517
-0.014211
-0.013906
-0.0136
-0.013294
-0.012989
-0.012683
-0.012378
-0.012072
-0.011766
-0.011461
-0.011155
-0.010849
-0.010544
-0.010238
-0.0099326
-0.009627
-0.0093214
-0.0090157
-0.0087101
-0.0084045
-0.0080989
-0.0077933
-0.0074877
-0.007182
-0.0068764
-0.0065708
-0.0062652
-0.0059596
-0.0056539
-0.0053483
-0.0050427
-0.0047371
-0.0044315
-0.0041259
-0.0038202
-0.0035146
-0.003209
-0.0029034
-0.0025978
-0.0022921
-0.0019865
-0.0016809
-0.0013753
-0.0010697
-0.00076405
-0.00045843
-0.00015281
0.00015281
0.00045843
0.00076405
0.0010697
0.0013753
0.0016809
0.0019865
0.0022921
0.0025978
0.0029034
0.003209
0.0035146
0.0038202
0.0041259
0.0044315
0.0047371
0.0050427
0.0053483
0.0056539
0.0059596
0.0062652
0.0065708
0.0068764
0.007182
0.0074877
0.0077933
0.0080989
0.0084045
0.0087101
0.0090157
0.0093214
0.009627
0.0099326
0.010238
0.010544
0.010849
0.011155
0.011461
0.011766
0.012072
0.012378
0.012683
0.012989
0.013294
0.0136
0.013906
0.014211
0.014517
0.014822
0.015128
0.015434
0.015739
0.016045
0.016351
0.016656
0.016962
0.017267
0.017573
0.017879
0.018184
0.01849
0.018795
0.019101
0.019407
0.019712
0.020018
0.020324
0.020629
0.020935
0.02124
0.021546
0.021852
0.022157
0.022463
0.022768
0.023074
0.02338
0.023685
0.023991
0.024297
0.024602
0.024908
0.025213
0.025519
0.025825
0.02613
0.026436
0.026741
0.027047
0.027353
0.027658
0.027964
0.028269
0.028575
0.028881
0.029186
0.029492
0.029798
0.030103
0.030409
0.030714
0.03102
0.031326
0.031631
0.031937
0.032242
0.032548
0.032854
0.033159
0.033465
0.03377
0.034076
0.034382
0.034687
0.034993
0.035298
0.035604
0.03591
0.036215
0.036521
0.036826
0.037132
0.037438
0.037743
0.038049
0.038354
0.03866
0.038966
0.039271
0.039577
0.039883
0.040188
0.040494
0.040799
0.041105
0.04141
0.041716
0.042022
0.042327
0.042633
0.042938
0.043244
0.04355
0.043855
0.044161
0.044466
0.044772
0.045078
0.045383
0.045689
0.045994
0.0463
0.046606
0.046911
0.047217
0.047522
0.047828
0.048134
0.048439
0.048745
0.04905
0.049356
0.049661
0.049967
0.050273
0.050578
0.050884
0.051189
0.051495
0.051801
0.052106
0.052412
0.052717
0.053023
0.053328
0.053634
0.05394
0.054245
0.054551
0.054856
0.055162
0.055467
0.055773
0.056079
0.056384
0.05669
0.056995
0.057301
0.057606
0.057912
0.058218
0.058523
0.058829
0.059134
0.05944
0.059745
0.060051
0.060357
0.060662
0.060968
0.061273
0.061579
0.061884
0.06219
0.062495
0.062801
0.063107
0.063412
0.063718
0.064023
0.064329
0.064634
0.06494
0.065245
0.065551
0.065856
0.066162
0.066468
0.066773
0.067079
0.067384
0.06769
0.067995
0.068301
0.068606
0.068912
0.069217
0.069523
0.069828
0.070134
0.070439
0.070745
0.07105
0.071356
0.071662
0.071967
0.072273
0.072578
0.072884
0.073189
0.073495
0.0738
0.074106
0.074411
0.074717
0.075022
0.075328
0.075633
0.075939
0.076244
0.07655
0.076855
0.077161
0.077466
0.077772
0.078077
0.078382
0.078688
0.078993
0.079299
0.079604
0.07991
0.080215
0.080521
0.080826
0.081132
0.081437
0.081743
0.082048
0.082354
0.082659
0.082964
0.08327
0.083575
0.083881
0.084186
0.084492
0.084797
0.085102
0.085408
0.085713
0.086019
0.086324
0.08663
0.086935
0.08724
0.087546
0.087851
0.088157
0.088462
0.088767
0.089073
0.089378
0.089684
0.089989
0.090294
0.0906
0.090905
0.09121
0.091516
0.091821
0.092127
0.092432
0.092737
0.093043
0.093348
0.093653
0.093959
0.094264
0.094569
0.094875
0.09518
0.095485
0.095791
0.096096
0.096401
0.096707
0.097012
0.097317
0.097622
0.097928
0.098233
0.098538
0.098844
0.099149
0.099454
0.099759
0.10006
0.10037
0.10068
0.10098
0.10129
0.10159
0.1019
0.1022
0.10251
0.10281
0.10312
0.10342
0.10373
0.10403
0.10434
0.10464
0.10495
0.10525
0.10556
0.10586
0.10617
0.10647
0.10678
0.10708
0.10739
0.10769
0.108
0.1083
0.10861
0.10891
0.10922
0.10952
0.10983
0.11013
0.11044
0.11075
0.11105
0.11136
0.11166
0.11197
0.11227
0.11258
0.11288
0.11319
0.11349
0.1138
0.1141
0.11441
0.11471
0.11501
0.11532
0.11562
0.11593
0.11623
0.11654
0.11684
0.11715
0.11745
0.11776
0.11806
0.11837
0.11867
0.11898
0.11928
0.11959
0.11989
0.1202
0.1205
0.12081
0.12111
0.12142
0.12172
0.12203
0.12233
0.12264
0.12294
0.12324
0.12355
0.12385
0.12416
0.12446
0.12477
0.12507
0.12538
0.12568
0.12599
0.12629
0.1266
0.1269
0.1272
0.12751
0.12781
0.12812
0.12842
0.12873
0.12903
0.12934
0.12964
0.12994
0.13025
0.13055
0.13086
0.13116
0.13147
0.13177
0.13208
0.13238
0.13268
0.13299
0.13329
0.1336
0.1339
0.1342
0.13451
0.13481
0.13512
0.13542
0.13573
0.13603
0.13633
0.13664
0.13694
0.13725
0.13755
0.13785
0.13816
0.13846
0.13877
0.13907
0.13937
0.13968
0.13998
0.14028
0.14059
0.14089
0.1412
0.1415
0.1418
0.14211
0.14241
0.14271
0.14302
0.14332
0.14362
0.14393
0.14423
0.14454
0.14484
0.14514
0.14545
0.14575
0.14605
0.14636
0.14666
0.14696
0.14727
0.14757
0.14787
0.14818
0.14848
0.14878
0.14908
0.14939
0.14969
0.14999
0.1503
0.1506
0.1509
0.15121
0.15151
0.15181
0.15211
0.15242
0.15272
0.15302
0.15332
0.15363
0.15393
0.15423
0.15454
0.15484
0.15514
0.15544
0.15574
0.15605
0.15635
0.15665
0.15695
0.15726
0.15756
0.15786
0.15816
0.15846
0.15877
0.15907
0.15937
0.15967
0.15997
0.16028
0.16058
0.16088
0.16118
0.16148
0.16179
0.16209
0.16239
0.16269
0.16299
0.16329
0.16359
0.1639
0.1642
0.1645
0.1648
0.1651
0.1654
0.1657
0.166
0.1663
0.1666
0.16691
0.16721
0.16751
0.16781
0.16811
0.16841
0.16871
0.16901
0.16931
0.16961
0.16991
0.17021
0.17051
0.17081
0.17111
0.17141
0.17171
0.17201
0.17231
0.17261
0.17291
0.17321
0.17351
0.17381
0.17411
0.17441
0.17471
0.17501
0.17531
0.17561
0.1759
0.1762
0.1765
0.1768
0.1771
0.1774
0.1777
0.178
0.1783
0.17859
0.17889
0.17919
0.17949
0.17979
0.18008
0.18038
0.18068
0.18098
0.18128
0.18157
0.18187
0.18217
0.18247
0.18276
0.18306
0.18336
0.18366
0.18395
0.18425
0.18455
0.18484
0.18514
0.18544
0.18573
0.18603
0.18633
0.18662
0.18692
0.18721
0.18751
0.18781
0.1881
0.1884
0.18869
0.18899
0.18928
0.18958
0.18987
0.19017
0.19046
0.19076
0.19105
0.19135
0.19164
0.19194
0.19223
0.19253
0.19282
0.19311
0.19341
0.1937
0.194
0.19429
0.19458
0.19488
0.19517
0.19546
0.19575
0.19605
0.19634
0.19663
0.19692
0.19722
0.19751
0.1978
0.19809
0.19839
0.19868
0.19897
0.19926
0.19955
0.19984
0.20013
0.20042
0.20071
0.20101
0.2013
0.20159
0.20188
0.20217
0.20246
0.20275
0.20304
0.20332
0.20361
0.2039
0.20419
0.20448
0.20477
0.20506
0.20535
0.20563
0.20592
0.20621
0.2065
0.20678
0.20707
0.20736
0.20765
0.20793
0.20822
0.20851
0.20879
0.20908
0.20936
0.20965
0.20994
0.21022
0.21051
0.21079
0.21108
0.21136
0.21165
0.21193
0.21221
0.2125
0.21278
0.21306
0.21335
0.21363
0.21391
0.2142
0.21448
0.21476
0.21504
0.21533
0.21561
0.21589
0.21617
0.21645
0.21673
0.21701
0.21729
0.21757
0.21785
0.21813
0.21841
0.21869
0.21897
0.21925
0.21953
0.2198
0.22008
0.22036
0.22064
0.22092
0.22119
0.22147
0.22175
0.22202
0.2223
0.22257
0.22285
0.22312
0.2234
0.22367
0.22395
0.22422
0.2245
0.22477
0.22504
0.22532
0.22559
0.22586
0.22613
0.22641
0.22668
0.22695
0.22722
0.22749
0.22776
0.22803
0.2283
0.22857
0.22884
0.22911
0.22938
0.22965
0.22992
0.23018
0.23045
0.23072
0.23098
0.23125
0.23152
0.23178
0.23205
0.23231
0.23258
0.23284
0.23311
0.23337
0.23363
0.2339
0.23416
0.23442
0.23468
0.23495
0.23521
0.23547
0.23573
0.23599
0.23625
0.23651
0.23677
0.23703
0.23728
0.23754
0.2378
0.23806
0.23831
0.23857
0.23883
0.23908
0.23934
0.23959
0.23985
0.2401
0.24035
0.24061
0.24086
0.24111
0.24136
0.24162
0.24187
0.24212
0.24237
0.24262
0.24287
0.24312
0.24336
0.24361
0.24386
0.24411
0.24435
0.2446
0.24484
0.24509
0.24533
0.24558
0.24582
0.24607
0.24631
0.24655
0.24679
0.24703
0.24728
0.24752
0.24776
0.24799
0.24823
0.24847
0.24871
0.24895
0.24918
0.24942
0.24966
0.24989
0.25013
0.25036
0.25059
0.25083
0.25106
0.25129
0.25152
0.25175
0.25198
0.25221
0.25244
0.25267
0.2529
0.25313
0.25335
0.25358
0.2538
0.25403
0.25425
0.25448
0.2547
0.25492
0.25515
0.25537
0.25559
0.25581
0.25603
0.25625
0.25646
0.25668
0.2569
0.25712
0.25733
0.25755
0.25776
0.25797
0.25819
0.2584
0.25861
0.25882
0.25903
0.25924
0.25945
0.25966
0.25987
0.26007
0.26028
0.26049
0.26069
0.26089
0.2611
0.2613
0.2615
0.2617
0.2619
0.2621
0.2623
0.2625
0.2627
0.26289
0.26309
0.26329
0.26348
0.26367
0.26387
0.26406
0.26425
0.26444
0.26463
0.26482
0.26501
0.26519
0.26538
0.26557
0.26575
0.26594
0.26612
0.2663
0.26648
0.26666
0.26684
0.26702
0.2672
0.26738
0.26755
0.26773
0.2679
0.26808
0.26825
0.26842
0.26859
0.26876
0.26893
0.2691
0.26927
0.26943
0.2696
0.26977
0.26993
0.27009
0.27025
0.27041
0.27057
0.27073
0.27089
0.27105
0.27121
0.27136
0.27151
0.27167
0.27182
0.27197
0.27212
0.27227
0.27242
0.27257
0.27271
0.27286
0.273
0.27314
0.27329
0.27343
0.27357
0.27371
0.27384
0.27398
0.27412
0.27425
0.27439
0.27452
0.27465
0.27478
0.27491
0.27504
0.27516
0.27529
0.27541
0.27554
0.27566
0.27578
0.2759
0.27602
0.27614
0.27626
0.27637
0.27649
0.2766
0.27671
0.27682
0.27693
0.27704
0.27715
0.27726
0.27736
0.27746
0.27757
0.27767
0.27777
0.27787
0.27796
0.27806
0.27816
0.27825
0.27834
0.27843
0.27852
0.27861
0.2787
0.27879
0.27887
0.27896
0.27904
0.27912
0.2792
0.27928
0.27935
0.27943
0.2795
0.27958
0.27965
0.27972
0.27979
0.27986
0.27992
0.27999
0.28005
0.28011
0.28017
0.28023
0.28029
0.28035
0.2804
0.28046
0.28051
0.28056
0.28061
0.28066
0.2807
0.28075
0.28079
0.28083
0.28087
0.28091
0.28095
0.28099
0.28102
0.28106
0.28109
0.28112
0.28115
0.28118
0.2812
0.28123
0.28125
0.28127
0.28129
0.28131
0.28132
0.28134
0.28135
0.28136
0.28137
0.28138
0.28139
0.2814
0.2814
0.2814
0.2814
0.2814
0.2814
0.28139
0.28139
0.28138
0.28137
0.28136
0.28135
0.28133
0.28132
0.2813
0.28128
0.28126
0.28124
0.28122
0.28119
0.28116
0.28113
0.2811
0.28107
0.28103
0.281
0.28096
0.28092
0.28088
0.28084
0.28079
0.28074
0.2807
0.28065
0.2806
0.28054
0.28049
0.28043
0.28037
0.28031
0.28025
0.28018
0.28012
0.28005
0.27998
0.2799
0.27983
0.27976
0.27968
0.2796
0.27952
0.27943
0.27935
0.27926
0.27918
0.27908
0.27899
0.2789
0.2788
0.2787
0.2786
0.2785
0.2784
0.27829
0.27819
0.27808
0.27796
0.27785
0.27774
0.27762
0.2775
0.27738
0.27725
0.27713
0.277
0.27687
0.27674
0.27661
0.27647
0.27634
0.2762
0.27605
0.27591
0.27577
0.27562
0.27547
0.27532
0.27517
0.27501
0.27485
0.27469
0.27453
0.27437
0.2742
0.27404
0.27386
0.27369
0.27352
0.27334
0.27316
0.27299
0.2728
0.27262
0.27243
0.27224
0.27205
0.27186
0.27166
0.27147
0.27127
0.27107
0.27086
0.27066
0.27045
0.27024
0.27003
0.26981
0.26959
0.26938
0.26916
0.26893
0.26871
0.26848
0.26825
0.26802
0.26778
0.26755
0.26731
0.26707
0.26683
0.26658
0.26633
0.26609
0.26583
0.26558
0.26532
0.26507
0.2648
0.26454
0.26428
0.26401
0.26374
0.26347
0.26319
0.26292
0.26264
0.26236
0.26207
0.26179
0.2615
0.26121
0.26092
0.26063
0.26033
0.26003
0.25973
0.25943
0.25912
0.25881
0.2585
0.25819
0.25787
0.25756
0.25724
0.25691
0.25659
0.25626
0.25593
0.2556
0.25527
0.25493
0.25459
0.25426
0.25391
0.25357
0.25322
0.25287
0.25252
0.25216
0.25181
0.25145
0.25108
0.25072
0.25035
0.24999
0.24962
0.24924
0.24887
0.24849
0.24811
0.24773
0.24734
0.24695
0.24656
0.24617
0.24578
0.24538
0.24498
0.24458
0.24418
0.24377
0.24336
0.24295
0.24254
0.24212
0.2417
0.24128
0.24086
0.24044
0.24001
0.23958
0.23915
0.23871
0.23827
0.23784
0.23739
0.23695
0.2365
0.23605
0.2356
0.23515
0.23469
0.23424
0.23377
0.23331
0.23284
0.23238
0.23191
0.23144
0.23096
0.23048
0.23
0.22952
0.22904
0.22855
0.22806
0.22757
0.22708
0.22658
0.22608
0.22558
0.22508
0.22457
0.22406
0.22355
0.22304
0.22253
0.22201
0.22149
0.22097
0.22044
0.21992
0.21939
0.21886
0.21832
0.21779
0.21725
0.21671
0.21616
0.21562
0.21507
0.21452
0.21397
0.21341
0.21286
0.2123
0.21174
0.21117
0.21061
0.21004
0.20947
0.20889
0.20832
0.20774
0.20716
0.20658
0.206
0.20541
0.20482
0.20423
0.20363
0.20304
0.20244
0.20184
0.20124
0.20063
0.20003
0.19942
0.1988
0.19819
0.19757
0.19696
0.19634
0.19571
0.19509
0.19446
0.19383
0.1932
0.19257
0.19193
0.19129
0.19065
0.19001
0.18936
0.18872
0.18807
0.18742
0.18676
0.18611
0.18545
0.18479
0.18413
0.18346
0.1828
0.18213
0.18146
0.18079
0.18011
0.17943
0.17875
0.17807
0.17739
0.17671
0.17602
0.17533
0.17464
0.17394
0.17325
0.17255
0.17185
0.17115
0.17044
0.16974
0.16903
0.16832
0.16761
0.1669
0.16618
0.16546
0.16474
0.16402
0.1633
0.16257
0.16184
0.16111
0.16038
0.15965
0.15891
0.15818
0.15744
0.1567
0.15595
0.15521
0.15446
0.15371
0.15296
0.15221
0.15145
0.1507
0.14994
0.14918
0.14842
0.14765
0.14689
0.14612
0.14535
0.14458
0.14381
0.14303
0.14226
0.14148
0.1407
0.13992
0.13913
0.13835
0.13756
0.13678
0.13598
0.13519
0.1344
0.13361
0.13281
0.13201
0.13121
0.13041
0.1296
0.1288
0.12799
0.12718
0.12637
0.12556
0.12475
0.12394
0.12312
0.1223
0.12148
0.12066
0.11984
0.11901
0.11819
0.11736
0.11653
0.1157
0.11487
0.11404
0.1132
0.11237
0.11153
0.11069
0.10985
0.10901
0.10817
0.10732
0.10648
0.10563
0.10478
0.10393
0.10308
0.10223
0.10138
0.10052
0.099664
0.098806
0.097947
0.097087
0.096225
0.095363
0.094498
0.093634
0.092767
0.0919
0.09103
0.090161
0.089289
0.088417
0.087543
0.086669
0.085792
0.084916
0.084037
0.083159
0.082278
0.081397
0.080514
0.079631
0.078746
0.077861
0.076974
0.076087
0.075197
0.074308
0.073417
0.072526
0.071633
0.07074
0.069845
0.06895
0.068053
0.067157
0.066258
0.06536
0.064459
0.063559
0.062657
0.061755
0.060851
0.059948
0.059043
0.058137
0.057231
0.056324
0.055415
0.054507
0.053597
0.052688
0.051776
0.050865
0.049952
0.04904
0.048126
0.047212
0.046297
0.045382
0.044465
0.043549
0.042631
0.041714
0.040795
0.039876
0.038956
0.038036
0.037115
0.036195
0.035273
0.034351
0.033428
0.032505
0.031581
0.030658
0.029733
0.028808
0.027883
0.026958
0.026031
0.025105
0.024178
0.023251
0.022324
0.021396
0.020468
0.01954
0.018611
0.017683
0.016754
0.015824
0.014895
0.013965
0.013035
0.012105
0.011174
0.010244
0.0093131
0.0083823
0.0074512
0.0065202
0.0055889
0.0046576
0.0037262
0.0027947
0.0018632
0.00093162
