-0.13943
-0.1851
-0.21193
-0.23065
-0.24486
-0.25618
-0.2655
-0.27335
-0.28006
-0.28588
-0.29097
-0.29546
-0.29945
-0.303
-0.30618
-0.30903
-0.3116
-0.31391
-0.316
-0.31788
-0.31958
-0.32111
-0.32249
-0.32373
-0.32485
-0.32584
-0.32673
-0.32752
-0.32821
-0.32882
-0.32934
-0.32979
-0.33017
-0.33048
-0.33073
-0.33092
-0.33106
-0.33114
-0.33117
-0.33115
-0.33109
-0.33099
-0.33085
-0.33067
-0.33045
-0.3302
-0.32991
-0.32959
-0.32925
-0.32887
-0.32847
-0.32804
-0.32758
-0.3271
-0.3266
-0.32607
-0.32553
-0.32496
-0.32437
-0.32377
-0.32314
-0.3225
-0.32184
-0.32117
-0.32048
-0.31977
-0.31905
-0.31832
-0.31757
-0.31681
-0.31604
-0.31525
-0.31446
-0.31365
-0.31283
-0.312
-0.31116
-0.31031
-0.30945
-0.30859
-0.30771
-0.30682
-0.30593
-0.30503
-0.30412
-0.3032
-0.30228
-0.30134
-0.30041
-0.29946
-0.29851
-0.29755
-0.29659
-0.29562
-0.29464
-0.29366
-0.29268
-0.29169
-0.29069
-0.28969
-0.28868
-0.28768
-0.28666
-0.28564
-0.28462
-0.2836
-0.28257
-0.28153
-0.2805
-0.27946
-0.27841
-0.27736
-0.27631
-0.27526
-0.27421
-0.27315
-0.27209
-0.27102
-0.26996
-0.26889
-0.26782
-0.26674
-0.26567
-0.26459
-0.26351
-0.26243
-0.26135
-0.26026
-0.25918
-0.25809
-0.257
-0.25591
-0.25481
-0.25372
-0.25262
-0.25153
-0.25043
-0.24933
-0.24823
-0.24713
-0.24603
-0.24493
-0.24382
-0.24272
-0.24162
-0.24051
-0.2394
-0.2383
-0.23719
-0.23608
-0.23498
-0.23387
-0.23276
-0.23165
-0.23054
-0.22943
-0.22832
-0.22721
-0.2261
-0.22499
-0.22388
-0.22277
-0.22166
-0.22055
-0.21944
-0.21833
-0.21722
-0.21612
-0.21501
-0.2139
-0.21279
-0.21168
-0.21058
-0.20947
-0.20836
-0.20726
-0.20615
-0.20505
-0.20394
-0.20284
-0.20174
-0.20064
-0.19953
-0.19843
-0.19733
-0.19624
-0.19514
-0.19404
-0.19294
-0.19185
-0.19075
-0.18966
-0.18857
-0.18748
-0.18638
-0.1853
-0.18421
-0.18312
-0.18203
-0.18095
-0.17986
-0.17878
-0.1777
-0.17662
-0.17554
-0.17446
-0.17339
-0.17231
-0.17124
-0.17016
-0.16909
-0.16802
-0.16695
-0.16589
-0.16482
-0.16376
-0.1627
-0.16164
-0.16058
-0.15952
-0.15846
-0.15741
-0.15635
-0.1553
-0.15425
-0.15321
-0.15216
-0.15111
-0.15007
-0.14903
-0.14799
-0.14695
-0.14592
-0.14488
-0.14385
-0.14282
-0.14179
-0.14077
-0.13974
-0.13872
-0.1377
-0.13668
-0.13566
-0.13465
-0.13364
-0.13263
-0.13162
-0.13061
-0.12961
-0.1286
-0.1276
-0.1266
-0.12561
-0.12461
-0.12362
-0.12263
-0.12164
-0.12066
-0.11968
-0.1187
-0.11772
-0.11674
-0.11577
-0.11479
-0.11382
-0.11286
-0.11189
-0.11093
-0.10997
-0.10901
-0.10806
-0.1071
-0.10615
-0.1052
-0.10426
-0.10332
-0.10237
-0.10144
-0.1005
-0.099567
-0.098636
-0.097707
-0.096781
-0.095858
-0.094937
-0.094019
-0.093103
-0.09219
-0.09128
-0.090372
-0.089467
-0.088564
-0.087665
-0.086767
-0.085873
-0.084981
-0.084092
-0.083205
-0.082322
-0.081441
-0.080562
-0.079687
-0.078814
-0.077944
-0.077077
-0.076213
-0.075351
-0.074492
-0.073636
-0.072783
-0.071933
-0.071085
-0.070241
-0.069399
-0.06856
-0.067724
-0.066891
-0.066061
-0.065234
-0.06441
-0.063588
-0.06277
-0.061955
-0.061142
-0.060333
-0.059526
-0.058723
-0.057922
-0.057124
-0.05633
-0.055538
-0.05475
-0.053965
-0.053182
-0.052403
-0.051626
-0.050853
-0.050083
-0.049316
-0.048552
-0.047791
-0.047033
-0.046279
-0.045527
-0.044779
-0.044033
-0.043291
-0.042552
-0.041816
-0.041084
-0.040354
-0.039628
-0.038904
-0.038184
-0.037468
-0.036754
-0.036043
-0.035336
-0.034632
-0.033931
-0.033234
-0.032539
-0.031848
-0.03116
-0.030476
-0.029794
-0.029116
-0.028441
-0.027769
-0.027101
-0.026436
-0.025774
-0.025116
-0.02446
-0.023808
-0.02316
-0.022514
-0.021872
-0.021233
-0.020598
-0.019966
-0.019337
-0.018711
-0.018089
-0.01747
-0.016854
-0.016242
-0.015633
-0.015028
-0.014425
-0.013826
-0.013231
-0.012639
-0.01205
-0.011464
-0.010882
-0.010303
-0.0097278
-0.0091557
-0.008587
-0.0080216
-0.0074596
-0.006901
-0.0063457
-0.0057938
-0.0052453
-0.0047001
-0.0041583
-0.0036199
-0.0030849
-0.0025533
-0.002025
-0.0015001
-0.00097858
-0.00046044
5.4314e-05
0.00056569
0.0010737
0.0015783
0.0020795
0.0025774
0.0030718
0.0035629
0.0040506
0.0045349
0.0050159
0.0054934
0.0059676
0.0064384
0.0069058
0.0073699
0.0078305
0.0082878
0.0087417
0.0091923
0.0096394
0.010083
0.010524
0.010961
0.011394
0.011825
0.012252
0.012675
0.013095
0.013512
0.013926
0.014336
0.014743
0.015146
0.015546
0.015943
0.016337
0.016727
0.017113
0.017497
0.017877
0.018254
0.018627
0.018997
0.019364
0.019727
0.020087
0.020444
0.020798
0.021148
0.021495
0.021839
0.022179
0.022516
0.02285
0.02318
0.023507
0.023831
0.024152
0.024469
0.024783
0.025094
0.025402
0.025706
0.026007
0.026305
0.0266
0.026891
0.027179
0.027464
0.027746
0.028025
0.0283
0.028572
0.028841
0.029107
0.029369
0.029629
0.029885
0.030138
0.030388
0.030634
0.030878
0.031118
0.031356
0.03159
0.031821
0.032049
0.032274
0.032495
0.032714
0.032929
0.033142
0.033351
0.033557
0.033761
0.033961
0.034158
0.034352
0.034543
0.034731
0.034916
0.035097
0.035276
0.035452
0.035625
0.035795
0.035962
0.036126
0.036286
0.036444
0.036599
0.036751
0.036901
0.037047
0.03719
0.03733
0.037468
0.037602
0.037734
0.037862
0.037988
0.038111
0.038231
0.038349
0.038463
0.038575
0.038683
0.038789
0.038892
0.038993
0.03909
0.039185
0.039277
0.039366
0.039452
0.039536
0.039617
0.039695
0.03977
0.039843
0.039913
0.03998
0.040044
0.040106
0.040165
0.040222
0.040276
0.040327
0.040376
0.040422
0.040465
0.040506
0.040544
0.040579
0.040612
0.040642
0.04067
0.040695
0.040718
0.040738
0.040756
0.040771
0.040783
0.040793
0.040801
0.040806
0.040809
0.040809
0.040807
0.040802
0.040795
0.040785
0.040773
0.040759
0.040742
0.040723
0.040701
0.040677
0.040651
0.040622
0.040591
0.040558
0.040522
0.040484
0.040444
0.040401
0.040357
0.04031
0.04026
0.040209
0.040155
0.040099
0.040041
0.03998
0.039918
0.039853
0.039786
0.039717
0.039645
0.039572
0.039496
0.039419
0.039339
0.039257
0.039173
0.039087
0.038999
0.038908
0.038816
0.038722
0.038625
0.038527
0.038427
0.038324
0.03822
0.038114
0.038005
0.037895
0.037783
0.037669
0.037553
0.037435
0.037315
0.037193
0.037069
0.036944
0.036816
0.036687
0.036556
0.036423
0.036288
0.036152
0.036013
0.035873
0.035731
0.035587
0.035442
0.035295
0.035146
0.034995
0.034843
0.034689
0.034533
0.034375
0.034216
0.034055
0.033893
0.033729
0.033563
0.033395
0.033226
0.033056
0.032884
0.03271
0.032534
0.032358
0.032179
0.031999
0.031818
0.031634
0.03145
0.031264
0.031076
0.030887
0.030697
0.030505
0.030311
0.030116
0.02992
0.029722
0.029523
0.029323
0.029121
0.028918
0.028713
0.028507
0.028299
0.028091
0.027881
0.027669
0.027457
0.027243
0.027028
0.026811
0.026593
0.026374
0.026154
0.025932
0.02571
0.025486
0.02526
0.025034
0.024806
0.024578
0.024348
0.024117
0.023884
0.023651
0.023416
0.023181
0.022944
0.022706
0.022467
0.022227
0.021986
0.021744
0.0215
0.021256
0.021011
0.020764
0.020517
0.020269
0.020019
0.019769
0.019518
0.019265
0.019012
0.018758
0.018502
0.018246
0.017989
0.017731
0.017472
0.017213
0.016952
0.01669
0.016428
0.016165
0.0159
0.015635
0.01537
0.015103
0.014835
0.014567
0.014298
0.014028
0.013757
0.013486
0.013214
0.012941
0.012667
0.012392
0.012117
0.011841
0.011565
0.011287
0.011009
0.01073
0.010451
0.010171
0.0098899
0.0096085
0.0093263
0.0090436
0.0087601
0.0084762
0.0081914
0.0079063
0.0076202
0.007334
0.0070465
0.0067594
0.0064705
0.0061826
0.0058921
0.0056036
0.0053115
0.0050226
0.0047286
0.0044394
0.0041436
0.0038543
0.0035566
0.0032672
0.0029676
0.0026779
0.002377
0.0020866
0.0017848
0.0014931
0.0011912
0.00089735
0.00059632
0.00029958
