-4.7088e-05
-9.3788e-05
-0.0001401
-0.00018603
-0.00023157
-0.00027673
-0.00032151
-0.00036591
-0.00040993
-0.00045358
-0.00049685
-0.00053974
-0.00058226
-0.00062441
-0.00066619
-0.0007076
-0.00074864
-0.00078932
-0.00082963
-0.00086957
-0.00090916
-0.00094838
-0.00098725
-0.0010258
-0.0010639
-0.0011017
-0.0011391
-0.0011762
-0.001213
-0.0012493
-0.0012854
-0.0013211
-0.0013564
-0.0013914
-0.0014261
-0.0014604
-0.0014943
-0.001528
-0.0015613
-0.0015942
-0.0016268
-0.0016591
-0.0016911
-0.0017227
-0.001754
-0.0017849
-0.0018156
-0.0018459
-0.0018758
-0.0019055
-0.0019348
-0.0019638
-0.0019925
-0.0020209
-0.0020489
-0.0020767
-0.0021041
-0.0021312
-0.002158
-0.0021844
-0.0022106
-0.0022365
-0.002262
-0.0022872
-0.0023122
-0.0023368
-0.0023611
-0.0023852
-0.0024089
-0.0024323
-0.0024554
-0.0024783
-0.0025008
-0.002523
-0.002545
-0.0025666
-0.002588
-0.002609
-0.0026298
-0.0026503
-0.0026705
-0.0026904
-0.0027101
-0.0027294
-0.0027485
-0.0027673
-0.0027858
-0.002804
-0.0028219
-0.0028396
-0.002857
-0.0028742
-0.002891
-0.0029076
-0.0029239
-0.0029399
-0.0029557
-0.0029712
-0.0029865
-0.0030014
-0.0030162
-0.0030306
-0.0030448
-0.0030587
-0.0030724
-0.0030858
-0.003099
-0.0031119
-0.0031245
-0.0031369
-0.003149
-0.0031609
-0.0031726
-0.003184
-0.0031951
-0.003206
-0.0032166
-0.003227
-0.0032372
-0.0032471
-0.0032568
-0.0032662
-0.0032754
-0.0032844
-0.0032931
-0.0033016
-0.0033098
-0.0033179
-0.0033256
-0.0033332
-0.0033405
-0.0033476
-0.0033545
-0.0033611
-0.0033675
-0.0033737
-0.0033796
-0.0033854
-0.0033909
-0.0033962
-0.0034013
-0.0034061
-0.0034107
-0.0034152
-0.0034194
-0.0034233
-0.0034271
-0.0034307
-0.003434
-0.0034372
-0.0034401
-0.0034428
-0.0034453
-0.0034476
-0.0034497
-0.0034516
-0.0034533
-0.0034548
-0.003456
-0.0034571
-0.003458
-0.0034587
-0.0034592
-0.0034595
-0.0034596
-0.0034595
-0.0034592
-0.0034587
-0.003458
-0.0034571
-0.0034561
-0.0034548
-0.0034534
-0.0034518
-0.0034499
-0.0034479
-0.0034458
-0.0034434
-0.0034408
-0.0034381
-0.0034352
-0.0034321
-0.0034289
-0.0034254
-0.0034218
-0.003418
-0.003414
-0.0034099
-0.0034056
-0.0034011
-0.0033964
-0.0033916
-0.0033866
-0.0033815
-0.0033761
-0.0033706
-0.003365
-0.0033591
-0.0033531
-0.003347
-0.0033407
-0.0033342
-0.0033276
-0.0033208
-0.0033138
-0.0033067
-0.0032995
-0.0032921
-0.0032845
-0.0032768
-0.0032689
-0.0032609
-0.0032527
-0.0032443
-0.0032359
-0.0032272
-0.0032185
-0.0032096
-0.0032005
-0.0031913
-0.0031819
-0.0031725
-0.0031628
-0.003153
-0.0031431
-0.0031331
-0.0031229
-0.0031126
-0.0031021
-0.0030915
-0.0030808
-0.0030699
-0.0030589
-0.0030478
-0.0030365
-0.0030251
-0.0030136
-0.0030019
-0.0029902
-0.0029783
-0.0029662
-0.0029541
-0.0029418
-0.0029294
-0.0029169
-0.0029042
-0.0028915
-0.0028786
-0.0028656
-0.0028525
-0.0028392
-0.0028259
-0.0028124
-0.0027988
-0.0027851
-0.0027713
-0.0027574
-0.0027433
-0.0027292
-0.0027149
-0.0027006
-0.0026861
-0.0026715
-0.0026568
-0.002642
-0.0026272
-0.0026122
-0.0025971
-0.0025818
-0.0025665
-0.0025511
-0.0025356
-0.00252
-0.0025043
-0.0024885
-0.0024726
-0.0024566
-0.0024406
-0.0024244
-0.0024081
-0.0023917
-0.0023753
-0.0023587
-0.0023421
-0.0023254
-0.0023085
-0.0022916
-0.0022747
-0.0022576
-0.0022404
-0.0022232
-0.0022058
-0.0021884
-0.0021709
-0.0021534
-0.0021357
-0.002118
-0.0021002
-0.0020823
-0.0020643
-0.0020463
-0.0020281
-0.00201
-0.0019917
-0.0019733
-0.0019549
-0.0019364
-0.0019179
-0.0018993
-0.0018806
-0.0018618
-0.001843
-0.0018241
-0.0018051
-0.0017861
-0.001767
-0.0017478
-0.0017286
-0.0017093
-0.00169
-0.0016706
-0.0016511
-0.0016316
-0.001612
-0.0015924
-0.0015727
-0.0015529
-0.0015331
-0.0015133
-0.0014933
-0.0014734
-0.0014533
-0.0014333
-0.0014132
-0.001393
-0.0013728
-0.0013525
-0.0013322
-0.0013118
-0.0012914
-0.0012709
-0.0012504
-0.0012299
-0.0012093
-0.0011887
-0.001168
-0.0011473
-0.0011265
-0.0011057
-0.0010849
-0.001064
-0.0010431
-0.0010222
-0.0010012
-0.00098021
-0.00095916
-0.00093808
-0.00091697
-0.00089583
-0.00087466
-0.00085345
-0.00083222
-0.00081096
-0.00078967
-0.00076835
-0.000747
-0.00072564
-0.00070424
-0.00068282
-0.00066138
-0.00063991
-0.00061843
-0.00059692
-0.00057539
-0.00055384
-0.00053227
-0.00051069
-0.00048909
-0.00046747
-0.00044583
-0.00042418
-0.00040251
-0.00038083
-0.00035914
-0.00033744
-0.00031572
-0.00029399
-0.00027226
-0.00025051
-0.00022876
-0.00020699
-0.00018522
-0.00016345
-0.00014166
-0.00011988
-9.8088e-05
-7.6295e-05
-5.4497e-05
-3.27e-05
-1.0899e-05
1.0899e-05
3.27e-05
5.4497e-05
7.6295e-05
9.8088e-05
0.00011988
0.00014166
0.00016345
0.00018522
0.00020699
0.00022876
0.00025051
0.00027226
0.00029399
0.00031572
0.00033744
0.00035914
0.00038083
0.00040251
0.00042418
0.00044583
0.00046747
0.00048909
0.00051069
0.00053227
0.00055384
0.00057539
0.00059692
0.00061843
0.00063991
0.00066138
0.00068282
0.00070424
0.00072564
0.000747
0.00076835
0.00078967
0.00081096
0.00083222
0.00085345
0.00087466
0.00089583
0.00091697
0.00093808
0.00095916
0.00098021
0.0010012
0.0010222
0.0010431
0.001064
0.0010849
0.0011057
0.0011265
0.0011473
0.001168
0.0011887
0.0012093
0.0012299
0.0012504
0.0012709
0.0012914
0.0013118
0.0013322
0.0013525
0.0013728
0.001393
0.0014132
0.0014333
0.0014533
0.0014734
0.0014933
0.0015133
0.0015331
0.0015529
0.0015727
0.0015924
0.001612
0.0016316
0.0016511
0.0016706
0.00169
0.0017093
0.0017286
0.0017478
0.001767
0.0017861
0.0018051
0.0018241
0.001843
0.0018618
0.0018806
0.0018993
0.0019179
0.0019364
0.0019549
0.0019733
0.0019917
0.00201
0.0020281
0.0020463
0.0020643
0.0020823
0.0021002
0.002118
0.0021357
0.0021534
0.0021709
0.0021884
0.0022058
0.0022232
0.0022404
0.0022576
0.0022747
0.0022916
0.0023085
0.0023254
0.0023421
0.0023587
0.0023753
0.0023917
0.0024081
0.0024244
0.0024406
0.0024566
0.0024726
0.0024885
0.0025043
0.00252
0.0025356
0.0025511
0.0025665
0.0025818
0.0025971
0.0026122
0.0026272
0.002642
0.0026568
0.0026715
0.0026861
0.0027006
0.0027149
0.0027292
0.0027433
0.0027574
0.0027713
0.0027851
0.0027988
0.0028124
0.0028259
0.0028392
0.0028525
0.0028656
0.0028786
0.0028915
0.0029042
0.0029169
0.0029294
0.0029418
0.0029541
0.0029662
0.0029783
0.0029902
0.0030019
0.0030136
0.0030251
0.0030365
0.0030478
0.0030589
0.0030699
0.0030808
0.0030915
0.0031021
0.0031126
0.0031229
0.0031331
0.0031431
0.003153
0.0031628
0.0031725
0.0031819
0.0031913
0.0032005
0.0032096
0.0032185
0.0032272
0.0032359
0.0032443
0.0032527
0.0032609
0.0032689
0.0032768
0.0032845
0.0032921
0.0032995
0.0033067
0.0033138
0.0033208
0.0033276
0.0033342
0.0033407
0.003347
0.0033531
0.0033591
0.003365
0.0033706
0.0033761
0.0033815
0.0033866
0.0033916
0.0033964
0.0034011
0.0034056
0.0034099
0.003414
0.003418
0.0034218
0.0034254
0.0034289
0.0034321
0.0034352
0.0034381
0.0034408
0.0034434
0.0034458
0.0034479
0.0034499
0.0034518
0.0034534
0.0034548
0.0034561
0.0034571
0.003458
0.0034587
0.0034592
0.0034595
0.0034596
0.0034595
0.0034592
0.0034587
0.003458
0.0034571
0.003456
0.0034548
0.0034533
0.0034516
0.0034497
0.0034476
0.0034453
0.0034428
0.0034401
0.0034372
0.003434
0.0034307
0.0034271
0.0034233
0.0034194
0.0034152
0.0034107
0.0034061
0.0034013
0.0033962
0.0033909
0.0033854
0.0033796
0.0033737
0.0033675
0.0033611
0.0033545
0.0033476
0.0033405
0.0033332
0.0033256
0.0033179
0.0033098
0.0033016
0.0032931
0.0032844
0.0032754
0.0032662
0.0032568
0.0032471
0.0032372
0.003227
0.0032166
0.003206
0.0031951
0.003184
0.0031726
0.0031609
0.003149
0.0031369
0.0031245
0.0031119
0.003099
0.0030858
0.0030724
0.0030587
0.0030448
0.0030306
0.0030162
0.0030014
0.0029865
0.0029712
0.0029557
0.0029399
0.0029239
0.0029076
0.002891
0.0028742
0.002857
0.0028396
0.0028219
0.002804
0.0027858
0.0027673
0.0027485
0.0027294
0.0027101
0.0026904
0.0026705
0.0026503
0.0026298
0.002609
0.002588
0.0025666
0.002545
0.002523
0.0025008
0.0024783
0.0024554
0.0024323
0.0024089
0.0023852
0.0023611
0.0023368
0.0023122
0.0022872
0.002262
0.0022365
0.0022106
0.0021844
0.002158
0.0021312
0.0021041
0.0020767
0.0020489
0.0020209
0.0019925
0.0019638
0.0019348
0.0019055
0.0018758
0.0018459
0.0018156
0.0017849
0.001754
0.0017227
0.0016911
0.0016591
0.0016268
0.0015942
0.0015613
0.001528
0.0014943
0.0014604
0.0014261
0.0013914
0.0013564
0.0013211
0.0012854
0.0012493
0.001213
0.0011762
0.0011391
0.0011017
0.0010639
0.0010258
0.00098725
0.00094838
0.00090916
0.00086957
0.00082963
0.00078932
0.00074864
0.0007076
0.00066619
0.00062441
0.00058226
0.00053974
0.00049685
0.00045358
0.00040993
0.00036591
0.00032151
0.00027673
0.00023157
0.00018603
0.0001401
9.3788e-05
4.7088e-05
