-3.3862e-05
-6.7337e-05
-0.00010043
-0.00013314
-0.00016548
-0.00019744
-0.00022903
-0.00026025
-0.00029112
-0.00032161
-0.00035176
-0.00038154
-0.00041098
-0.00044006
-0.0004688
-0.00049719
-0.00052525
-0.00055296
-0.00058035
-0.00060739
-0.00063412
-0.00066051
-0.00068658
-0.00071233
-0.00073776
-0.00076287
-0.00078768
-0.00081216
-0.00083635
-0.00086022
-0.0008838
-0.00090707
-0.00093005
-0.00095272
-0.00097511
-0.0009972
-0.001019
-0.0010405
-0.0010618
-0.0010827
-0.0011034
-0.0011238
-0.0011439
-0.0011638
-0.0011834
-0.0012027
-0.0012217
-0.0012405
-0.001259
-0.0012773
-0.0012953
-0.0013131
-0.0013306
-0.0013478
-0.0013648
-0.0013816
-0.0013981
-0.0014143
-0.0014303
-0.0014461
-0.0014617
-0.001477
-0.0014921
-0.0015069
-0.0015215
-0.0015359
-0.0015501
-0.001564
-0.0015777
-0.0015912
-0.0016045
-0.0016175
-0.0016304
-0.001643
-0.0016554
-0.0016676
-0.0016796
-0.0016914
-0.001703
-0.0017144
-0.0017255
-0.0017365
-0.0017473
-0.0017579
-0.0017682
-0.0017784
-0.0017884
-0.0017982
-0.0018078
-0.0018173
-0.0018265
-0.0018355
-0.0018444
-0.0018531
-0.0018616
-0.0018699
-0.0018781
-0.001886
-0.0018938
-0.0019014
-0.0019089
-0.0019161
-0.0019232
-0.0019301
-0.0019369
-0.0019435
-0.0019499
-0.0019562
-0.0019623
-0.0019682
-0.001974
-0.0019796
-0.0019851
-0.0019904
-0.0019955
-0.0020005
-0.0020053
-0.00201
-0.0020146
-0.0020189
-0.0020232
-0.0020273
-0.0020312
-0.002035
-0.0020386
-0.0020421
-0.0020455
-0.0020487
-0.0020518
-0.0020548
-0.0020576
-0.0020602
-0.0020628
-0.0020651
-0.0020674
-0.0020695
-0.0020715
-0.0020734
-0.0020751
-0.0020767
-0.0020782
-0.0020796
-0.0020808
-0.0020819
-0.0020829
-0.0020837
-0.0020844
-0.002085
-0.0020855
-0.0020859
-0.0020861
-0.0020862
-0.0020863
-0.0020861
-0.0020859
-0.0020856
-0.0020851
-0.0020845
-0.0020839
-0.0020831
-0.0020822
-0.0020811
-0.00208
-0.0020788
-0.0020775
-0.002076
-0.0020745
-0.0020728
-0.002071
-0.0020692
-0.0020672
-0.0020651
-0.0020629
-0.0020607
-0.0020583
-0.0020558
-0.0020532
-0.0020506
-0.0020478
-0.0020449
-0.002042
-0.0020389
-0.0020358
-0.0020325
-0.0020292
-0.0020257
-0.0020222
-0.0020186
-0.0020149
-0.0020111
-0.0020072
-0.0020032
-0.0019992
-0.001995
-0.0019908
-0.0019864
-0.0019821
-0.0019775
-0.001973
-0.0019683
-0.0019636
-0.0019587
-0.0019538
-0.0019488
-0.0019438
-0.0019386
-0.0019334
-0.0019281
-0.0019227
-0.0019172
-0.0019117
-0.0019061
-0.0019004
-0.0018946
-0.0018888
-0.0018828
-0.0018769
-0.0018708
-0.0018647
-0.0018584
-0.0018522
-0.0018458
-0.0018394
-0.0018329
-0.0018263
-0.0018197
-0.001813
-0.0018062
-0.0017994
-0.0017925
-0.0017855
-0.0017785
-0.0017714
-0.0017642
-0.001757
-0.0017497
-0.0017423
-0.0017349
-0.0017274
-0.0017199
-0.0017123
-0.0017046
-0.0016969
-0.0016891
-0.0016812
-0.0016733
-0.0016654
-0.0016573
-0.0016493
-0.0016411
-0.0016329
-0.0016247
-0.0016164
-0.001608
-0.0015996
-0.0015911
-0.0015826
-0.001574
-0.0015654
-0.0015567
-0.0015479
-0.0015391
-0.0015303
-0.0015214
-0.0015125
-0.0015035
-0.0014944
-0.0014853
-0.0014762
-0.001467
-0.0014578
-0.0014485
-0.0014392
-0.0014298
-0.0014204
-0.0014109
-0.0014014
-0.0013918
-0.0013822
-0.0013725
-0.0013629
-0.0013531
-0.0013433
-0.0013335
-0.0013237
-0.0013137
-0.0013038
-0.0012938
-0.0012838
-0.0012737
-0.0012636
-0.0012534
-0.0012433
-0.001233
-0.0012228
-0.0012125
-0.0012021
-0.0011917
-0.0011813
-0.0011709
-0.0011604
-0.0011499
-0.0011393
-0.0011287
-0.0011181
-0.0011074
-0.0010968
-0.001086
-0.0010753
-0.0010645
-0.0010537
-0.0010428
-0.0010319
-0.001021
-0.0010101
-0.00099906
-0.00098807
-0.00097701
-0.00096597
-0.00095485
-0.00094375
-0.00093258
-0.00092142
-0.00091019
-0.00089898
-0.0008877
-0.00087644
-0.00086511
-0.00085379
-0.00084241
-0.00083104
-0.00081961
-0.0008082
-0.00079672
-0.00078526
-0.00077373
-0.00076223
-0.00075066
-0.00073911
-0.0007275
-0.0007159
-0.00070425
-0.00069262
-0.00068092
-0.00066925
-0.00065752
-0.0006458
-0.00063403
-0.00062229
-0.00061048
-0.0005987
-0.00058685
-0.00057504
-0.00056316
-0.00055131
-0.00053941
-0.00052752
-0.00051559
-0.00050368
-0.00049171
-0.00047977
-0.00046778
-0.00045581
-0.00044379
-0.0004318
-0.00041976
-0.00040774
-0.00039567
-0.00038363
-0.00037154
-0.00035948
-0.00034737
-0.00033529
-0.00032316
-0.00031106
-0.00029891
-0.0002868
-0.00027463
-0.0002625
-0.00025032
-0.00023818
-0.00022598
-0.00021382
-0.00020162
-0.00018945
-0.00017723
-0.00016505
-0.00015282
-0.00014063
-0.00012839
-0.0001162
-0.00010396
-9.1751e-05
-7.9504e-05
-6.7295e-05
-5.5044e-05
-4.2832e-05
-3.0577e-05
-1.8363e-05
-6.1074e-06
6.1074e-06
1.8363e-05
3.0577e-05
4.2832e-05
5.5044e-05
6.7295e-05
7.9504e-05
9.1751e-05
0.00010396
0.0001162
0.00012839
0.00014063
0.00015282
0.00016505
0.00017723
0.00018945
0.00020162
0.00021382
0.00022598
0.00023818
0.00025032
0.0002625
0.00027463
0.0002868
0.00029891
0.00031106
0.00032316
0.00033529
0.00034737
0.00035948
0.00037154
0.00038363
0.00039567
0.00040774
0.00041976
0.0004318
0.00044379
0.00045581
0.00046778
0.00047977
0.00049171
0.00050368
0.00051559
0.00052752
0.00053941
0.00055131
0.00056316
0.00057504
0.00058685
0.0005987
0.00061048
0.00062229
0.00063403
0.0006458
0.00065752
0.00066925
0.00068092
0.00069262
0.00070425
0.0007159
0.0007275
0.00073911
0.00075066
0.00076223
0.00077373
0.00078526
0.00079672
0.0008082
0.00081961
0.00083104
0.00084241
0.00085379
0.00086511
0.00087644
0.0008877
0.00089898
0.00091019
0.00092142
0.00093258
0.00094375
0.00095485
0.00096597
0.00097701
0.00098807
0.00099906
0.0010101
0.001021
0.0010319
0.0010428
0.0010537
0.0010645
0.0010753
0.001086
0.0010968
0.0011074
0.0011181
0.0011287
0.0011393
0.0011499
0.0011604
0.0011709
0.0011813
0.0011917
0.0012021
0.0012125
0.0012228
0.001233
0.0012433
0.0012534
0.0012636
0.0012737
0.0012838
0.0012938
0.0013038
0.0013137
0.0013237
0.0013335
0.0013433
0.0013531
0.0013629
0.0013725
0.0013822
0.0013918
0.0014014
0.0014109
0.0014204
0.0014298
0.0014392
0.0014485
0.0014578
0.001467
0.0014762
0.0014853
0.0014944
0.0015035
0.0015125
0.0015214
0.0015303
0.0015391
0.0015479
0.0015567
0.0015654
0.001574
0.0015826
0.0015911
0.0015996
0.001608
0.0016164
0.0016247
0.0016329
0.0016411
0.0016493
0.0016573
0.0016654
0.0016733
0.0016812
0.0016891
0.0016969
0.0017046
0.0017123
0.0017199
0.0017274
0.0017349
0.0017423
0.0017497
0.001757
0.0017642
0.0017714
0.0017785
0.0017855
0.0017925
0.0017994
0.0018062
0.001813
0.0018197
0.0018263
0.0018329
0.0018394
0.0018458
0.0018522
0.0018584
0.0018647
0.0018708
0.0018769
0.0018828
0.0018888
0.0018946
0.0019004
0.0019061
0.0019117
0.0019172
0.0019227
0.0019281
0.0019334
0.0019386
0.0019438
0.0019488
0.0019538
0.0019587
0.0019636
0.0019683
0.001973
0.0019775
0.0019821
0.0019864
0.0019908
0.001995
0.0019992
0.0020032
0.0020072
0.0020111
0.0020149
0.0020186
0.0020222
0.0020257
0.0020292
0.0020325
0.0020358
0.0020389
0.002042
0.0020449
0.0020478
0.0020506
0.0020532
0.0020558
0.0020583
0.0020607
0.0020629
0.0020651
0.0020672
0.0020692
0.002071
0.0020728
0.0020745
0.002076
0.0020775
0.0020788
0.00208
0.0020811
0.0020822
0.0020831
0.0020839
0.0020845
0.0020851
0.0020856
0.0020859
0.0020861
0.0020863
0.0020862
0.0020861
0.0020859
0.0020855
0.002085
0.0020844
0.0020837
0.0020829
0.0020819
0.0020808
0.0020796
0.0020782
0.0020767
0.0020751
0.0020734
0.0020715
0.0020695
0.0020674
0.0020651
0.0020628
0.0020602
0.0020576
0.0020548
0.0020518
0.0020487
0.0020455
0.0020421
0.0020386
0.002035
0.0020312
0.0020273
0.0020232
0.0020189
0.0020146
0.00201
0.0020053
0.0020005
0.0019955
0.0019904
0.0019851
0.0019796
0.001974
0.0019682
0.0019623
0.0019562
0.0019499
0.0019435
0.0019369
0.0019301
0.0019232
0.0019161
0.0019089
0.0019014
0.0018938
0.001886
0.0018781
0.0018699
0.0018616
0.0018531
0.0018444
0.0018355
0.0018265
0.0018173
0.0018078
0.0017982
0.0017884
0.0017784
0.0017682
0.0017579
0.0017473
0.0017365
0.0017255
0.0017144
0.001703
0.0016914
0.0016796
0.0016676
0.0016554
0.001643
0.0016304
0.0016175
0.0016045
0.0015912
0.0015777
0.001564
0.0015501
0.0015359
0.0015215
0.0015069
0.0014921
0.001477
0.0014617
0.0014461
0.0014303
0.0014143
0.0013981
0.0013816
0.0013648
0.0013478
0.0013306
0.0013131
0.0012953
0.0012773
0.001259
0.0012405
0.0012217
0.0012027
0.0011834
0.0011638
0.0011439
0.0011238
0.0011034
0.0010827
0.0010618
0.0010405
0.001019
0.0009972
0.00097511
0.00095272
0.00093005
0.00090707
0.0008838
0.00086022
0.00083635
0.00081216
0.00078768
0.00076287
0.00073776
0.00071233
0.00068658
0.00066051
0.00063412
0.00060739
0.00058035
0.00055296
0.00052525
0.00049719
0.0004688
0.00044006
0.00041098
0.00038154
0.00035176
0.00032161
0.00029112
0.00026025
0.00022903
0.00019744
0.00016548
0.00013314
0.00010043
6.7337e-05
3.3862e-05
