-0.0027886
-0.0035309
-0.0039008
-0.0041244
-0.0042731
-0.0043776
-0.0044537
-0.0045104
-0.0045533
-0.0045859
-0.0046107
-0.0046294
-0.0046434
-0.0046535
-0.0046605
-0.0046649
-0.0046671
-0.0046676
-0.0046665
-0.0046641
-0.0046606
-0.0046561
-0.0046508
-0.0046448
-0.0046381
-0.0046309
-0.0046231
-0.0046149
-0.0046063
-0.0045974
-0.0045881
-0.0045786
-0.0045688
-0.0045587
-0.0045485
-0.0045381
-0.0045275
-0.0045167
-0.0045058
-0.0044948
-0.0044836
-0.0044723
-0.004461
-0.0044495
-0.0044379
-0.0044263
-0.0044146
-0.0044028
-0.004391
-0.0043791
-0.0043671
-0.0043551
-0.0043431
-0.004331
-0.0043188
-0.0043067
-0.0042945
-0.0042822
-0.0042699
-0.0042576
-0.0042453
-0.0042329
-0.0042205
-0.0042081
-0.0041957
-0.0041832
-0.0041707
-0.0041582
-0.0041457
-0.0041332
-0.0041206
-0.0041081
-0.0040955
-0.0040829
-0.0040703
-0.0040577
-0.0040451
-0.0040324
-0.0040198
-0.0040071
-0.0039945
-0.0039818
-0.0039691
-0.0039564
-0.0039437
-0.003931
-0.0039183
-0.0039056
-0.0038928
-0.0038801
-0.0038674
-0.0038546
-0.0038419
-0.0038291
-0.0038163
-0.0038036
-0.0037908
-0.003778
-0.0037652
-0.0037525
-0.0037397
-0.0037269
-0.0037141
-0.0037013
-0.0036885
-0.0036757
-0.0036629
-0.00365
-0.0036372
-0.0036244
-0.0036116
-0.0035988
-0.0035859
-0.0035731
-0.0035603
-0.0035475
-0.0035346
-0.0035218
-0.003509
-0.0034961
-0.0034833
-0.0034704
-0.0034576
-0.0034447
-0.0034319
-0.0034191
-0.0034062
-0.0033934
-0.0033805
-0.0033677
-0.0033548
-0.0033419
-0.0033291
-0.0033162
-0.0033034
-0.0032905
-0.0032777
-0.0032648
-0.0032519
-0.0032391
-0.0032262
-0.0032133
-0.0032005
-0.0031876
-0.0031748
-0.0031619
-0.003149
-0.0031362
-0.0031233
-0.0031104
-0.0030976
-0.0030847
-0.0030718
-0.003059
-0.0030461
-0.0030332
-0.0030203
-0.0030075
-0.0029946
-0.0029817
-0.0029689
-0.002956
-0.0029431
-0.0029303
-0.0029174
-0.0029045
-0.0028917
-0.0028788
-0.0028659
-0.002853
-0.0028402
-0.0028273
-0.0028144
-0.0028016
-0.0027887
-0.0027758
-0.002763
-0.0027501
-0.0027372
-0.0027244
-0.0027115
-0.0026986
-0.0026858
-0.0026729
-0.00266
-0.0026472
-0.0026343
-0.0026214
-0.0026086
-0.0025957
-0.0025828
-0.00257
-0.0025571
-0.0025443
-0.0025314
-0.0025185
-0.0025057
-0.0024928
-0.00248
-0.0024671
-0.0024542
-0.0024414
-0.0024285
-0.0024157
-0.0024028
-0.00239
-0.0023771
-0.0023642
-0.0023514
-0.0023385
-0.0023257
-0.0023128
-0.0023
-0.0022871
-0.0022743
-0.0022614
-0.0022486
-0.0022357
-0.0022229
-0.00221
-0.0021972
-0.0021844
-0.0021715
-0.0021587
-0.0021458
-0.002133
-0.0021202
-0.0021073
-0.0020945
-0.0020816
-0.0020688
-0.002056
-0.0020431
-0.0020303
-0.0020175
-0.0020046
-0.0019918
-0.001979
-0.0019661
-0.0019533
-0.0019405
-0.0019277
-0.0019148
-0.001902
-0.0018892
-0.0018764
-0.0018636
-0.0018507
-0.0018379
-0.0018251
-0.0018123
-0.0017995
-0.0017867
-0.0017739
-0.0017611
-0.0017482
-0.0017354
-0.0017226
-0.0017098
-0.001697
-0.0016842
-0.0016714
-0.0016586
-0.0016458
-0.001633
-0.0016202
-0.0016074
-0.0015946
-0.0015819
-0.0015691
-0.0015563
-0.0015435
-0.0015307
-0.0015179
-0.0015051
-0.0014924
-0.0014796
-0.0014668
-0.001454
-0.0014413
-0.0014285
-0.0014157
-0.0014029
-0.0013902
-0.0013774
-0.0013647
-0.0013519
-0.0013391
-0.0013264
-0.0013136
-0.0013009
-0.0012881
-0.0012754
-0.0012626
-0.0012499
-0.0012371
-0.0012244
-0.0012116
-0.0011989
-0.0011861
-0.0011734
-0.0011607
-0.0011479
-0.0011352
-0.0011225
-0.0011098
-0.001097
-0.0010843
-0.0010716
-0.0010589
-0.0010462
-0.0010335
-0.0010207
-0.001008
-0.00099533
-0.00098263
-0.00096993
-0.00095723
-0.00094454
-0.00093184
-0.00091915
-0.00090646
-0.00089377
-0.00088109
-0.00086841
-0.00085573
-0.00084305
-0.00083038
-0.00081771
-0.00080504
-0.00079238
-0.00077971
-0.00076705
-0.0007544
-0.00074174
-0.00072909
-0.00071644
-0.0007038
-0.00069115
-0.00067851
-0.00066588
-0.00065324
-0.00064061
-0.00062799
-0.00061536
-0.00060274
-0.00059012
-0.00057751
-0.0005649
-0.00055229
-0.00053968
-0.00052708
-0.00051448
-0.00050189
-0.0004893
-0.00047671
-0.00046413
-0.00045155
-0.00043897
-0.0004264
-0.00041383
-0.00040126
-0.0003887
-0.00037614
-0.00036359
-0.00035104
-0.00033849
-0.00032595
-0.00031341
-0.00030088
-0.00028835
-0.00027582
-0.0002633
-0.00025078
-0.00023827
-0.00022576
-0.00021326
-0.00020076
-0.00018827
-0.00017578
-0.00016329
-0.00015081
-0.00013833
-0.00012586
-0.0001134
-0.00010094
-8.848e-05
-7.6029e-05
-6.3583e-05
-5.1142e-05
-3.8706e-05
-2.6276e-05
-1.3851e-05
-1.4309e-06
1.0983e-05
2.3392e-05
3.5795e-05
4.8192e-05
6.0584e-05
7.297e-05
8.535e-05
9.7724e-05
0.00011009
0.00012245
0.00013481
0.00014716
0.0001595
0.00017184
0.00018417
0.00019649
0.00020881
0.00022112
0.00023343
0.00024572
0.00025801
0.0002703
0.00028257
0.00029484
0.0003071
0.00031936
0.0003316
0.00034384
0.00035608
0.0003683
0.00038052
0.00039272
0.00040492
0.00041712
0.0004293
0.00044148
0.00045364
0.0004658
0.00047795
0.00049009
0.00050223
0.00051435
0.00052647
0.00053857
0.00055067
0.00056275
0.00057483
0.0005869
0.00059896
0.00061101
0.00062305
0.00063507
0.00064709
0.0006591
0.0006711
0.00068308
0.00069506
0.00070703
0.00071898
0.00073092
0.00074285
0.00075477
0.00076668
0.00077858
0.00079047
0.00080234
0.0008142
0.00082605
0.00083789
0.00084971
0.00086152
0.00087332
0.00088511
0.00089688
0.00090864
0.00092038
0.00093211
0.00094383
0.00095553
0.00096722
0.0009789
0.00099056
0.0010022
0.0010138
0.0010254
0.001037
0.0010486
0.0010602
0.0010718
0.0010833
0.0010948
0.0011063
0.0011178
0.0011293
0.0011407
0.0011522
0.0011636
0.001175
0.0011864
0.0011977
0.0012091
0.0012204
0.0012317
0.001243
0.0012542
0.0012655
0.0012767
0.0012879
0.0012991
0.0013103
0.0013214
0.0013326
0.0013437
0.0013547
0.0013658
0.0013768
0.0013878
0.0013988
0.0014098
0.0014207
0.0014317
0.0014426
0.0014534
0.0014643
0.0014751
0.0014859
0.0014967
0.0015074
0.0015181
0.0015288
0.0015395
0.0015501
0.0015607
0.0015713
0.0015819
0.0015924
0.0016029
0.0016134
0.0016238
0.0016342
0.0016446
0.0016549
0.0016652
0.0016755
0.0016857
0.001696
0.0017061
0.0017163
0.0017264
0.0017365
0.0017465
0.0017565
0.0017665
0.0017765
0.0017864
0.0017962
0.0018061
0.0018158
0.0018256
0.0018353
0.001845
0.0018546
0.0018642
0.0018738
0.0018833
0.0018927
0.0019022
0.0019116
0.0019209
0.0019302
0.0019394
0.0019487
0.0019578
0.0019669
0.001976
0.001985
0.001994
0.0020029
0.0020118
0.0020206
0.0020294
0.0020381
0.0020468
0.0020554
0.002064
0.0020725
0.0020809
0.0020893
0.0020977
0.002106
0.0021142
0.0021224
0.0021305
0.0021386
0.0021466
0.0021545
0.0021624
0.0021702
0.0021779
0.0021856
0.0021932
0.0022008
0.0022083
0.0022157
0.0022231
0.0022304
0.0022376
0.0022447
0.0022518
0.0022588
0.0022657
0.0022726
0.0022794
0.0022861
0.0022927
0.0022993
0.0023057
0.0023121
0.0023184
0.0023247
0.0023308
0.0023369
0.0023429
0.0023488
0.0023546
0.0023603
0.0023659
0.0023715
0.0023769
0.0023823
0.0023876
0.0023927
0.0023978
0.0024028
0.0024077
0.0024125
0.0024171
0.0024217
0.0024262
0.0024306
0.0024349
0.002439
0.0024431
0.002447
0.0024509
0.0024546
0.0024582
0.0024617
0.0024651
0.0024684
0.0024715
0.0024745
0.0024775
0.0024802
0.0024829
0.0024854
0.0024878
0.0024901
0.0024923
0.0024943
0.0024962
0.0024979
0.0024995
0.002501
0.0025023
0.0025035
0.0025046
0.0025055
0.0025062
0.0025068
0.0025073
0.0025076
0.0025078
0.0025077
0.0025076
0.0025073
0.0025068
0.0025061
0.0025053
0.0025043
0.0025032
0.0025019
0.0025004
0.0024987
0.0024969
0.0024949
0.0024926
0.0024903
0.0024877
0.0024849
0.002482
0.0024788
0.0024755
0.0024719
0.0024682
0.0024643
0.0024601
0.0024558
0.0024512
0.0024464
0.0024415
0.0024363
0.0024308
0.0024252
0.0024193
0.0024132
0.0024069
0.0024004
0.0023936
0.0023866
0.0023793
0.0023718
0.002364
0.002356
0.0023478
0.0023393
0.0023305
0.0023215
0.0023122
0.0023026
0.0022928
0.0022827
0.0022723
0.0022617
0.0022507
0.0022395
0.002228
0.0022162
0.0022041
0.0021917
0.002179
0.002166
0.0021527
0.0021391
0.0021251
0.0021109
0.0020963
0.0020813
0.0020661
0.0020505
0.0020346
0.0020183
0.0020017
0.0019848
0.0019674
0.0019498
0.0019317
0.0019133
0.0018945
0.0018754
0.0018559
0.0018359
0.0018156
0.0017949
0.0017738
0.0017523
0.0017304
0.0017081
0.0016854
0.0016622
0.0016387
0.0016146
0.0015902
0.0015653
0.00154
0.0015142
0.001488
0.0014613
0.0014341
0.0014065
0.0013784
0.0013498
0.0013208
0.0012912
0.0012611
0.0012306
0.0011995
0.0011679
0.0011358
0.0011032
0.00107
0.0010363
0.001002
0.00096724
0.00093188
0.00089597
0.00085947
0.00082242
0.00078477
0.00074655
0.00070771
0.0006683
0.00062824
0.00058762
0.00054632
0.00050445
0.00046188
0.00041874
0.00037487
0.00033042
0.00028524
0.00023945
0.00019292
0.00014576
9.7864e-05
4.9295e-05
