-0.0045474
-0.00593
-0.0066946
-0.0072007
-0.0075665
-0.0078453
-0.0080652
-0.0082431
-0.0083897
-0.008512
-0.0086153
-0.0087033
-0.0087787
-0.0088436
-0.0088997
-0.0089485
-0.0089908
-0.0090276
-0.0090597
-0.0090875
-0.0091117
-0.0091327
-0.0091507
-0.0091662
-0.0091794
-0.0091905
-0.0091998
-0.0092074
-0.0092135
-0.0092182
-0.0092216
-0.0092239
-0.0092252
-0.0092255
-0.0092249
-0.0092236
-0.0092214
-0.0092186
-0.0092152
-0.0092112
-0.0092066
-0.0092016
-0.0091961
-0.0091901
-0.0091838
-0.0091771
-0.00917
-0.0091626
-0.0091549
-0.009147
-0.0091388
-0.0091303
-0.0091216
-0.0091127
-0.0091035
-0.0090942
-0.0090847
-0.0090751
-0.0090653
-0.0090553
-0.0090452
-0.009035
-0.0090247
-0.0090142
-0.0090036
-0.008993
-0.0089822
-0.0089713
-0.0089604
-0.0089494
-0.0089383
-0.0089271
-0.0089158
-0.0089045
-0.0088931
-0.0088817
-0.0088702
-0.0088587
-0.0088471
-0.0088355
-0.0088238
-0.0088121
-0.0088003
-0.0087885
-0.0087767
-0.0087648
-0.0087529
-0.0087409
-0.008729
-0.008717
-0.008705
-0.0086929
-0.0086809
-0.0086688
-0.0086567
-0.0086445
-0.0086324
-0.0086202
-0.008608
-0.0085958
-0.0085836
-0.0085713
-0.0085591
-0.0085468
-0.0085345
-0.0085222
-0.0085099
-0.0084976
-0.0084853
-0.0084729
-0.0084606
-0.0084482
-0.0084359
-0.0084235
-0.0084111
-0.0083987
-0.0083863
-0.0083739
-0.0083615
-0.0083491
-0.0083366
-0.0083242
-0.0083118
-0.0082993
-0.0082869
-0.0082744
-0.008262
-0.0082495
-0.008237
-0.0082245
-0.0082121
-0.0081996
-0.0081871
-0.0081746
-0.0081621
-0.0081496
-0.0081371
-0.0081246
-0.0081121
-0.0080996
-0.0080871
-0.0080746
-0.0080621
-0.0080495
-0.008037
-0.0080245
-0.008012
-0.0079994
-0.0079869
-0.0079744
-0.0079619
-0.0079493
-0.0079368
-0.0079242
-0.0079117
-0.0078992
-0.0078866
-0.0078741
-0.0078615
-0.007849
-0.0078364
-0.0078239
-0.0078114
-0.0077988
-0.0077863
-0.0077737
-0.0077612
-0.0077486
-0.007736
-0.0077235
-0.0077109
-0.0076984
-0.0076858
-0.0076733
-0.0076607
-0.0076481
-0.0076356
-0.007623
-0.0076105
-0.0075979
-0.0075853
-0.0075728
-0.0075602
-0.0075477
-0.0075351
-0.0075225
-0.00751
-0.0074974
-0.0074848
-0.0074723
-0.0074597
-0.0074471
-0.0074346
-0.007422
-0.0074094
-0.0073969
-0.0073843
-0.0073717
-0.0073592
-0.0073466
-0.007334
-0.0073215
-0.0073089
-0.0072963
-0.0072838
-0.0072712
-0.0072586
-0.0072461
-0.0072335
-0.0072209
-0.0072084
-0.0071958
-0.0071832
-0.0071706
-0.0071581
-0.0071455
-0.0071329
-0.0071204
-0.0071078
-0.0070952
-0.0070826
-0.0070701
-0.0070575
-0.0070449
-0.0070324
-0.0070198
-0.0070072
-0.0069946
-0.0069821
-0.0069695
-0.0069569
-0.0069444
-0.0069318
-0.0069192
-0.0069066
-0.0068941
-0.0068815
-0.0068689
-0.0068563
-0.0068438
-0.0068312
-0.0068186
-0.0068061
-0.0067935
-0.0067809
-0.0067683
-0.0067558
-0.0067432
-0.0067306
-0.006718
-0.0067055
-0.0066929
-0.0066803
-0.0066678
-0.0066552
-0.0066426
-0.00663
-0.0066175
-0.0066049
-0.0065923
-0.0065797
-0.0065672
-0.0065546
-0.006542
-0.0065294
-0.0065169
-0.0065043
-0.0064917
-0.0064792
-0.0064666
-0.006454
-0.0064414
-0.0064289
-0.0064163
-0.0064037
-0.0063911
-0.0063786
-0.006366
-0.0063534
-0.0063408
-0.0063283
-0.0063157
-0.0063031
-0.0062905
-0.006278
-0.0062654
-0.0062528
-0.0062403
-0.0062277
-0.0062151
-0.0062025
-0.00619
-0.0061774
-0.0061648
-0.0061522
-0.0061397
-0.0061271
-0.0061145
-0.0061019
-0.0060894
-0.0060768
-0.0060642
-0.0060516
-0.0060391
-0.0060265
-0.0060139
-0.0060014
-0.0059888
-0.0059762
-0.0059636
-0.0059511
-0.0059385
-0.0059259
-0.0059133
-0.0059008
-0.0058882
-0.0058756
-0.005863
-0.0058505
-0.0058379
-0.0058253
-0.0058127
-0.0058002
-0.0057876
-0.005775
-0.0057624
-0.0057499
-0.0057373
-0.0057247
-0.0057122
-0.0056996
-0.005687
-0.0056744
-0.0056619
-0.0056493
-0.0056367
-0.0056241
-0.0056116
-0.005599
-0.0055864
-0.0055738
-0.0055613
-0.0055487
-0.0055361
-0.0055235
-0.005511
-0.0054984
-0.0054858
-0.0054732
-0.0054607
-0.0054481
-0.0054355
-0.0054229
-0.0054104
-0.0053978
-0.0053852
-0.0053727
-0.0053601
-0.0053475
-0.0053349
-0.0053224
-0.0053098
-0.0052972
-0.0052846
-0.0052721
-0.0052595
-0.0052469
-0.0052343
-0.0052218
-0.0052092
-0.0051966
-0.005184
-0.0051715
-0.0051589
-0.0051463
-0.0051337
-0.0051212
-0.0051086
-0.005096
-0.0050835
-0.0050709
-0.0050583
-0.0050457
-0.0050332
-0.0050206
-0.005008
-0.0049954
-0.0049829
-0.0049703
-0.0049577
-0.0049451
-0.0049326
-0.00492
-0.0049074
-0.0048948
-0.0048823
-0.0048697
-0.0048571
-0.0048445
-0.004832
-0.0048194
-0.0048068
-0.0047943
-0.0047817
-0.0047691
-0.0047565
-0.004744
-0.0047314
-0.0047188
-0.0047062
-0.0046937
-0.0046811
-0.0046685
-0.0046559
-0.0046434
-0.0046308
-0.0046182
-0.0046056
-0.0045931
-0.0045805
-0.0045679
-0.0045553
-0.0045428
-0.0045302
-0.0045176
-0.0045051
-0.0044925
-0.0044799
-0.0044673
-0.0044548
-0.0044422
-0.0044296
-0.004417
-0.0044045
-0.0043919
-0.0043793
-0.0043667
-0.0043542
-0.0043416
-0.004329
-0.0043164
-0.0043039
-0.0042913
-0.0042787
-0.0042661
-0.0042536
-0.004241
-0.0042284
-0.0042158
-0.0042033
-0.0041907
-0.0041781
-0.0041656
-0.004153
-0.0041404
-0.0041278
-0.0041153
-0.0041027
-0.0040901
-0.0040775
-0.004065
-0.0040524
-0.0040398
-0.0040272
-0.0040147
-0.0040021
-0.0039895
-0.0039769
-0.0039644
-0.0039518
-0.0039392
-0.0039267
-0.0039141
-0.0039015
-0.0038889
-0.0038764
-0.0038638
-0.0038512
-0.0038386
-0.0038261
-0.0038135
-0.0038009
-0.0037883
-0.0037758
-0.0037632
-0.0037506
-0.003738
-0.0037255
-0.0037129
-0.0037003
-0.0036877
-0.0036752
-0.0036626
-0.00365
-0.0036375
-0.0036249
-0.0036123
-0.0035997
-0.0035872
-0.0035746
-0.003562
-0.0035494
-0.0035369
-0.0035243
-0.0035117
-0.0034991
-0.0034866
-0.003474
-0.0034614
-0.0034489
-0.0034363
-0.0034237
-0.0034111
-0.0033986
-0.003386
-0.0033734
-0.0033608
-0.0033483
-0.0033357
-0.0033231
-0.0033105
-0.003298
-0.0032854
-0.0032728
-0.0032602
-0.0032477
-0.0032351
-0.0032225
-0.00321
-0.0031974
-0.0031848
-0.0031722
-0.0031597
-0.0031471
-0.0031345
-0.0031219
-0.0031094
-0.0030968
-0.0030842
-0.0030717
-0.0030591
-0.0030465
-0.0030339
-0.0030214
-0.0030088
-0.0029962
-0.0029836
-0.0029711
-0.0029585
-0.0029459
-0.0029333
-0.0029208
-0.0029082
-0.0028956
-0.0028831
-0.0028705
-0.0028579
-0.0028453
-0.0028328
-0.0028202
-0.0028076
-0.0027951
-0.0027825
-0.0027699
-0.0027573
-0.0027448
-0.0027322
-0.0027196
-0.002707
-0.0026945
-0.0026819
-0.0026693
-0.0026568
-0.0026442
-0.0026316
-0.002619
-0.0026065
-0.0025939
-0.0025813
-0.0025688
-0.0025562
-0.0025436
-0.002531
-0.0025185
-0.0025059
-0.0024933
-0.0024808
-0.0024682
-0.0024556
-0.002443
-0.0024305
-0.0024179
-0.0024053
-0.0023928
-0.0023802
-0.0023676
-0.002355
-0.0023425
-0.0023299
-0.0023173
-0.0023048
-0.0022922
-0.0022796
-0.002267
-0.0022545
-0.0022419
-0.0022293
-0.0022168
-0.0022042
-0.0021916
-0.0021791
-0.0021665
-0.0021539
-0.0021414
-0.0021288
-0.0021162
-0.0021036
-0.0020911
-0.0020785
-0.0020659
-0.0020534
-0.0020408
-0.0020282
-0.0020157
-0.0020031
-0.0019905
-0.001978
-0.0019654
-0.0019528
-0.0019403
-0.0019277
-0.0019151
-0.0019026
-0.00189
-0.0018774
-0.0018649
-0.0018523
-0.0018397
-0.0018272
-0.0018146
-0.001802
-0.0017895
-0.0017769
-0.0017643
-0.0017518
-0.0017392
-0.0017266
-0.0017141
-0.0017015
-0.0016889
-0.0016764
-0.0016638
-0.0016512
-0.0016387
-0.0016261
-0.0016135
-0.001601
-0.0015884
-0.0015759
-0.0015633
-0.0015507
-0.0015382
-0.0015256
-0.001513
-0.0015005
-0.0014879
-0.0014754
-0.0014628
-0.0014502
-0.0014377
-0.0014251
-0.0014126
-0.0014
-0.0013874
-0.0013749
-0.0013623
-0.0013498
-0.0013372
-0.0013246
-0.0013121
-0.0012995
-0.001287
-0.0012744
-0.0012619
-0.0012493
-0.0012367
-0.0012242
-0.0012116
-0.0011991
-0.0011865
-0.001174
-0.0011614
-0.0011489
-0.0011363
-0.0011238
-0.0011112
-0.0010986
-0.0010861
-0.0010735
-0.001061
-0.0010484
-0.0010359
-0.0010233
-0.0010108
-0.00099824
-0.00098569
-0.00097315
-0.0009606
-0.00094805
-0.0009355
-0.00092296
-0.00091041
-0.00089786
-0.00088532
-0.00087277
-0.00086023
-0.00084769
-0.00083514
-0.0008226
-0.00081006
-0.00079752
-0.00078497
-0.00077243
-0.00075989
-0.00074735
-0.00073481
-0.00072228
-0.00070974
-0.0006972
-0.00068466
-0.00067213
-0.00065959
-0.00064706
-0.00063452
-0.00062199
-0.00060946
-0.00059692
-0.00058439
-0.00057186
-0.00055933
-0.0005468
-0.00053427
-0.00052174
-0.00050922
-0.00049669
-0.00048416
-0.00047164
-0.00045911
-0.00044659
-0.00043407
-0.00042155
-0.00040902
-0.0003965
-0.00038398
-0.00037147
-0.00035895
-0.00034643
-0.00033392
-0.0003214
-0.00030889
-0.00029637
-0.00028386
-0.00027135
-0.00025884
-0.00024633
-0.00023382
-0.00022131
-0.0002088
-0.0001963
-0.00018379
-0.00017129
-0.00015879
-0.00014629
-0.00013379
-0.00012129
-0.00010879
-9.6293e-05
-8.3797e-05
-7.1302e-05
-5.8809e-05
-4.6316e-05
-3.3825e-05
-2.1336e-05
-8.847e-06
3.6403e-06
1.6126e-05
2.8611e-05
4.1095e-05
5.3577e-05
6.6058e-05
7.8537e-05
9.1015e-05
0.00010349
0.00011597
0.00012844
0.00014091
0.00015338
0.00016585
0.00017832
0.00019079
0.00020325
0.00021572
0.00022818
0.00024064
0.0002531
0.00026555
0.00027801
0.00029046
0.00030291
0.00031536
0.00032781
0.00034026
0.0003527
0.00036515
0.00037759
0.00039003
0.00040246
0.0004149
0.00042733
0.00043977
0.0004522
0.00046462
0.00047705
0.00048947
0.00050189
0.00051431
0.00052673
0.00053915
0.00055156
0.00056397
0.00057638
0.00058879
0.00060119
0.00061359
0.00062599
0.00063839
0.00065078
0.00066318
0.00067557
0.00068795
0.00070034
0.00071272
0.0007251
0.00073748
0.00074986
0.00076223
0.0007746
0.00078696
0.00079933
0.00081169
0.00082405
0.0008364
0.00084876
0.00086111
0.00087345
0.0008858
0.00089814
0.00091048
0.00092281
0.00093515
0.00094748
0.0009598
0.00097212
0.00098444
0.00099676
0.0010091
0.0010214
0.0010337
0.001046
0.0010583
0.0010706
0.0010829
0.0010952
0.0011075
0.0011197
0.001132
0.0011443
0.0011566
0.0011688
0.0011811
0.0011933
0.0012056
0.0012179
0.0012301
0.0012423
0.0012546
0.0012668
0.0012791
0.0012913
0.0013035
0.0013157
0.0013279
0.0013401
0.0013523
0.0013645
0.0013767
0.0013889
0.0014011
0.0014133
0.0014255
0.0014377
0.0014498
0.001462
0.0014741
0.0014863
0.0014984
0.0015106
0.0015227
0.0015349
0.001547
0.0015591
0.0015712
0.0015833
0.0015954
0.0016075
0.0016196
0.0016317
0.0016438
0.0016559
0.001668
0.00168
0.0016921
0.0017041
0.0017162
0.0017282
0.0017403
0.0017523
0.0017643
0.0017764
0.0017884
0.0018004
0.0018124
0.0018244
0.0018363
0.0018483
0.0018603
0.0018723
0.0018842
0.0018962
0.0019081
0.0019201
0.001932
0.0019439
0.0019558
0.0019677
0.0019796
0.0019915
0.0020034
0.0020153
0.0020272
0.002039
0.0020509
0.0020627
0.0020746
0.0020864
0.0020982
0.0021101
0.0021219
0.0021337
0.0021455
0.0021572
0.002169
0.0021808
0.0021925
0.0022043
0.002216
0.0022278
0.0022395
0.0022512
0.0022629
0.0022746
0.0022863
0.002298
0.0023096
0.0023213
0.0023329
0.0023446
0.0023562
0.0023678
0.0023794
0.002391
0.0024026
0.0024142
0.0024257
0.0024373
0.0024488
0.0024604
0.0024719
0.0024834
0.0024949
0.0025064
0.0025179
0.0025294
0.0025408
0.0025523
0.0025637
0.0025751
0.0025865
0.0025979
0.0026093
0.0026207
0.0026321
0.0026434
0.0026547
0.0026661
0.0026774
0.0026887
0.0027
0.0027113
0.0027225
0.0027338
0.002745
0.0027562
0.0027674
0.0027786
0.0027898
0.002801
0.0028122
0.0028233
0.0028344
0.0028455
0.0028567
0.0028677
0.0028788
0.0028899
0.0029009
0.0029119
0.002923
0.002934
0.0029449
0.0029559
0.0029669
0.0029778
0.0029887
0.0029996
0.0030105
0.0030214
0.0030323
0.0030431
0.0030539
0.0030647
0.0030755
0.0030863
0.0030971
0.0031078
0.0031185
0.0031292
0.0031399
0.0031506
0.0031613
0.0031719
0.0031825
0.0031931
0.0032037
0.0032143
0.0032248
0.0032354
0.0032459
0.0032564
0.0032668
0.0032773
0.0032877
0.0032981
0.0033085
0.0033189
0.0033293
0.0033396
0.0033499
0.0033602
0.0033705
0.0033807
0.003391
0.0034012
0.0034114
0.0034216
0.0034317
0.0034418
0.0034519
0.003462
0.0034721
0.0034821
0.0034922
0.0035022
0.0035121
0.0035221
0.003532
0.0035419
0.0035518
0.0035617
0.0035715
0.0035813
0.0035911
0.0036009
0.0036106
0.0036203
0.00363
0.0036397
0.0036493
0.003659
0.0036685
0.0036781
0.0036877
0.0036972
0.0037067
0.0037161
0.0037256
0.003735
0.0037444
0.0037537
0.0037631
0.0037724
0.0037817
0.0037909
0.0038001
0.0038093
0.0038185
0.0038276
0.0038368
0.0038458
0.0038549
0.0038639
0.0038729
0.0038819
0.0038908
0.0038997
0.0039086
0.0039175
0.0039263
0.0039351
0.0039438
0.0039526
0.0039613
0.0039699
0.0039786
0.0039872
0.0039958
0.0040043
0.0040128
0.0040213
0.0040297
0.0040381
0.0040465
0.0040549
0.0040632
0.0040715
0.0040797
0.0040879
0.0040961
0.0041042
0.0041123
0.0041204
0.0041285
0.0041365
0.0041444
0.0041524
0.0041603
0.0041681
0.004176
0.0041837
0.0041915
0.0041992
0.0042069
0.0042145
0.0042221
0.0042297
0.0042372
0.0042447
0.0042522
0.0042596
0.004267
0.0042743
0.0042816
0.0042889
0.0042961
0.0043033
0.0043104
0.0043175
0.0043246
0.0043316
0.0043386
0.0043455
0.0043524
0.0043592
0.004366
0.0043728
0.0043795
0.0043862
0.0043929
0.0043995
0.004406
0.0044125
0.004419
0.0044254
0.0044318
0.0044381
0.0044444
0.0044506
0.0044568
0.004463
0.0044691
0.0044752
0.0044812
0.0044871
0.0044931
0.0044989
0.0045048
0.0045105
0.0045163
0.004522
0.0045276
0.0045332
0.0045387
0.0045442
0.0045496
0.004555
0.0045604
0.0045657
0.0045709
0.0045761
0.0045812
0.0045863
0.0045914
0.0045963
0.0046013
0.0046062
0.004611
0.0046158
0.0046205
0.0046252
0.0046298
0.0046343
0.0046388
0.0046433
0.0046477
0.004652
0.0046563
0.0046606
0.0046648
0.0046689
0.0046729
0.004677
0.0046809
0.0046848
0.0046886
0.0046924
0.0046962
0.0046998
0.0047034
0.004707
0.0047105
0.0047139
0.0047173
0.0047206
0.0047238
0.004727
0.0047302
0.0047332
0.0047363
0.0047392
0.0047421
0.0047449
0.0047477
0.0047504
0.004753
0.0047556
0.0047581
0.0047605
0.0047629
0.0047652
0.0047675
0.0047697
0.0047718
0.0047739
0.0047759
0.0047778
0.0047796
0.0047814
0.0047832
0.0047848
0.0047864
0.0047879
0.0047894
0.0047908
0.0047921
0.0047934
0.0047945
0.0047956
0.0047967
0.0047977
0.0047986
0.0047994
0.0048001
0.0048008
0.0048014
0.004802
0.0048024
0.0048028
0.0048032
0.0048034
0.0048036
0.0048037
0.0048037
0.0048037
0.0048036
0.0048034
0.0048031
0.0048028
0.0048023
0.0048018
0.0048013
0.0048006
0.0047999
0.0047991
0.0047982
0.0047972
0.0047962
0.004795
0.0047938
0.0047926
0.0047912
0.0047898
0.0047882
0.0047866
0.004785
0.0047832
0.0047813
0.0047794
0.0047774
0.0047753
0.0047731
0.0047709
0.0047685
0.0047661
0.0047636
0.004761
0.0047583
0.0047555
0.0047527
0.0047497
0.0047467
0.0047436
0.0047404
0.0047371
0.0047337
0.0047303
0.0047267
0.0047231
0.0047194
0.0047156
0.0047116
0.0047076
0.0047036
0.0046994
0.0046951
0.0046908
0.0046863
0.0046818
0.0046771
0.0046724
0.0046676
0.0046627
0.0046577
0.0046526
0.0046474
0.0046421
0.0046367
0.0046312
0.0046256
0.0046199
0.0046142
0.0046083
0.0046024
0.0045963
0.0045901
0.0045839
0.0045775
0.0045711
0.0045645
0.0045579
0.0045511
0.0045443
0.0045373
0.0045303
0.0045231
0.0045159
0.0045085
0.0045011
0.0044935
0.0044858
0.0044781
0.0044702
0.0044622
0.0044542
0.004446
0.0044377
0.0044293
0.0044208
0.0044122
0.0044035
0.0043947
0.0043858
0.0043768
0.0043676
0.0043584
0.004349
0.0043396
0.00433
0.0043203
0.0043106
0.0043007
0.0042907
0.0042805
0.0042703
0.00426
0.0042495
0.004239
0.0042283
0.0042175
0.0042066
0.0041956
0.0041845
0.0041732
0.0041619
0.0041504
0.0041388
0.0041271
0.0041153
0.0041034
0.0040913
0.0040792
0.0040669
0.0040545
0.004042
0.0040294
0.0040166
0.0040037
0.0039908
0.0039776
0.0039644
0.0039511
0.0039376
0.003924
0.0039103
0.0038965
0.0038825
0.0038684
0.0038543
0.0038399
0.0038255
0.0038109
0.0037962
0.0037814
0.0037665
0.0037514
0.0037362
0.0037209
0.0037055
0.0036899
0.0036742
0.0036584
0.0036424
0.0036264
0.0036102
0.0035938
0.0035774
0.0035608
0.0035441
0.0035272
0.0035103
0.0034931
0.0034759
0.0034585
0.003441
0.0034234
0.0034057
0.0033878
0.0033697
0.0033516
0.0033333
0.0033148
0.0032963
0.0032776
0.0032588
0.0032398
0.0032207
0.0032015
0.0031821
0.0031626
0.0031429
0.0031231
0.0031032
0.0030832
0.003063
0.0030426
0.0030222
0.0030016
0.0029808
0.0029599
0.0029389
0.0029177
0.0028964
0.002875
0.0028534
0.0028316
0.0028098
0.0027877
0.0027656
0.0027433
0.0027208
0.0026982
0.0026755
0.0026526
0.0026296
0.0026064
0.0025831
0.0025596
0.002536
0.0025123
0.0024884
0.0024643
0.0024402
0.0024158
0.0023913
0.0023667
0.0023419
0.002317
0.0022919
0.0022667
0.0022413
0.0022158
0.0021901
0.0021642
0.0021383
0.0021121
0.0020858
0.0020594
0.0020328
0.0020061
0.0019792
0.0019521
0.0019249
0.0018976
0.00187
0.0018424
0.0018146
0.0017866
0.0017584
0.0017302
0.0017017
0.0016731
0.0016444
0.0016154
0.0015864
0.0015571
0.0015278
0.0014982
0.0014685
0.0014386
0.0014087
0.0013784
0.0013481
0.0013176
0.001287
0.0012561
0.0012252
0.0011939
0.0011628
0.0011311
0.0010997
0.0010677
0.001036
0.0010036
0.00097161
0.00093884
0.00090658
0.00087343
0.00084088
0.00080738
0.00077452
0.00074067
0.00070748
0.00067332
0.00063975
0.00060532
0.00057135
0.00053667
0.00050226
0.00046736
0.00043249
0.00039738
0.00036205
0.00032671
0.00029095
0.00025535
0.00021919
0.00018328
0.00014679
0.0001105
7.3728e-05
3.7007e-05
