-0.20306
-0.26899
-0.30721
-0.33348
-0.35306
-0.36839
-0.38076
-0.39098
-0.39955
-0.40683
-0.41308
-0.41848
-0.42318
-0.42729
-0.43089
-0.43407
-0.43688
-0.43936
-0.44157
-0.44352
-0.44526
-0.44681
-0.44818
-0.4494
-0.45048
-0.45145
-0.4523
-0.45305
-0.45371
-0.45429
-0.4548
-0.45524
-0.45562
-0.45594
-0.45621
-0.45644
-0.45663
-0.45678
-0.45689
-0.45697
-0.45702
-0.45705
-0.45705
-0.45703
-0.45698
-0.45692
-0.45684
-0.45674
-0.45663
-0.45651
-0.45637
-0.45622
-0.45606
-0.45589
-0.45571
-0.45552
-0.45532
-0.45512
-0.45491
-0.45469
-0.45447
-0.45424
-0.45401
-0.45377
-0.45353
-0.45328
-0.45303
-0.45278
-0.45253
-0.45227
-0.452
-0.45174
-0.45147
-0.4512
-0.45093
-0.45066
-0.45038
-0.45011
-0.44983
-0.44955
-0.44927
-0.44899
-0.4487
-0.44842
-0.44814
-0.44785
-0.44756
-0.44727
-0.44699
-0.4467
-0.44641
-0.44612
-0.44583
-0.44553
-0.44524
-0.44495
-0.44466
-0.44436
-0.44407
-0.44378
-0.44348
-0.44319
-0.44289
-0.4426
-0.4423
-0.442
-0.44171
-0.44141
-0.44112
-0.44082
-0.44052
-0.44023
-0.43993
-0.43963
-0.43934
-0.43904
-0.43874
-0.43844
-0.43815
-0.43785
-0.43755
-0.43725
-0.43695
-0.43666
-0.43636
-0.43606
-0.43576
-0.43546
-0.43517
-0.43487
-0.43457
-0.43427
-0.43397
-0.43367
-0.43338
-0.43308
-0.43278
-0.43248
-0.43218
-0.43188
-0.43158
-0.43129
-0.43099
-0.43069
-0.43039
-0.43009
-0.42979
-0.42949
-0.4292
-0.4289
-0.4286
-0.4283
-0.428
-0.4277
-0.4274
-0.4271
-0.4268
-0.42651
-0.42621
-0.42591
-0.42561
-0.42531
-0.42501
-0.42471
-0.42441
-0.42412
-0.42382
-0.42352
-0.42322
-0.42292
-0.42262
-0.42232
-0.42202
-0.42172
-0.42143
-0.42113
-0.42083
-0.42053
-0.42023
-0.41993
-0.41963
-0.41933
-0.41903
-0.41874
-0.41844
-0.41814
-0.41784
-0.41754
-0.41724
-0.41694
-0.41664
-0.41634
-0.41604
-0.41575
-0.41545
-0.41515
-0.41485
-0.41455
-0.41425
-0.41395
-0.41365
-0.41335
-0.41306
-0.41276
-0.41246
-0.41216
-0.41186
-0.41156
-0.41126
-0.41096
-0.41066
-0.41037
-0.41007
-0.40977
-0.40947
-0.40917
-0.40887
-0.40857
-0.40827
-0.40797
-0.40768
-0.40738
-0.40708
-0.40678
-0.40648
-0.40618
-0.40588
-0.40558
-0.40528
-0.40498
-0.40469
-0.40439
-0.40409
-0.40379
-0.40349
-0.40319
-0.40289
-0.40259
-0.40229
-0.402
-0.4017
-0.4014
-0.4011
-0.4008
-0.4005
-0.4002
-0.3999
-0.3996
-0.39931
-0.39901
-0.39871
-0.39841
-0.39811
-0.39781
-0.39751
-0.39721
-0.39691
-0.39662
-0.39632
-0.39602
-0.39572
-0.39542
-0.39512
-0.39482
-0.39452
-0.39422
-0.39392
-0.39363
-0.39333
-0.39303
-0.39273
-0.39243
-0.39213
-0.39183
-0.39153
-0.39123
-0.39094
-0.39064
-0.39034
-0.39004
-0.38974
-0.38944
-0.38914
-0.38884
-0.38854
-0.38825
-0.38795
-0.38765
-0.38735
-0.38705
-0.38675
-0.38645
-0.38615
-0.38585
-0.38555
-0.38526
-0.38496
-0.38466
-0.38436
-0.38406
-0.38376
-0.38346
-0.38316
-0.38286
-0.38257
-0.38227
-0.38197
-0.38167
-0.38137
-0.38107
-0.38077
-0.38047
-0.38017
-0.37988
-0.37958
-0.37928
-0.37898
-0.37868
-0.37838
-0.37808
-0.37778
-0.37748
-0.37719
-0.37689
-0.37659
-0.37629
-0.37599
-0.37569
-0.37539
-0.37509
-0.37479
-0.37449
-0.3742
-0.3739
-0.3736
-0.3733
-0.373
-0.3727
-0.3724
-0.3721
-0.3718
-0.37151
-0.37121
-0.37091
-0.37061
-0.37031
-0.37001
-0.36971
-0.36941
-0.36911
-0.36882
-0.36852
-0.36822
-0.36792
-0.36762
-0.36732
-0.36702
-0.36672
-0.36642
-0.36612
-0.36583
-0.36553
-0.36523
-0.36493
-0.36463
-0.36433
-0.36403
-0.36373
-0.36343
-0.36314
-0.36284
-0.36254
-0.36224
-0.36194
-0.36164
-0.36134
-0.36104
-0.36074
-0.36045
-0.36015
-0.35985
-0.35955
-0.35925
-0.35895
-0.35865
-0.35835
-0.35805
-0.35776
-0.35746
-0.35716
-0.35686
-0.35656
-0.35626
-0.35596
-0.35566
-0.35536
-0.35506
-0.35477
-0.35447
-0.35417
-0.35387
-0.35357
-0.35327
-0.35297
-0.35267
-0.35237
-0.35208
-0.35178
-0.35148
-0.35118
-0.35088
-0.35058
-0.35028
-0.34998
-0.34968
-0.34939
-0.34909
-0.34879
-0.34849
-0.34819
-0.34789
-0.34759
-0.34729
-0.34699
-0.34669
-0.3464
-0.3461
-0.3458
-0.3455
-0.3452
-0.3449
-0.3446
-0.3443
-0.344
-0.34371
-0.34341
-0.34311
-0.34281
-0.34251
-0.34221
-0.34191
-0.34161
-0.34131
-0.34102
-0.34072
-0.34042
-0.34012
-0.33982
-0.33952
-0.33922
-0.33892
-0.33862
-0.33833
-0.33803
-0.33773
-0.33743
-0.33713
-0.33683
-0.33653
-0.33623
-0.33593
-0.33563
-0.33534
-0.33504
-0.33474
-0.33444
-0.33414
-0.33384
-0.33354
-0.33324
-0.33294
-0.33265
-0.33235
-0.33205
-0.33175
-0.33145
-0.33115
-0.33085
-0.33055
-0.33025
-0.32996
-0.32966
-0.32936
-0.32906
-0.32876
-0.32846
-0.32816
-0.32786
-0.32756
-0.32726
-0.32697
-0.32667
-0.32637
-0.32607
-0.32577
-0.32547
-0.32517
-0.32487
-0.32457
-0.32428
-0.32398
-0.32368
-0.32338
-0.32308
-0.32278
-0.32248
-0.32218
-0.32188
-0.32159
-0.32129
-0.32099
-0.32069
-0.32039
-0.32009
-0.31979
-0.31949
-0.31919
-0.3189
-0.3186
-0.3183
-0.318
-0.3177
-0.3174
-0.3171
-0.3168
-0.3165
-0.3162
-0.31591
-0.31561
-0.31531
-0.31501
-0.31471
-0.31441
-0.31411
-0.31381
-0.31351
-0.31322
-0.31292
-0.31262
-0.31232
-0.31202
-0.31172
-0.31142
-0.31112
-0.31082
-0.31053
-0.31023
-0.30993
-0.30963
-0.30933
-0.30903
-0.30873
-0.30843
-0.30813
-0.30783
-0.30754
-0.30724
-0.30694
-0.30664
-0.30634
-0.30604
-0.30574
-0.30544
-0.30514
-0.30485
-0.30455
-0.30425
-0.30395
-0.30365
-0.30335
-0.30305
-0.30275
-0.30245
-0.30216
-0.30186
-0.30156
-0.30126
-0.30096
-0.30066
-0.30036
-0.30006
-0.29976
-0.29947
-0.29917
-0.29887
-0.29857
-0.29827
-0.29797
-0.29767
-0.29737
-0.29707
-0.29677
-0.29648
-0.29618
-0.29588
-0.29558
-0.29528
-0.29498
-0.29468
-0.29438
-0.29408
-0.29379
-0.29349
-0.29319
-0.29289
-0.29259
-0.29229
-0.29199
-0.29169
-0.29139
-0.2911
-0.2908
-0.2905
-0.2902
-0.2899
-0.2896
-0.2893
-0.289
-0.2887
-0.2884
-0.28811
-0.28781
-0.28751
-0.28721
-0.28691
-0.28661
-0.28631
-0.28601
-0.28571
-0.28542
-0.28512
-0.28482
-0.28452
-0.28422
-0.28392
-0.28362
-0.28332
-0.28302
-0.28273
-0.28243
-0.28213
-0.28183
-0.28153
-0.28123
-0.28093
-0.28063
-0.28033
-0.28004
-0.27974
-0.27944
-0.27914
-0.27884
-0.27854
-0.27824
-0.27794
-0.27764
-0.27734
-0.27705
-0.27675
-0.27645
-0.27615
-0.27585
-0.27555
-0.27525
-0.27495
-0.27465
-0.27436
-0.27406
-0.27376
-0.27346
-0.27316
-0.27286
-0.27256
-0.27226
-0.27196
-0.27167
-0.27137
-0.27107
-0.27077
-0.27047
-0.27017
-0.26987
-0.26957
-0.26927
-0.26897
-0.26868
-0.26838
-0.26808
-0.26778
-0.26748
-0.26718
-0.26688
-0.26658
-0.26628
-0.26599
-0.26569
-0.26539
-0.26509
-0.26479
-0.26449
-0.26419
-0.26389
-0.26359
-0.2633
-0.263
-0.2627
-0.2624
-0.2621
-0.2618
-0.2615
-0.2612
-0.2609
-0.26061
-0.26031
-0.26001
-0.25971
-0.25941
-0.25911
-0.25881
-0.25851
-0.25821
-0.25791
-0.25762
-0.25732
-0.25702
-0.25672
-0.25642
-0.25612
-0.25582
-0.25552
-0.25522
-0.25493
-0.25463
-0.25433
-0.25403
-0.25373
-0.25343
-0.25313
-0.25283
-0.25253
-0.25224
-0.25194
-0.25164
-0.25134
-0.25104
-0.25074
-0.25044
-0.25014
-0.24984
-0.24954
-0.24925
-0.24895
-0.24865
-0.24835
-0.24805
-0.24775
-0.24745
-0.24715
-0.24685
-0.24656
-0.24626
-0.24596
-0.24566
-0.24536
-0.24506
-0.24476
-0.24446
-0.24416
-0.24387
-0.24357
-0.24327
-0.24297
-0.24267
-0.24237
-0.24207
-0.24177
-0.24147
-0.24118
-0.24088
-0.24058
-0.24028
-0.23998
-0.23968
-0.23938
-0.23908
-0.23878
-0.23848
-0.23819
-0.23789
-0.23759
-0.23729
-0.23699
-0.23669
-0.23639
-0.23609
-0.23579
-0.2355
-0.2352
-0.2349
-0.2346
-0.2343
-0.234
-0.2337
-0.2334
-0.2331
-0.23281
-0.23251
-0.23221
-0.23191
-0.23161
-0.23131
-0.23101
-0.23071
-0.23041
-0.23011
-0.22982
-0.22952
-0.22922
-0.22892
-0.22862
-0.22832
-0.22802
-0.22772
-0.22742
-0.22713
-0.22683
-0.22653
-0.22623
-0.22593
-0.22563
-0.22533
-0.22503
-0.22473
-0.22444
-0.22414
-0.22384
-0.22354
-0.22324
-0.22294
-0.22264
-0.22234
-0.22204
-0.22175
-0.22145
-0.22115
-0.22085
-0.22055
-0.22025
-0.21995
-0.21965
-0.21935
-0.21905
-0.21876
-0.21846
-0.21816
-0.21786
-0.21756
-0.21726
-0.21696
-0.21666
-0.21636
-0.21607
-0.21577
-0.21547
-0.21517
-0.21487
-0.21457
-0.21427
-0.21397
-0.21367
-0.21338
-0.21308
-0.21278
-0.21248
-0.21218
-0.21188
-0.21158
-0.21128
-0.21098
-0.21068
-0.21039
-0.21009
-0.20979
-0.20949
-0.20919
-0.20889
-0.20859
-0.20829
-0.20799
-0.2077
-0.2074
-0.2071
-0.2068
-0.2065
-0.2062
-0.2059
-0.2056
-0.2053
-0.20501
-0.20471
-0.20441
-0.20411
-0.20381
-0.20351
-0.20321
-0.20291
-0.20261
-0.20232
-0.20202
-0.20172
-0.20142
-0.20112
-0.20082
-0.20052
-0.20022
-0.19992
-0.19962
-0.19933
-0.19903
-0.19873
-0.19843
-0.19813
-0.19783
-0.19753
-0.19723
-0.19693
-0.19664
-0.19634
-0.19604
-0.19574
-0.19544
-0.19514
-0.19484
-0.19454
-0.19424
-0.19395
-0.19365
-0.19335
-0.19305
-0.19275
-0.19245
-0.19215
-0.19185
-0.19155
-0.19125
-0.19096
-0.19066
-0.19036
-0.19006
-0.18976
-0.18946
-0.18916
-0.18886
-0.18856
-0.18827
-0.18797
-0.18767
-0.18737
-0.18707
-0.18677
-0.18647
-0.18617
-0.18587
-0.18558
-0.18528
-0.18498
-0.18468
-0.18438
-0.18408
-0.18378
-0.18348
-0.18318
-0.18289
-0.18259
-0.18229
-0.18199
-0.18169
-0.18139
-0.18109
-0.18079
-0.18049
-0.18019
-0.1799
-0.1796
-0.1793
-0.179
-0.1787
-0.1784
-0.1781
-0.1778
-0.1775
-0.17721
-0.17691
-0.17661
-0.17631
-0.17601
-0.17571
-0.17541
-0.17511
-0.17481
-0.17452
-0.17422
-0.17392
-0.17362
-0.17332
-0.17302
-0.17272
-0.17242
-0.17212
-0.17182
-0.17153
-0.17123
-0.17093
-0.17063
-0.17033
-0.17003
-0.16973
-0.16943
-0.16913
-0.16884
-0.16854
-0.16824
-0.16794
-0.16764
-0.16734
-0.16704
-0.16674
-0.16644
-0.16615
-0.16585
-0.16555
-0.16525
-0.16495
-0.16465
-0.16435
-0.16405
-0.16375
-0.16346
-0.16316
-0.16286
-0.16256
-0.16226
-0.16196
-0.16166
-0.16136
-0.16106
-0.16076
-0.16047
-0.16017
-0.15987
-0.15957
-0.15927
-0.15897
-0.15867
-0.15837
-0.15807
-0.15778
-0.15748
-0.15718
-0.15688
-0.15658
-0.15628
-0.15598
-0.15568
-0.15538
-0.15509
-0.15479
-0.15449
-0.15419
-0.15389
-0.15359
-0.15329
-0.15299
-0.15269
-0.1524
-0.1521
-0.1518
-0.1515
-0.1512
-0.1509
-0.1506
-0.1503
-0.15
-0.1497
-0.14941
-0.14911
-0.14881
-0.14851
-0.14821
-0.14791
-0.14761
-0.14731
-0.14701
-0.14672
-0.14642
-0.14612
-0.14582
-0.14552
-0.14522
-0.14492
-0.14462
-0.14432
-0.14403
-0.14373
-0.14343
-0.14313
-0.14283
-0.14253
-0.14223
-0.14193
-0.14163
-0.14133
-0.14104
-0.14074
-0.14044
-0.14014
-0.13984
-0.13954
-0.13924
-0.13894
-0.13864
-0.13835
-0.13805
-0.13775
-0.13745
-0.13715
-0.13685
-0.13655
-0.13625
-0.13595
-0.13566
-0.13536
-0.13506
-0.13476
-0.13446
-0.13416
-0.13386
-0.13356
-0.13326
-0.13297
-0.13267
-0.13237
-0.13207
-0.13177
-0.13147
-0.13117
-0.13087
-0.13057
-0.13027
-0.12998
-0.12968
-0.12938
-0.12908
-0.12878
-0.12848
-0.12818
-0.12788
-0.12758
-0.12729
-0.12699
-0.12669
-0.12639
-0.12609
-0.12579
-0.12549
-0.12519
-0.12489
-0.1246
-0.1243
-0.124
-0.1237
-0.1234
-0.1231
-0.1228
-0.1225
-0.1222
-0.1219
-0.12161
-0.12131
-0.12101
-0.12071
-0.12041
-0.12011
-0.11981
-0.11951
-0.11921
-0.11892
-0.11862
-0.11832
-0.11802
-0.11772
-0.11742
-0.11712
-0.11682
-0.11652
-0.11623
-0.11593
-0.11563
-0.11533
-0.11503
-0.11473
-0.11443
-0.11413
-0.11383
-0.11354
-0.11324
-0.11294
-0.11264
-0.11234
-0.11204
-0.11174
-0.11144
-0.11114
-0.11084
-0.11055
-0.11025
-0.10995
-0.10965
-0.10935
-0.10905
-0.10875
-0.10845
-0.10815
-0.10786
-0.10756
-0.10726
-0.10696
-0.10666
-0.10636
-0.10606
-0.10576
-0.10546
-0.10517
-0.10487
-0.10457
-0.10427
-0.10397
-0.10367
-0.10337
-0.10307
-0.10277
-0.10247
-0.10218
-0.10188
-0.10158
-0.10128
-0.10098
-0.10068
-0.10038
-0.10008
-0.099785
-0.099486
-0.099187
-0.098888
-0.098589
-0.09829
-0.097991
-0.097692
-0.097393
-0.097094
-0.096795
-0.096496
-0.096197
-0.095899
-0.0956
-0.095301
-0.095002
-0.094703
-0.094404
-0.094105
-0.093806
-0.093507
-0.093208
-0.092909
-0.09261
-0.092311
-0.092013
-0.091714
-0.091415
-0.091116
-0.090817
-0.090518
-0.090219
-0.08992
-0.089621
-0.089322
-0.089023
-0.088724
-0.088425
-0.088127
-0.087828
-0.087529
-0.08723
-0.086931
-0.086632
-0.086333
-0.086034
-0.085735
-0.085436
-0.085137
-0.084838
-0.084539
-0.084241
-0.083942
-0.083643
-0.083344
-0.083045
-0.082746
-0.082447
-0.082148
-0.081849
-0.08155
-0.081251
-0.080952
-0.080653
-0.080355
-0.080056
-0.079757
-0.079458
-0.079159
-0.07886
-0.078561
-0.078262
-0.077963
-0.077664
-0.077365
-0.077066
-0.076767
-0.076469
-0.07617
-0.075871
-0.075572
-0.075273
-0.074974
-0.074675
-0.074376
-0.074077
-0.073778
-0.073479
-0.07318
-0.072881
-0.072583
-0.072284
-0.071985
-0.071686
-0.071387
-0.071088
-0.070789
-0.07049
-0.070191
-0.069892
-0.069593
-0.069294
-0.068995
-0.068697
-0.068398
-0.068099
-0.0678
-0.067501
-0.067202
-0.066903
-0.066604
-0.066305
-0.066006
-0.065707
-0.065408
-0.065109
-0.064811
-0.064512
-0.064213
-0.063914
-0.063615
-0.063316
-0.063017
-0.062718
-0.062419
-0.06212
-0.061821
-0.061522
-0.061223
-0.060925
-0.060626
-0.060327
-0.060028
-0.059729
-0.05943
-0.059131
-0.058832
-0.058533
-0.058234
-0.057935
-0.057636
-0.057337
-0.057039
-0.05674
-0.056441
-0.056142
-0.055843
-0.055544
-0.055245
-0.054946
-0.054647
-0.054348
-0.054049
-0.05375
-0.053451
-0.053153
-0.052854
-0.052555
-0.052256
-0.051957
-0.051658
-0.051359
-0.05106
-0.050761
-0.050462
-0.050163
-0.049864
-0.049565
-0.049267
-0.048968
-0.048669
-0.04837
-0.048071
-0.047772
-0.047473
-0.047174
-0.046875
-0.046576
-0.046277
-0.045978
-0.045679
-0.045381
-0.045082
-0.044783
-0.044484
-0.044185
-0.043886
-0.043587
-0.043288
-0.042989
-0.04269
-0.042391
-0.042092
-0.041793
-0.041495
-0.041196
-0.040897
-0.040598
-0.040299
-0.04
-0.039701
-0.039402
-0.039103
-0.038804
-0.038505
-0.038206
-0.037907
-0.037609
-0.03731
-0.037011
-0.036712
-0.036413
-0.036114
-0.035815
-0.035516
-0.035217
-0.034918
-0.034619
-0.03432
-0.034021
-0.033723
-0.033424
-0.033125
-0.032826
-0.032527
-0.032228
-0.031929
-0.03163
-0.031331
-0.031032
-0.030733
-0.030434
-0.030135
-0.029837
-0.029538
-0.029239
-0.02894
-0.028641
-0.028342
-0.028043
-0.027744
-0.027445
-0.027146
-0.026847
-0.026548
-0.026249
-0.025951
-0.025652
-0.025353
-0.025054
-0.024755
-0.024456
-0.024157
-0.023858
-0.023559
-0.02326
-0.022961
-0.022662
-0.022363
-0.022065
-0.021766
-0.021467
-0.021168
-0.020869
-0.02057
-0.020271
-0.019972
-0.019673
-0.019374
-0.019075
-0.018776
-0.018477
-0.018179
-0.01788
-0.017581
-0.017282
-0.016983
-0.016684
-0.016385
-0.016086
-0.015787
-0.015488
-0.015189
-0.01489
-0.014591
-0.014293
-0.013994
-0.013695
-0.013396
-0.013097
-0.012798
-0.012499
-0.0122
-0.011901
-0.011602
-0.011303
-0.011004
-0.010705
-0.010407
-0.010108
-0.0098087
-0.0095098
-0.0092109
-0.008912
-0.008613
-0.0083141
-0.0080152
-0.0077163
-0.0074173
-0.0071184
-0.0068195
-0.0065206
-0.0062217
-0.0059227
-0.0056238
-0.0053249
-0.005026
-0.004727
-0.0044281
-0.0041292
-0.0038303
-0.0035313
-0.0032324
-0.0029335
-0.0026346
-0.0023357
-0.0020367
-0.0017378
-0.0014389
-0.00114
-0.00084104
-0.00054211
-0.00024319
5.5732e-05
0.00035465
0.00065358
0.0009525
0.0012514
0.0015503
0.0018493
0.0021482
0.0024471
0.002746
0.003045
0.0033439
0.0036428
0.0039417
0.0042407
0.0045396
0.0048385
0.0051374
0.0054363
0.0057353
0.0060342
0.0063331
0.006632
0.006931
0.0072299
0.0075288
0.0078277
0.0081267
0.0084256
0.0087245
0.0090234
0.0093223
0.0096213
0.0099202
0.010219
0.010518
0.010817
0.011116
0.011415
0.011714
0.012013
0.012312
0.01261
0.012909
0.013208
0.013507
0.013806
0.014105
0.014404
0.014703
0.015002
0.015301
0.0156
0.015899
0.016198
0.016496
0.016795
0.017094
0.017393
0.017692
0.017991
0.01829
0.018589
0.018888
0.019187
0.019486
0.019785
0.020084
0.020382
0.020681
0.02098
0.021279
0.021578
0.021877
0.022176
0.022475
0.022774
0.023073
0.023372
0.023671
0.02397
0.024268
0.024567
0.024866
0.025165
0.025464
0.025763
0.026062
0.026361
0.02666
0.026959
0.027258
0.027557
0.027856
0.028154
0.028453
0.028752
0.029051
0.02935
0.029649
0.029948
0.030247
0.030546
0.030845
0.031144
0.031443
0.031742
0.03204
0.032339
0.032638
0.032937
0.033236
0.033535
0.033834
0.034133
0.034432
0.034731
0.03503
0.035329
0.035628
0.035926
0.036225
0.036524
0.036823
0.037122
0.037421
0.03772
0.038019
0.038318
0.038617
0.038916
0.039215
0.039514
0.039812
0.040111
0.04041
0.040709
0.041008
0.041307
0.041606
0.041905
0.042204
0.042503
0.042802
0.043101
0.0434
0.043698
0.043997
0.044296
0.044595
0.044894
0.045193
0.045492
0.045791
0.04609
0.046389
0.046688
0.046987
0.047286
0.047584
0.047883
0.048182
0.048481
0.04878
0.049079
0.049378
0.049677
0.049976
0.050275
0.050574
0.050873
0.051171
0.05147
0.051769
0.052068
0.052367
0.052666
0.052965
0.053264
0.053563
0.053862
0.054161
0.05446
0.054759
0.055057
0.055356
0.055655
0.055954
0.056253
0.056552
0.056851
0.05715
0.057449
0.057748
0.058047
0.058346
0.058644
0.058943
0.059242
0.059541
0.05984
0.060139
0.060438
0.060737
0.061036
0.061335
0.061634
0.061933
0.062232
0.06253
0.062829
0.063128
0.063427
0.063726
0.064025
0.064324
0.064623
0.064922
0.065221
0.06552
0.065819
0.066117
0.066416
0.066715
0.067014
0.067313
0.067612
0.067911
0.06821
0.068509
0.068808
0.069107
0.069406
0.069704
0.070003
0.070302
0.070601
0.0709
0.071199
0.071498
0.071797
0.072096
0.072395
0.072694
0.072992
0.073291
0.07359
0.073889
0.074188
0.074487
0.074786
0.075085
0.075384
0.075683
0.075982
0.076281
0.076579
0.076878
0.077177
0.077476
0.077775
0.078074
0.078373
0.078672
0.078971
0.07927
0.079569
0.079867
0.080166
0.080465
0.080764
0.081063
0.081362
0.081661
0.08196
0.082259
0.082558
0.082856
0.083155
0.083454
0.083753
0.084052
0.084351
0.08465
0.084949
0.085248
0.085547
0.085846
0.086144
0.086443
0.086742
0.087041
0.08734
0.087639
0.087938
0.088237
0.088536
0.088834
0.089133
0.089432
0.089731
0.09003
0.090329
0.090628
0.090927
0.091226
0.091525
0.091823
0.092122
0.092421
0.09272
0.093019
0.093318
0.093617
0.093916
0.094215
0.094513
0.094812
0.095111
0.09541
0.095709
0.096008
0.096307
0.096606
0.096904
0.097203
0.097502
0.097801
0.0981
0.098399
0.098698
0.098997
0.099295
0.099594
0.099893
0.10019
0.10049
0.10079
0.10109
0.10139
0.10169
0.10199
0.10228
0.10258
0.10288
0.10318
0.10348
0.10378
0.10408
0.10438
0.10467
0.10497
0.10527
0.10557
0.10587
0.10617
0.10647
0.10677
0.10707
0.10736
0.10766
0.10796
0.10826
0.10856
0.10886
0.10916
0.10946
0.10976
0.11005
0.11035
0.11065
0.11095
0.11125
0.11155
0.11185
0.11215
0.11244
0.11274
0.11304
0.11334
0.11364
0.11394
0.11424
0.11454
0.11483
0.11513
0.11543
0.11573
0.11603
0.11633
0.11663
0.11693
0.11723
0.11752
0.11782
0.11812
0.11842
0.11872
0.11902
0.11932
0.11962
0.11991
0.12021
0.12051
0.12081
0.12111
0.12141
0.12171
0.12201
0.1223
0.1226
0.1229
0.1232
0.1235
0.1238
0.1241
0.12439
0.12469
0.12499
0.12529
0.12559
0.12589
0.12619
0.12649
0.12678
0.12708
0.12738
0.12768
0.12798
0.12828
0.12858
0.12887
0.12917
0.12947
0.12977
0.13007
0.13037
0.13067
0.13097
0.13126
0.13156
0.13186
0.13216
0.13246
0.13276
0.13306
0.13335
0.13365
0.13395
0.13425
0.13455
0.13485
0.13515
0.13544
0.13574
0.13604
0.13634
0.13664
0.13694
0.13723
0.13753
0.13783
0.13813
0.13843
0.13873
0.13903
0.13932
0.13962
0.13992
0.14022
0.14052
0.14082
0.14111
0.14141
0.14171
0.14201
0.14231
0.14261
0.1429
0.1432
0.1435
0.1438
0.1441
0.1444
0.14469
0.14499
0.14529
0.14559
0.14589
0.14618
0.14648
0.14678
0.14708
0.14738
0.14768
0.14797
0.14827
0.14857
0.14887
0.14917
0.14946
0.14976
0.15006
0.15036
0.15066
0.15095
0.15125
0.15155
0.15185
0.15215
0.15244
0.15274
0.15304
0.15334
0.15364
0.15393
0.15423
0.15453
0.15483
0.15513
0.15542
0.15572
0.15602
0.15632
0.15661
0.15691
0.15721
0.15751
0.15781
0.1581
0.1584
0.1587
0.159
0.15929
0.15959
0.15989
0.16019
0.16048
0.16078
0.16108
0.16138
0.16167
0.16197
0.16227
0.16257
0.16286
0.16316
0.16346
0.16375
0.16405
0.16435
0.16465
0.16494
0.16524
0.16554
0.16583
0.16613
0.16643
0.16673
0.16702
0.16732
0.16762
0.16791
0.16821
0.16851
0.1688
0.1691
0.1694
0.16969
0.16999
0.17029
0.17058
0.17088
0.17118
0.17147
0.17177
0.17207
0.17236
0.17266
0.17296
0.17325
0.17355
0.17385
0.17414
0.17444
0.17473
0.17503
0.17533
0.17562
0.17592
0.17621
0.17651
0.17681
0.1771
0.1774
0.17769
0.17799
0.17828
0.17858
0.17888
0.17917
0.17947
0.17976
0.18006
0.18035
0.18065
0.18094
0.18124
0.18153
0.18183
0.18212
0.18242
0.18271
0.18301
0.1833
0.1836
0.18389
0.18419
0.18448
0.18478
0.18507
0.18537
0.18566
0.18596
0.18625
0.18654
0.18684
0.18713
0.18743
0.18772
0.18802
0.18831
0.1886
0.1889
0.18919
0.18948
0.18978
0.19007
0.19036
0.19066
0.19095
0.19124
0.19154
0.19183
0.19212
0.19242
0.19271
0.193
0.1933
0.19359
0.19388
0.19417
0.19447
0.19476
0.19505
0.19534
0.19563
0.19593
0.19622
0.19651
0.1968
0.19709
0.19739
0.19768
0.19797
0.19826
0.19855
0.19884
0.19913
0.19942
0.19972
0.20001
0.2003
0.20059
0.20088
0.20117
0.20146
0.20175
0.20204
0.20233
0.20262
0.20291
0.2032
0.20349
0.20378
0.20407
0.20436
0.20465
0.20493
0.20522
0.20551
0.2058
0.20609
0.20638
0.20667
0.20695
0.20724
0.20753
0.20782
0.20811
0.20839
0.20868
0.20897
0.20925
0.20954
0.20983
0.21012
0.2104
0.21069
0.21098
0.21126
0.21155
0.21183
0.21212
0.2124
0.21269
0.21298
0.21326
0.21355
0.21383
0.21411
0.2144
0.21468
0.21497
0.21525
0.21554
0.21582
0.2161
0.21639
0.21667
0.21695
0.21724
0.21752
0.2178
0.21808
0.21837
0.21865
0.21893
0.21921
0.21949
0.21977
0.22005
0.22034
0.22062
0.2209
0.22118
0.22146
0.22174
0.22202
0.2223
0.22258
0.22285
0.22313
0.22341
0.22369
0.22397
0.22425
0.22452
0.2248
0.22508
0.22536
0.22563
0.22591
0.22619
0.22646
0.22674
0.22701
0.22729
0.22756
0.22784
0.22811
0.22839
0.22866
0.22894
0.22921
0.22948
0.22976
0.23003
0.2303
0.23057
0.23085
0.23112
0.23139
0.23166
0.23193
0.2322
0.23247
0.23274
0.23301
0.23328
0.23355
0.23382
0.23409
0.23436
0.23463
0.2349
0.23516
0.23543
0.2357
0.23596
0.23623
0.2365
0.23676
0.23703
0.23729
0.23756
0.23782
0.23808
0.23835
0.23861
0.23887
0.23914
0.2394
0.23966
0.23992
0.24018
0.24044
0.2407
0.24096
0.24122
0.24148
0.24174
0.242
0.24226
0.24252
0.24277
0.24303
0.24329
0.24354
0.2438
0.24406
0.24431
0.24456
0.24482
0.24507
0.24533
0.24558
0.24583
0.24608
0.24634
0.24659
0.24684
0.24709
0.24734
0.24759
0.24784
0.24808
0.24833
0.24858
0.24883
0.24907
0.24932
0.24957
0.24981
0.25006
0.2503
0.25054
0.25079
0.25103
0.25127
0.25151
0.25175
0.252
0.25224
0.25248
0.25271
0.25295
0.25319
0.25343
0.25367
0.2539
0.25414
0.25437
0.25461
0.25484
0.25508
0.25531
0.25554
0.25577
0.25601
0.25624
0.25647
0.2567
0.25693
0.25715
0.25738
0.25761
0.25784
0.25806
0.25829
0.25851
0.25874
0.25896
0.25918
0.25941
0.25963
0.25985
0.26007
0.26029
0.26051
0.26073
0.26094
0.26116
0.26138
0.26159
0.26181
0.26202
0.26224
0.26245
0.26266
0.26287
0.26308
0.26329
0.2635
0.26371
0.26392
0.26413
0.26433
0.26454
0.26474
0.26495
0.26515
0.26535
0.26555
0.26576
0.26596
0.26616
0.26635
0.26655
0.26675
0.26695
0.26714
0.26734
0.26753
0.26772
0.26792
0.26811
0.2683
0.26849
0.26868
0.26886
0.26905
0.26924
0.26942
0.26961
0.26979
0.26997
0.27016
0.27034
0.27052
0.2707
0.27087
0.27105
0.27123
0.2714
0.27158
0.27175
0.27192
0.2721
0.27227
0.27244
0.27261
0.27277
0.27294
0.27311
0.27327
0.27344
0.2736
0.27376
0.27392
0.27408
0.27424
0.2744
0.27456
0.27471
0.27487
0.27502
0.27517
0.27532
0.27548
0.27562
0.27577
0.27592
0.27607
0.27621
0.27636
0.2765
0.27664
0.27678
0.27692
0.27706
0.2772
0.27733
0.27747
0.2776
0.27774
0.27787
0.278
0.27813
0.27826
0.27838
0.27851
0.27863
0.27876
0.27888
0.279
0.27912
0.27924
0.27936
0.27947
0.27959
0.2797
0.27981
0.27993
0.28004
0.28014
0.28025
0.28036
0.28046
0.28057
0.28067
0.28077
0.28087
0.28097
0.28106
0.28116
0.28125
0.28135
0.28144
0.28153
0.28162
0.28171
0.28179
0.28188
0.28196
0.28204
0.28212
0.2822
0.28228
0.28236
0.28243
0.2825
0.28258
0.28265
0.28272
0.28278
0.28285
0.28292
0.28298
0.28304
0.2831
0.28316
0.28322
0.28327
0.28333
0.28338
0.28343
0.28348
0.28353
0.28358
0.28362
0.28367
0.28371
0.28375
0.28379
0.28383
0.28386
0.2839
0.28393
0.28396
0.28399
0.28402
0.28405
0.28407
0.28409
0.28411
0.28413
0.28415
0.28417
0.28418
0.2842
0.28421
0.28422
0.28423
0.28423
0.28424
0.28424
0.28424
0.28424
0.28424
0.28424
0.28423
0.28422
0.28422
0.28421
0.28419
0.28418
0.28416
0.28415
0.28413
0.2841
0.28408
0.28406
0.28403
0.284
0.28397
0.28394
0.28391
0.28387
0.28383
0.28379
0.28375
0.28371
0.28366
0.28362
0.28357
0.28352
0.28347
0.28341
0.28336
0.2833
0.28324
0.28318
0.28311
0.28305
0.28298
0.28291
0.28284
0.28277
0.28269
0.28261
0.28253
0.28245
0.28237
0.28228
0.2822
0.28211
0.28202
0.28192
0.28183
0.28173
0.28163
0.28153
0.28143
0.28132
0.28122
0.28111
0.281
0.28088
0.28077
0.28065
0.28053
0.28041
0.28029
0.28016
0.28003
0.2799
0.27977
0.27964
0.2795
0.27936
0.27922
0.27908
0.27894
0.27879
0.27864
0.27849
0.27834
0.27818
0.27803
0.27787
0.27771
0.27754
0.27738
0.27721
0.27704
0.27687
0.27669
0.27651
0.27634
0.27615
0.27597
0.27579
0.2756
0.27541
0.27522
0.27502
0.27483
0.27463
0.27443
0.27422
0.27402
0.27381
0.2736
0.27339
0.27317
0.27296
0.27274
0.27252
0.27229
0.27207
0.27184
0.27161
0.27138
0.27114
0.27091
0.27067
0.27043
0.27018
0.26994
0.26969
0.26944
0.26918
0.26893
0.26867
0.26841
0.26815
0.26788
0.26762
0.26735
0.26708
0.2668
0.26653
0.26625
0.26597
0.26568
0.2654
0.26511
0.26482
0.26453
0.26423
0.26393
0.26363
0.26333
0.26303
0.26272
0.26241
0.2621
0.26179
0.26147
0.26115
0.26083
0.26051
0.26018
0.25985
0.25952
0.25919
0.25885
0.25852
0.25818
0.25783
0.25749
0.25714
0.25679
0.25644
0.25609
0.25573
0.25537
0.25501
0.25465
0.25428
0.25391
0.25354
0.25317
0.25279
0.25241
0.25203
0.25165
0.25126
0.25087
0.25048
0.25009
0.2497
0.2493
0.2489
0.2485
0.24809
0.24768
0.24727
0.24686
0.24645
0.24603
0.24561
0.24519
0.24477
0.24434
0.24391
0.24348
0.24305
0.24261
0.24217
0.24173
0.24129
0.24084
0.24039
0.23994
0.23949
0.23904
0.23858
0.23812
0.23766
0.23719
0.23672
0.23625
0.23578
0.23531
0.23483
0.23435
0.23387
0.23339
0.2329
0.23241
0.23192
0.23143
0.23093
0.23043
0.22993
0.22943
0.22893
0.22842
0.22791
0.2274
0.22688
0.22636
0.22585
0.22532
0.2248
0.22427
0.22374
0.22321
0.22268
0.22215
0.22161
0.22107
0.22052
0.21998
0.21943
0.21888
0.21833
0.21778
0.21722
0.21666
0.2161
0.21554
0.21497
0.2144
0.21383
0.21326
0.21269
0.21211
0.21153
0.21095
0.21036
0.20978
0.20919
0.2086
0.20801
0.20741
0.20682
0.20622
0.20561
0.20501
0.2044
0.2038
0.20319
0.20257
0.20196
0.20134
0.20072
0.2001
0.19948
0.19885
0.19822
0.19759
0.19696
0.19633
0.19569
0.19505
0.19441
0.19377
0.19312
0.19248
0.19183
0.19118
0.19052
0.18987
0.18921
0.18855
0.18789
0.18722
0.18656
0.18589
0.18522
0.18455
0.18387
0.1832
0.18252
0.18184
0.18116
0.18047
0.17979
0.1791
0.17841
0.17772
0.17702
0.17633
0.17563
0.17493
0.17423
0.17352
0.17282
0.17211
0.1714
0.17069
0.16998
0.16926
0.16854
0.16783
0.1671
0.16638
0.16566
0.16493
0.1642
0.16347
0.16274
0.16201
0.16127
0.16053
0.15979
0.15905
0.15831
0.15757
0.15682
0.15607
0.15532
0.15457
0.15382
0.15306
0.15231
0.15155
0.15079
0.15003
0.14926
0.1485
0.14773
0.14696
0.14619
0.14542
0.14465
0.14388
0.1431
0.14232
0.14154
0.14076
0.13998
0.13919
0.13841
0.13762
0.13683
0.13604
0.13525
0.13446
0.13366
0.13286
0.13207
0.13127
0.13047
0.12966
0.12886
0.12806
0.12725
0.12644
0.12563
0.12482
0.12401
0.1232
0.12238
0.12157
0.12075
0.11993
0.11911
0.11829
0.11747
0.11664
0.11582
0.11499
0.11416
0.11333
0.1125
0.11167
0.11084
0.11001
0.10917
0.10833
0.1075
0.10666
0.10582
0.10498
0.10414
0.10329
0.10245
0.1016
0.10076
0.099909
0.09906
0.098211
0.09736
0.096509
0.095656
0.094802
0.093948
0.093092
0.092235
0.091378
0.090519
0.08966
0.088799
0.087938
0.087075
0.086212
0.085348
0.084483
0.083617
0.082751
0.081883
0.081015
0.080146
0.079276
0.078405
0.077533
0.076661
0.075788
0.074914
0.074039
0.073164
0.072288
0.071411
0.070534
0.069656
0.068777
0.067897
0.067017
0.066136
0.065255
0.064373
0.06349
0.062607
0.061723
0.060839
0.059954
0.059068
0.058182
0.057296
0.056409
0.055521
0.054633
0.053745
0.052856
0.051966
0.051076
0.050186
0.049295
0.048404
0.047513
0.046621
0.045728
0.044836
0.043943
0.043049
0.042156
0.041262
0.040367
0.039473
0.038578
0.037683
0.036788
0.035892
0.034996
0.0341
0.033204
0.032307
0.031411
0.030513
0.029617
0.028719
0.027823
0.026924
0.026028
0.025128
0.024233
0.023332
0.022437
0.021536
0.020642
0.01974
0.018846
0.017943
0.01705
0.016147
0.015254
0.014351
0.013459
0.012555
0.011663
0.010759
0.0098678
0.008964
0.0080726
0.0071696
0.0062778
0.0053759
0.0044834
0.003583
0.0026895
0.0017911
0.0008963
