-0.0030937
-0.0038121
-0.0041296
-0.0042998
-0.0043988
-0.0044583
-0.0044935
-0.004513
-0.0045218
-0.004523
-0.0045187
-0.0045102
-0.0044987
-0.0044847
-0.0044688
-0.0044514
-0.0044329
-0.0044133
-0.0043929
-0.0043719
-0.0043503
-0.0043283
-0.0043059
-0.0042831
-0.0042601
-0.0042369
-0.0042134
-0.0041898
-0.004166
-0.0041421
-0.0041181
-0.004094
-0.0040698
-0.0040455
-0.0040211
-0.0039967
-0.0039722
-0.0039477
-0.0039232
-0.0038986
-0.003874
-0.0038493
-0.0038246
-0.0037999
-0.0037752
-0.0037505
-0.0037257
-0.003701
-0.0036762
-0.0036514
-0.0036266
-0.0036018
-0.0035769
-0.0035521
-0.0035272
-0.0035024
-0.0034775
-0.0034527
-0.0034278
-0.0034029
-0.003378
-0.0033532
-0.0033283
-0.0033034
-0.0032785
-0.0032536
-0.0032287
-0.0032038
-0.0031789
-0.003154
-0.0031291
-0.0031042
-0.0030793
-0.0030544
-0.0030294
-0.0030045
-0.0029796
-0.0029547
-0.0029298
-0.0029049
-0.0028799
-0.002855
-0.0028301
-0.0028052
-0.0027803
-0.0027554
-0.0027304
-0.0027055
-0.0026806
-0.0026557
-0.0026308
-0.0026058
-0.0025809
-0.002556
-0.0025311
-0.0025062
-0.0024812
-0.0024563
-0.0024314
-0.0024065
-0.0023816
-0.0023566
-0.0023317
-0.0023068
-0.0022819
-0.002257
-0.0022321
-0.0022072
-0.0021822
-0.0021573
-0.0021324
-0.0021075
-0.0020826
-0.0020577
-0.0020328
-0.0020079
-0.001983
-0.0019581
-0.0019332
-0.0019083
-0.0018834
-0.0018585
-0.0018336
-0.0018087
-0.0017838
-0.0017589
-0.001734
-0.0017091
-0.0016842
-0.0016593
-0.0016344
-0.0016096
-0.0015847
-0.0015598
-0.0015349
-0.00151
-0.0014852
-0.0014603
-0.0014354
-0.0014106
-0.0013857
-0.0013609
-0.001336
-0.0013112
-0.0012863
-0.0012615
-0.0012366
-0.0012118
-0.0011869
-0.0011621
-0.0011373
-0.0011125
-0.0010876
-0.0010628
-0.001038
-0.0010132
-0.00098842
-0.00096362
-0.00093883
-0.00091404
-0.00088926
-0.00086449
-0.00083972
-0.00081495
-0.0007902
-0.00076545
-0.0007407
-0.00071596
-0.00069123
-0.00066651
-0.00064179
-0.00061709
-0.00059238
-0.00056769
-0.00054301
-0.00051833
-0.00049367
-0.00046901
-0.00044436
-0.00041972
-0.00039509
-0.00037048
-0.00034587
-0.00032127
-0.00029669
-0.00027212
-0.00024756
-0.00022301
-0.00019847
-0.00017395
-0.00014944
-0.00012495
-0.00010047
-7.6004e-05
-5.1555e-05
-2.7121e-05
-2.7038e-06
2.1697e-05
4.608e-05
7.0445e-05
9.4791e-05
0.00011912
0.00014343
0.00016772
0.00019198
0.00021623
0.00024045
0.00026466
0.00028883
0.00031299
0.00033712
0.00036122
0.0003853
0.00040935
0.00043338
0.00045737
0.00048134
0.00050528
0.00052918
0.00055305
0.0005769
0.0006007
0.00062448
0.00064821
0.00067191
0.00069557
0.0007192
0.00074278
0.00076632
0.00078983
0.00081328
0.0008367
0.00086006
0.00088338
0.00090665
0.00092987
0.00095305
0.00097616
0.00099923
0.0010222
0.0010452
0.0010681
0.0010909
0.0011137
0.0011364
0.001159
0.0011816
0.0012041
0.0012265
0.0012489
0.0012712
0.0012934
0.0013155
0.0013376
0.0013595
0.0013814
0.0014032
0.0014249
0.0014465
0.001468
0.0014895
0.0015108
0.001532
0.0015531
0.0015741
0.001595
0.0016158
0.0016364
0.001657
0.0016774
0.0016976
0.0017178
0.0017378
0.0017577
0.0017775
0.0017971
0.0018165
0.0018358
0.0018549
0.0018739
0.0018927
0.0019114
0.0019299
0.0019482
0.0019663
0.0019842
0.002002
0.0020195
0.0020368
0.002054
0.0020709
0.0020876
0.0021041
0.0021204
0.0021364
0.0021522
0.0021677
0.002183
0.002198
0.0022128
0.0022272
0.0022415
0.0022554
0.002269
0.0022823
0.0022954
0.0023081
0.0023204
0.0023325
0.0023442
0.0023556
0.0023666
0.0023772
0.0023875
0.0023974
0.0024069
0.0024159
0.0024246
0.0024329
0.0024407
0.0024481
0.002455
0.0024614
0.0024674
0.0024729
0.0024779
0.0024823
0.0024863
0.0024897
0.0024926
0.0024948
0.0024966
0.0024977
0.0024982
0.0024981
0.0024973
0.002496
0.0024939
0.0024911
0.0024877
0.0024835
0.0024787
0.002473
0.0024666
0.0024594
0.0024514
0.0024426
0.0024329
0.0024224
0.002411
0.0023987
0.0023854
0.0023712
0.002356
0.0023399
0.0023227
0.0023045
0.0022852
0.0022649
0.0022434
0.0022208
0.002197
0.002172
0.0021458
0.0021184
0.0020896
0.0020596
0.0020282
0.0019955
0.0019613
0.0019258
0.0018887
0.0018502
0.0018101
0.0017685
0.0017252
0.0016803
0.0016338
0.0015855
0.0015354
0.0014836
0.0014299
0.0013744
0.0013169
0.0012575
0.001196
0.0011325
0.0010669
0.00099916
0.00092922
0.00085703
0.00078254
0.00070571
0.00062648
0.00054479
0.0004606
0.00037384
0.00028446
0.0001924
9.7599e-05
