-0.00020596
-0.00040579
-0.00059956
-0.00078731
-0.00096911
-0.001145
-0.0013151
-0.0014794
-0.001638
-0.0017909
-0.0019383
-0.0020801
-0.0022164
-0.0023473
-0.0024729
-0.0025931
-0.0027082
-0.002818
-0.0029228
-0.0030225
-0.0031171
-0.0032069
-0.0032918
-0.0033719
-0.0034472
-0.0035178
-0.0035838
-0.0036452
-0.0037022
-0.0037546
-0.0038027
-0.0038465
-0.003886
-0.0039213
-0.0039524
-0.0039795
-0.0040025
-0.0040216
-0.0040368
-0.0040481
-0.0040557
-0.0040596
-0.0040598
-0.0040564
-0.0040495
-0.0040391
-0.0040253
-0.0040082
-0.0039878
-0.0039642
-0.0039374
-0.0039075
-0.0038746
-0.0038387
-0.0037999
-0.0037582
-0.0037138
-0.0036666
-0.0036168
-0.0035644
-0.0035094
-0.003452
-0.0033921
-0.0033299
-0.0032654
-0.0031987
-0.0031299
-0.0030589
-0.0029859
-0.0029109
-0.0028339
-0.0027552
-0.0026746
-0.0025924
-0.0025084
-0.0024229
-0.0023358
-0.0022472
-0.0021573
-0.0020659
-0.0019733
-0.0018795
-0.0017845
-0.0016884
-0.0015913
-0.0014932
-0.0013942
-0.0012943
-0.0011936
-0.0010923
-0.00099023
-0.0008876
-0.00078443
-0.00068079
-0.00057675
-0.00047236
-0.00036768
-0.00026279
-0.00015774
-5.2589e-05
5.2589e-05
0.00015774
0.00026279
0.00036768
0.00047236
0.00057675
0.00068079
0.00078443
0.0008876
0.00099023
0.0010923
0.0011936
0.0012943
0.0013942
0.0014932
0.0015913
0.0016884
0.0017845
0.0018795
0.0019733
0.0020659
0.0021573
0.0022472
0.0023358
0.0024229
0.0025084
0.0025924
0.0026746
0.0027552
0.0028339
0.0029109
0.0029859
0.0030589
0.0031299
0.0031987
0.0032654
0.0033299
0.0033921
0.003452
0.0035094
0.0035644
0.0036168
0.0036666
0.0037138
0.0037582
0.0037999
0.0038387
0.0038746
0.0039075
0.0039374
0.0039642
0.0039878
0.0040082
0.0040253
0.0040391
0.0040495
0.0040564
0.0040598
0.0040596
0.0040557
0.0040481
0.0040368
0.0040216
0.0040025
0.0039795
0.0039524
0.0039213
0.003886
0.0038465
0.0038027
0.0037546
0.0037022
0.0036452
0.0035838
0.0035178
0.0034472
0.0033719
0.0032918
0.0032069
0.0031171
0.0030225
0.0029228
0.002818
0.0027082
0.0025931
0.0024729
0.0023473
0.0022164
0.0020801
0.0019383
0.0017909
0.001638
0.0014794
0.0013151
0.001145
0.00096911
0.00078731
0.00059956
0.00040579
0.00020596
