-0.014528
-0.019071
-0.02164
-0.023372
-0.024646
-0.025631
-0.026419
-0.027063
-0.0276
-0.028052
-0.028437
-0.028767
-0.029052
-0.029298
-0.029511
-0.029697
-0.029857
-0.029997
-0.030118
-0.030222
-0.030311
-0.030387
-0.030451
-0.030505
-0.030548
-0.030583
-0.030609
-0.030628
-0.030641
-0.030647
-0.030647
-0.030642
-0.030632
-0.030617
-0.030598
-0.030575
-0.030548
-0.030518
-0.030485
-0.030448
-0.030409
-0.030367
-0.030323
-0.030276
-0.030227
-0.030175
-0.030122
-0.030067
-0.03001
-0.029952
-0.029891
-0.02983
-0.029767
-0.029702
-0.029636
-0.029569
-0.029501
-0.029432
-0.029362
-0.02929
-0.029218
-0.029145
-0.02907
-0.028995
-0.02892
-0.028843
-0.028766
-0.028688
-0.028609
-0.02853
-0.02845
-0.028369
-0.028288
-0.028207
-0.028124
-0.028042
-0.027959
-0.027875
-0.027791
-0.027707
-0.027622
-0.027536
-0.027451
-0.027365
-0.027278
-0.027192
-0.027105
-0.027017
-0.02693
-0.026842
-0.026753
-0.026665
-0.026576
-0.026487
-0.026398
-0.026309
-0.026219
-0.026129
-0.026039
-0.025949
-0.025858
-0.025767
-0.025677
-0.025586
-0.025494
-0.025403
-0.025312
-0.02522
-0.025128
-0.025036
-0.024944
-0.024852
-0.02476
-0.024667
-0.024575
-0.024482
-0.024389
-0.024296
-0.024203
-0.02411
-0.024017
-0.023924
-0.02383
-0.023737
-0.023644
-0.02355
-0.023456
-0.023363
-0.023269
-0.023175
-0.023081
-0.022987
-0.022893
-0.022799
-0.022705
-0.022611
-0.022516
-0.022422
-0.022328
-0.022233
-0.022139
-0.022045
-0.02195
-0.021856
-0.021761
-0.021666
-0.021572
-0.021477
-0.021383
-0.021288
-0.021193
-0.021098
-0.021004
-0.020909
-0.020814
-0.020719
-0.020625
-0.02053
-0.020435
-0.02034
-0.020245
-0.02015
-0.020056
-0.019961
-0.019866
-0.019771
-0.019676
-0.019581
-0.019486
-0.019392
-0.019297
-0.019202
-0.019107
-0.019012
-0.018917
-0.018823
-0.018728
-0.018633
-0.018538
-0.018443
-0.018349
-0.018254
-0.018159
-0.018064
-0.01797
-0.017875
-0.01778
-0.017686
-0.017591
-0.017496
-0.017402
-0.017307
-0.017213
-0.017118
-0.017024
-0.016929
-0.016835
-0.016741
-0.016646
-0.016552
-0.016457
-0.016363
-0.016269
-0.016175
-0.016081
-0.015986
-0.015892
-0.015798
-0.015704
-0.01561
-0.015516
-0.015422
-0.015328
-0.015235
-0.015141
-0.015047
-0.014953
-0.01486
-0.014766
-0.014672
-0.014579
-0.014485
-0.014392
-0.014299
-0.014205
-0.014112
-0.014019
-0.013925
-0.013832
-0.013739
-0.013646
-0.013553
-0.01346
-0.013367
-0.013275
-0.013182
-0.013089
-0.012996
-0.012904
-0.012811
-0.012719
-0.012626
-0.012534
-0.012442
-0.01235
-0.012257
-0.012165
-0.012073
-0.011981
-0.011889
-0.011798
-0.011706
-0.011614
-0.011523
-0.011431
-0.011339
-0.011248
-0.011157
-0.011066
-0.010974
-0.010883
-0.010792
-0.010701
-0.01061
-0.01052
-0.010429
-0.010338
-0.010248
-0.010157
-0.010067
-0.0099765
-0.0098863
-0.0097962
-0.0097061
-0.0096162
-0.0095263
-0.0094365
-0.0093468
-0.0092572
-0.0091677
-0.0090782
-0.0089889
-0.0088997
-0.0088105
-0.0087215
-0.0086325
-0.0085437
-0.0084549
-0.0083662
-0.0082777
-0.0081892
-0.0081008
-0.0080126
-0.0079244
-0.0078364
-0.0077484
-0.0076606
-0.0075728
-0.0074852
-0.0073976
-0.0073102
-0.0072229
-0.0071357
-0.0070486
-0.0069616
-0.0068748
-0.006788
-0.0067014
-0.0066149
-0.0065285
-0.0064422
-0.006356
-0.00627
-0.006184
-0.0060982
-0.0060125
-0.005927
-0.0058415
-0.0057562
-0.005671
-0.0055859
-0.005501
-0.0054162
-0.0053315
-0.005247
-0.0051625
-0.0050783
-0.0049941
-0.0049101
-0.0048262
-0.0047424
-0.0046588
-0.0045754
-0.004492
-0.0044088
-0.0043258
-0.0042428
-0.0041601
-0.0040774
-0.003995
-0.0039126
-0.0038304
-0.0037484
-0.0036665
-0.0035847
-0.0035031
-0.0034217
-0.0033404
-0.0032592
-0.0031783
-0.0030974
-0.0030167
-0.0029362
-0.0028559
-0.0027757
-0.0026956
-0.0026157
-0.002536
-0.0024565
-0.0023771
-0.0022979
-0.0022188
-0.0021399
-0.0020612
-0.0019826
-0.0019043
-0.0018261
-0.001748
-0.0016702
-0.0015925
-0.001515
-0.0014376
-0.0013605
-0.0012835
-0.0012067
-0.0011301
-0.0010536
-0.0009774
-0.00090133
-0.00082545
-0.00074976
-0.00067425
-0.00059893
-0.00052381
-0.00044887
-0.00037413
-0.00029957
-0.00022522
-0.00015106
-7.7089e-05
-3.3213e-06
7.0248e-05
0.00014362
0.00021679
0.00028975
0.00036252
0.00043508
0.00050743
0.00057958
0.00065152
0.00072326
0.00079478
0.00086609
0.00093719
0.0010081
0.0010788
0.0011492
0.0012195
0.0012895
0.0013593
0.0014289
0.0014982
0.0015674
0.0016363
0.001705
0.0017735
0.0018417
0.0019097
0.0019775
0.0020451
0.0021124
0.0021795
0.0022463
0.002313
0.0023793
0.0024455
0.0025114
0.0025771
0.0026425
0.0027077
0.0027726
0.0028373
0.0029018
0.002966
0.00303
0.0030937
0.0031572
0.0032204
0.0032833
0.003346
0.0034085
0.0034707
0.0035326
0.0035943
0.0036557
0.0037169
0.0037778
0.0038385
0.0038988
0.0039589
0.0040188
0.0040783
0.0041377
0.0041967
0.0042555
0.0043139
0.0043722
0.0044301
0.0044878
0.0045452
0.0046023
0.0046591
0.0047157
0.0047719
0.0048279
0.0048836
0.004939
0.0049941
0.005049
0.0051035
0.0051578
0.0052118
0.0052654
0.0053188
0.0053719
0.0054247
0.0054772
0.0055294
0.0055813
0.0056328
0.0056841
0.0057351
0.0057858
0.0058362
0.0058862
0.005936
0.0059854
0.0060345
0.0060834
0.0061319
0.0061801
0.0062279
0.0062755
0.0063227
0.0063696
0.0064162
0.0064625
0.0065085
0.0065541
0.0065994
0.0066444
0.006689
0.0067333
0.0067773
0.006821
0.0068643
0.0069073
0.0069499
0.0069922
0.0070342
0.0070758
0.0071171
0.0071581
0.0071987
0.0072389
0.0072788
0.0073184
0.0073576
0.0073965
0.007435
0.0074732
0.007511
0.0075485
0.0075856
0.0076223
0.0076587
0.0076947
0.0077304
0.0077657
0.0078007
0.0078353
0.0078695
0.0079033
0.0079368
0.0079699
0.0080027
0.008035
0.008067
0.0080987
0.0081299
0.0081608
0.0081913
0.0082214
0.0082511
0.0082805
0.0083095
0.0083381
0.0083663
0.0083941
0.0084215
0.0084485
0.0084752
0.0085015
0.0085273
0.0085528
0.0085779
0.0086026
0.0086269
0.0086507
0.0086742
0.0086973
0.00872
0.0087423
0.0087642
0.0087857
0.0088067
0.0088274
0.0088476
0.0088675
0.0088869
0.0089059
0.0089245
0.0089427
0.0089605
0.0089778
0.0089947
0.0090113
0.0090274
0.009043
0.0090583
0.0090731
0.0090875
0.0091014
0.009115
0.0091281
0.0091408
0.009153
0.0091648
0.0091762
0.0091871
0.0091977
0.0092077
0.0092174
0.0092265
0.0092353
0.0092436
0.0092514
0.0092589
0.0092658
0.0092724
0.0092784
0.0092841
0.0092892
0.0092939
0.0092982
0.009302
0.0093054
0.0093083
0.0093107
0.0093127
0.0093142
0.0093153
0.0093159
0.009316
0.0093157
0.0093149
0.0093136
0.0093119
0.0093097
0.009307
0.0093039
0.0093003
0.0092962
0.0092916
0.0092866
0.0092811
0.0092751
0.0092686
0.0092616
0.0092542
0.0092463
0.0092379
0.009229
0.0092196
0.0092097
0.0091994
0.0091885
0.0091772
0.0091654
0.009153
0.0091402
0.0091269
0.0091131
0.0090988
0.009084
0.0090687
0.0090529
0.0090366
0.0090198
0.0090024
0.0089846
0.0089663
0.0089475
0.0089281
0.0089083
0.0088879
0.008867
0.0088456
0.0088237
0.0088013
0.0087784
0.0087549
0.008731
0.0087065
0.0086815
0.0086559
0.0086299
0.0086033
0.0085762
0.0085485
0.0085204
0.0084917
0.0084625
0.0084327
0.0084025
0.0083717
0.0083403
0.0083084
0.008276
0.0082431
0.0082096
0.0081756
0.008141
0.0081059
0.0080703
0.0080341
0.0079973
0.0079601
0.0079222
0.0078839
0.007845
0.0078055
0.0077655
0.0077249
0.0076838
0.0076421
0.0075999
0.0075571
0.0075138
0.0074699
0.0074254
0.0073804
0.0073348
0.0072887
0.007242
0.0071948
0.0071469
0.0070985
0.0070496
0.0070001
0.00695
0.0068993
0.0068481
0.0067963
0.0067439
0.006691
0.0066375
0.0065834
0.0065287
0.0064735
0.0064177
0.0063613
0.0063043
0.0062468
0.0061886
0.0061299
0.0060706
0.0060107
0.0059502
0.0058892
0.0058275
0.0057653
0.0057025
0.0056391
0.005575
0.0055105
0.0054453
0.0053795
0.0053131
0.0052461
0.0051786
0.0051104
0.0050416
0.0049723
0.0049023
0.0048318
0.0047606
0.0046888
0.0046165
0.0045435
0.0044699
0.0043957
0.0043209
0.0042455
0.0041695
0.0040929
0.0040157
0.0039378
0.0038594
0.0037803
0.0037006
0.0036203
0.0035394
0.0034578
0.0033757
0.0032929
0.0032096
0.0031255
0.003041
0.0029556
0.0028699
0.0027832
0.0026963
0.0026083
0.0025203
0.0024309
0.0023417
0.0022509
0.0021607
0.0020684
0.0019771
0.0018835
0.0017909
0.001696
0.0016022
0.001506
0.0014109
0.0013136
0.001217
0.0011186
0.0010205
0.00092115
0.00082138
0.00072108
0.00061978
0.00051839
0.00041569
0.00031303
0.0002091
0.000105
