-1.849e-05
-3.6883e-05
-5.5179e-05
-7.3378e-05
-9.1481e-05
-0.00010949
-0.0001274
-0.00014521
-0.00016293
-0.00018055
-0.00019808
-0.00021551
-0.00023286
-0.0002501
-0.00026725
-0.00028431
-0.00030127
-0.00031814
-0.00033492
-0.0003516
-0.00036819
-0.00038469
-0.0004011
-0.00041741
-0.00043364
-0.00044977
-0.00046581
-0.00048176
-0.00049762
-0.00051338
-0.00052907
-0.00054465
-0.00056016
-0.00057556
-0.00059089
-0.00060611
-0.00062126
-0.00063631
-0.00065128
-0.00066616
-0.00068095
-0.00069565
-0.00071027
-0.0007248
-0.00073925
-0.0007536
-0.00076787
-0.00078205
-0.00079615
-0.00081016
-0.00082409
-0.00083793
-0.00085169
-0.00086536
-0.00087896
-0.00089245
-0.00090588
-0.00091921
-0.00093247
-0.00094564
-0.00095873
-0.00097173
-0.00098466
-0.00099749
-0.0010103
-0.0010229
-0.0010355
-0.001048
-0.0010605
-0.0010728
-0.0010851
-0.0010973
-0.0011094
-0.0011214
-0.0011334
-0.0011453
-0.0011571
-0.0011688
-0.0011804
-0.001192
-0.0012035
-0.0012149
-0.0012262
-0.0012374
-0.0012486
-0.0012597
-0.0012707
-0.0012817
-0.0012926
-0.0013033
-0.0013141
-0.0013247
-0.0013353
-0.0013457
-0.0013562
-0.0013665
-0.0013768
-0.001387
-0.0013971
-0.0014071
-0.0014171
-0.001427
-0.0014368
-0.0014466
-0.0014563
-0.0014659
-0.0014754
-0.0014849
-0.0014943
-0.0015036
-0.0015128
-0.001522
-0.0015311
-0.0015401
-0.0015491
-0.001558
-0.0015669
-0.0015756
-0.0015843
-0.0015929
-0.0016015
-0.00161
-0.0016184
-0.0016267
-0.001635
-0.0016432
-0.0016514
-0.0016594
-0.0016675
-0.0016754
-0.0016833
-0.0016911
-0.0016989
-0.0017065
-0.0017142
-0.0017217
-0.0017292
-0.0017366
-0.001744
-0.0017513
-0.0017585
-0.0017656
-0.0017728
-0.0017798
-0.0017868
-0.0017937
-0.0018005
-0.0018073
-0.001814
-0.0018207
-0.0018273
-0.0018338
-0.0018403
-0.0018467
-0.0018531
-0.0018593
-0.0018656
-0.0018717
-0.0018779
-0.0018839
-0.0018899
-0.0018958
-0.0019017
-0.0019075
-0.0019133
-0.001919
-0.0019246
-0.0019302
-0.0019357
-0.0019412
-0.0019466
-0.0019519
-0.0019572
-0.0019624
-0.0019676
-0.0019727
-0.0019778
-0.0019828
-0.0019878
-0.0019926
-0.0019975
-0.0020023
-0.002007
-0.0020117
-0.0020163
-0.0020209
-0.0020254
-0.0020298
-0.0020342
-0.0020386
-0.0020429
-0.0020471
-0.0020513
-0.0020554
-0.0020595
-0.0020636
-0.0020675
-0.0020715
-0.0020753
-0.0020792
-0.0020829
-0.0020866
-0.0020903
-0.0020939
-0.0020975
-0.002101
-0.0021045
-0.0021079
-0.0021113
-0.0021146
-0.0021179
-0.0021211
-0.0021243
-0.0021274
-0.0021305
-0.0021335
-0.0021365
-0.0021394
-0.0021423
-0.0021451
-0.0021479
-0.0021506
-0.0021533
-0.0021559
-0.0021585
-0.0021611
-0.0021636
-0.002166
-0.0021685
-0.0021708
-0.0021732
-0.0021754
-0.0021777
-0.0021798
-0.002182
-0.0021841
-0.0021861
-0.0021881
-0.0021901
-0.002192
-0.0021939
-0.0021957
-0.0021975
-0.0021992
-0.0022009
-0.0022026
-0.0022042
-0.0022058
-0.0022073
-0.0022088
-0.0022103
-0.0022117
-0.002213
-0.0022143
-0.0022156
-0.0022169
-0.0022181
-0.0022192
-0.0022203
-0.0022214
-0.0022225
-0.0022234
-0.0022244
-0.0022253
-0.0022262
-0.002227
-0.0022278
-0.0022286
-0.0022293
-0.00223
-0.0022307
-0.0022313
-0.0022318
-0.0022324
-0.0022329
-0.0022333
-0.0022337
-0.0022341
-0.0022344
-0.0022348
-0.002235
-0.0022353
-0.0022355
-0.0022356
-0.0022357
-0.0022358
-0.0022359
-0.0022359
-0.0022359
-0.0022358
-0.0022357
-0.0022356
-0.0022355
-0.0022353
-0.002235
-0.0022348
-0.0022345
-0.0022341
-0.0022338
-0.0022334
-0.002233
-0.0022325
-0.002232
-0.0022315
-0.0022309
-0.0022303
-0.0022297
-0.002229
-0.0022283
-0.0022276
-0.0022268
-0.002226
-0.0022252
-0.0022244
-0.0022235
-0.0022226
-0.0022216
-0.0022206
-0.0022196
-0.0022186
-0.0022175
-0.0022164
-0.0022153
-0.0022141
-0.0022129
-0.0022117
-0.0022105
-0.0022092
-0.0022079
-0.0022065
-0.0022052
-0.0022038
-0.0022024
-0.0022009
-0.0021994
-0.0021979
-0.0021964
-0.0021948
-0.0021932
-0.0021916
-0.0021899
-0.0021883
-0.0021866
-0.0021848
-0.0021831
-0.0021813
-0.0021795
-0.0021776
-0.0021758
-0.0021739
-0.0021719
-0.00217
-0.002168
-0.002166
-0.002164
-0.002162
-0.0021599
-0.0021578
-0.0021557
-0.0021535
-0.0021513
-0.0021492
-0.0021469
-0.0021447
-0.0021424
-0.0021401
-0.0021378
-0.0021354
-0.0021331
-0.0021307
-0.0021283
-0.0021258
-0.0021233
-0.0021209
-0.0021183
-0.0021158
-0.0021133
-0.0021107
-0.0021081
-0.0021055
-0.0021028
-0.0021001
-0.0020974
-0.0020947
-0.002092
-0.0020892
-0.0020864
-0.0020837
-0.0020808
-0.002078
-0.0020751
-0.0020722
-0.0020693
-0.0020664
-0.0020634
-0.0020605
-0.0020575
-0.0020545
-0.0020514
-0.0020484
-0.0020453
-0.0020422
-0.0020391
-0.002036
-0.0020328
-0.0020296
-0.0020264
-0.0020232
-0.00202
-0.0020168
-0.0020135
-0.0020102
-0.0020069
-0.0020036
-0.0020002
-0.0019969
-0.0019935
-0.0019901
-0.0019866
-0.0019832
-0.0019798
-0.0019763
-0.0019728
-0.0019693
-0.0019658
-0.0019622
-0.0019586
-0.0019551
-0.0019515
-0.0019479
-0.0019442
-0.0019406
-0.0019369
-0.0019333
-0.0019295
-0.0019258
-0.0019221
-0.0019184
-0.0019146
-0.0019108
-0.001907
-0.0019032
-0.0018994
-0.0018955
-0.0018917
-0.0018878
-0.0018839
-0.00188
-0.0018761
-0.0018722
-0.0018682
-0.0018642
-0.0018602
-0.0018563
-0.0018522
-0.0018482
-0.0018442
-0.0018401
-0.001836
-0.001832
-0.0018278
-0.0018238
-0.0018196
-0.0018155
-0.0018113
-0.0018072
-0.001803
-0.0017988
-0.0017946
-0.0017903
-0.0017861
-0.0017819
-0.0017776
-0.0017733
-0.001769
-0.0017647
-0.0017604
-0.0017561
-0.0017517
-0.0017474
-0.001743
-0.0017386
-0.0017342
-0.0017298
-0.0017254
-0.001721
-0.0017165
-0.0017121
-0.0017076
-0.0017031
-0.0016986
-0.0016941
-0.0016896
-0.0016851
-0.0016806
-0.001676
-0.0016714
-0.0016669
-0.0016623
-0.0016577
-0.0016531
-0.0016485
-0.0016438
-0.0016392
-0.0016346
-0.0016299
-0.0016252
-0.0016206
-0.0016158
-0.0016112
-0.0016064
-0.0016017
-0.001597
-0.0015922
-0.0015875
-0.0015827
-0.0015779
-0.0015732
-0.0015684
-0.0015636
-0.0015587
-0.0015539
-0.0015491
-0.0015442
-0.0015394
-0.0015345
-0.0015296
-0.0015248
-0.0015199
-0.001515
-0.0015101
-0.0015052
-0.0015002
-0.0014953
-0.0014903
-0.0014854
-0.0014804
-0.0014755
-0.0014705
-0.0014655
-0.0014605
-0.0014555
-0.0014505
-0.0014454
-0.0014404
-0.0014354
-0.0014303
-0.0014253
-0.0014202
-0.0014151
-0.00141
-0.001405
-0.0013998
-0.0013948
-0.0013896
-0.0013845
-0.0013794
-0.0013743
-0.0013691
-0.001364
-0.0013588
-0.0013536
-0.0013485
-0.0013433
-0.0013381
-0.0013329
-0.0013277
-0.0013225
-0.0013173
-0.0013121
-0.0013068
-0.0013016
-0.0012963
-0.0012911
-0.0012858
-0.0012806
-0.0012753
-0.00127
-0.0012647
-0.0012594
-0.0012541
-0.0012488
-0.0012435
-0.0012382
-0.0012329
-0.0012276
-0.0012222
-0.0012169
-0.0012115
-0.0012062
-0.0012008
-0.0011955
-0.0011901
-0.0011847
-0.0011793
-0.0011739
-0.0011685
-0.0011632
-0.0011577
-0.0011523
-0.0011469
-0.0011415
-0.0011361
-0.0011306
-0.0011252
-0.0011198
-0.0011143
-0.0011088
-0.0011034
-0.0010979
-0.0010924
-0.001087
-0.0010815
-0.001076
-0.0010705
-0.001065
-0.0010595
-0.001054
-0.0010485
-0.001043
-0.0010375
-0.0010319
-0.0010264
-0.0010209
-0.0010153
-0.0010098
-0.0010042
-0.0009987
-0.00099314
-0.00098758
-0.00098201
-0.00097645
-0.00097087
-0.00096529
-0.00095971
-0.00095412
-0.00094853
-0.00094294
-0.00093734
-0.00093173
-0.00092613
-0.00092052
-0.0009149
-0.00090928
-0.00090366
-0.00089803
-0.0008924
-0.00088676
-0.00088113
-0.00087548
-0.00086984
-0.00086419
-0.00085853
-0.00085288
-0.00084722
-0.00084155
-0.00083589
-0.00083022
-0.00082454
-0.00081886
-0.00081318
-0.0008075
-0.00080181
-0.00079612
-0.00079042
-0.00078473
-0.00077903
-0.00077332
-0.00076761
-0.0007619
-0.00075619
-0.00075048
-0.00074476
-0.00073903
-0.00073331
-0.00072758
-0.00072185
-0.00071611
-0.00071038
-0.00070464
-0.0006989
-0.00069315
-0.0006874
-0.00068165
-0.0006759
-0.00067014
-0.00066439
-0.00065862
-0.00065286
-0.00064709
-0.00064133
-0.00063555
-0.00062978
-0.000624
-0.00061823
-0.00061245
-0.00060666
-0.00060088
-0.00059509
-0.0005893
-0.00058351
-0.00057771
-0.00057192
-0.00056612
-0.00056032
-0.00055451
-0.00054871
-0.0005429
-0.00053709
-0.00053128
-0.00052547
-0.00051965
-0.00051384
-0.00050802
-0.0005022
-0.00049637
-0.00049055
-0.00048472
-0.00047889
-0.00047306
-0.00046723
-0.0004614
-0.00045556
-0.00044973
-0.00044389
-0.00043805
-0.00043221
-0.00042636
-0.00042052
-0.00041467
-0.00040882
-0.00040297
-0.00039712
-0.00039127
-0.00038542
-0.00037956
-0.00037371
-0.00036785
-0.00036199
-0.00035613
-0.00035027
-0.0003444
-0.00033854
-0.00033267
-0.00032681
-0.00032094
-0.00031507
-0.0003092
-0.00030333
-0.00029746
-0.00029159
-0.00028571
-0.00027984
-0.00027396
-0.00026808
-0.0002622
-0.00025633
-0.00025045
-0.00024457
-0.00023868
-0.0002328
-0.00022692
-0.00022103
-0.00021515
-0.00020926
-0.00020338
-0.00019749
-0.0001916
-0.00018571
-0.00017982
-0.00017393
-0.00016804
-0.00016215
-0.00015626
-0.00015037
-0.00014448
-0.00013858
-0.00013269
-0.0001268
-0.0001209
-0.00011501
-0.00010911
-0.00010322
-9.7318e-05
-9.1423e-05
-8.5525e-05
-7.9629e-05
-7.3731e-05
-6.7834e-05
-6.1935e-05
-5.6039e-05
-5.0139e-05
-4.4242e-05
-3.8342e-05
-3.2445e-05
-2.6545e-05
-2.0647e-05
-1.4747e-05
-8.8491e-06
-2.9489e-06
2.9489e-06
8.8491e-06
1.4747e-05
2.0647e-05
2.6545e-05
3.2445e-05
3.8342e-05
4.4242e-05
5.0139e-05
5.6039e-05
6.1935e-05
6.7834e-05
7.3731e-05
7.9629e-05
8.5525e-05
9.1423e-05
9.7318e-05
0.00010322
0.00010911
0.00011501
0.0001209
0.0001268
0.00013269
0.00013858
0.00014448
0.00015037
0.00015626
0.00016215
0.00016804
0.00017393
0.00017982
0.00018571
0.0001916
0.00019749
0.00020338
0.00020926
0.00021515
0.00022103
0.00022692
0.0002328
0.00023868
0.00024457
0.00025045
0.00025633
0.0002622
0.00026808
0.00027396
0.00027984
0.00028571
0.00029159
0.00029746
0.00030333
0.0003092
0.00031507
0.00032094
0.00032681
0.00033267
0.00033854
0.0003444
0.00035027
0.00035613
0.00036199
0.00036785
0.00037371
0.00037956
0.00038542
0.00039127
0.00039712
0.00040297
0.00040882
0.00041467
0.00042052
0.00042636
0.00043221
0.00043805
0.00044389
0.00044973
0.00045556
0.0004614
0.00046723
0.00047306
0.00047889
0.00048472
0.00049055
0.00049637
0.0005022
0.00050802
0.00051384
0.00051965
0.00052547
0.00053128
0.00053709
0.0005429
0.00054871
0.00055451
0.00056032
0.00056612
0.00057192
0.00057771
0.00058351
0.0005893
0.00059509
0.00060088
0.00060666
0.00061245
0.00061823
0.000624
0.00062978
0.00063555
0.00064133
0.00064709
0.00065286
0.00065862
0.00066439
0.00067014
0.0006759
0.00068165
0.0006874
0.00069315
0.0006989
0.00070464
0.00071038
0.00071611
0.00072185
0.00072758
0.00073331
0.00073903
0.00074476
0.00075048
0.00075619
0.0007619
0.00076761
0.00077332
0.00077903
0.00078473
0.00079042
0.00079612
0.00080181
0.0008075
0.00081318
0.00081886
0.00082454
0.00083022
0.00083589
0.00084155
0.00084722
0.00085288
0.00085853
0.00086419
0.00086984
0.00087548
0.00088113
0.00088676
0.0008924
0.00089803
0.00090366
0.00090928
0.0009149
0.00092052
0.00092613
0.00093173
0.00093734
0.00094294
0.00094853
0.00095412
0.00095971
0.00096529
0.00097087
0.00097645
0.00098201
0.00098758
0.00099314
0.0009987
0.0010042
0.0010098
0.0010153
0.0010209
0.0010264
0.0010319
0.0010375
0.001043
0.0010485
0.001054
0.0010595
0.001065
0.0010705
0.001076
0.0010815
0.001087
0.0010924
0.0010979
0.0011034
0.0011088
0.0011143
0.0011198
0.0011252
0.0011306
0.0011361
0.0011415
0.0011469
0.0011523
0.0011577
0.0011632
0.0011685
0.0011739
0.0011793
0.0011847
0.0011901
0.0011955
0.0012008
0.0012062
0.0012115
0.0012169
0.0012222
0.0012276
0.0012329
0.0012382
0.0012435
0.0012488
0.0012541
0.0012594
0.0012647
0.00127
0.0012753
0.0012806
0.0012858
0.0012911
0.0012963
0.0013016
0.0013068
0.0013121
0.0013173
0.0013225
0.0013277
0.0013329
0.0013381
0.0013433
0.0013485
0.0013536
0.0013588
0.001364
0.0013691
0.0013743
0.0013794
0.0013845
0.0013896
0.0013948
0.0013998
0.001405
0.00141
0.0014151
0.0014202
0.0014253
0.0014303
0.0014354
0.0014404
0.0014454
0.0014505
0.0014555
0.0014605
0.0014655
0.0014705
0.0014755
0.0014804
0.0014854
0.0014903
0.0014953
0.0015002
0.0015052
0.0015101
0.001515
0.0015199
0.0015248
0.0015296
0.0015345
0.0015394
0.0015442
0.0015491
0.0015539
0.0015587
0.0015636
0.0015684
0.0015732
0.0015779
0.0015827
0.0015875
0.0015922
0.001597
0.0016017
0.0016064
0.0016112
0.0016158
0.0016206
0.0016252
0.0016299
0.0016346
0.0016392
0.0016438
0.0016485
0.0016531
0.0016577
0.0016623
0.0016669
0.0016714
0.001676
0.0016806
0.0016851
0.0016896
0.0016941
0.0016986
0.0017031
0.0017076
0.0017121
0.0017165
0.001721
0.0017254
0.0017298
0.0017342
0.0017386
0.001743
0.0017474
0.0017517
0.0017561
0.0017604
0.0017647
0.001769
0.0017733
0.0017776
0.0017819
0.0017861
0.0017903
0.0017946
0.0017988
0.001803
0.0018072
0.0018113
0.0018155
0.0018196
0.0018238
0.0018278
0.001832
0.001836
0.0018401
0.0018442
0.0018482
0.0018522
0.0018563
0.0018602
0.0018642
0.0018682
0.0018722
0.0018761
0.00188
0.0018839
0.0018878
0.0018917
0.0018955
0.0018994
0.0019032
0.001907
0.0019108
0.0019146
0.0019184
0.0019221
0.0019258
0.0019295
0.0019333
0.0019369
0.0019406
0.0019442
0.0019479
0.0019515
0.0019551
0.0019586
0.0019622
0.0019658
0.0019693
0.0019728
0.0019763
0.0019798
0.0019832
0.0019866
0.0019901
0.0019935
0.0019969
0.0020002
0.0020036
0.0020069
0.0020102
0.0020135
0.0020168
0.00202
0.0020232
0.0020264
0.0020296
0.0020328
0.002036
0.0020391
0.0020422
0.0020453
0.0020484
0.0020514
0.0020545
0.0020575
0.0020605
0.0020634
0.0020664
0.0020693
0.0020722
0.0020751
0.002078
0.0020808
0.0020837
0.0020864
0.0020892
0.002092
0.0020947
0.0020974
0.0021001
0.0021028
0.0021055
0.0021081
0.0021107
0.0021133
0.0021158
0.0021183
0.0021209
0.0021233
0.0021258
0.0021283
0.0021307
0.0021331
0.0021354
0.0021378
0.0021401
0.0021424
0.0021447
0.0021469
0.0021492
0.0021513
0.0021535
0.0021557
0.0021578
0.0021599
0.002162
0.002164
0.002166
0.002168
0.00217
0.0021719
0.0021739
0.0021758
0.0021776
0.0021795
0.0021813
0.0021831
0.0021848
0.0021866
0.0021883
0.0021899
0.0021916
0.0021932
0.0021948
0.0021964
0.0021979
0.0021994
0.0022009
0.0022024
0.0022038
0.0022052
0.0022065
0.0022079
0.0022092
0.0022105
0.0022117
0.0022129
0.0022141
0.0022153
0.0022164
0.0022175
0.0022186
0.0022196
0.0022206
0.0022216
0.0022226
0.0022235
0.0022244
0.0022252
0.002226
0.0022268
0.0022276
0.0022283
0.002229
0.0022297
0.0022303
0.0022309
0.0022315
0.002232
0.0022325
0.002233
0.0022334
0.0022338
0.0022341
0.0022345
0.0022348
0.002235
0.0022353
0.0022355
0.0022356
0.0022357
0.0022358
0.0022359
0.0022359
0.0022359
0.0022358
0.0022357
0.0022356
0.0022355
0.0022353
0.002235
0.0022348
0.0022344
0.0022341
0.0022337
0.0022333
0.0022329
0.0022324
0.0022318
0.0022313
0.0022307
0.00223
0.0022293
0.0022286
0.0022278
0.002227
0.0022262
0.0022253
0.0022244
0.0022234
0.0022225
0.0022214
0.0022203
0.0022192
0.0022181
0.0022169
0.0022156
0.0022143
0.002213
0.0022117
0.0022103
0.0022088
0.0022073
0.0022058
0.0022042
0.0022026
0.0022009
0.0021992
0.0021975
0.0021957
0.0021939
0.002192
0.0021901
0.0021881
0.0021861
0.0021841
0.002182
0.0021798
0.0021777
0.0021754
0.0021732
0.0021708
0.0021685
0.002166
0.0021636
0.0021611
0.0021585
0.0021559
0.0021533
0.0021506
0.0021479
0.0021451
0.0021423
0.0021394
0.0021365
0.0021335
0.0021305
0.0021274
0.0021243
0.0021211
0.0021179
0.0021146
0.0021113
0.0021079
0.0021045
0.002101
0.0020975
0.0020939
0.0020903
0.0020866
0.0020829
0.0020792
0.0020753
0.0020715
0.0020675
0.0020636
0.0020595
0.0020554
0.0020513
0.0020471
0.0020429
0.0020386
0.0020342
0.0020298
0.0020254
0.0020209
0.0020163
0.0020117
0.002007
0.0020023
0.0019975
0.0019926
0.0019878
0.0019828
0.0019778
0.0019727
0.0019676
0.0019624
0.0019572
0.0019519
0.0019466
0.0019412
0.0019357
0.0019302
0.0019246
0.001919
0.0019133
0.0019075
0.0019017
0.0018958
0.0018899
0.0018839
0.0018779
0.0018717
0.0018656
0.0018593
0.0018531
0.0018467
0.0018403
0.0018338
0.0018273
0.0018207
0.001814
0.0018073
0.0018005
0.0017937
0.0017868
0.0017798
0.0017728
0.0017656
0.0017585
0.0017513
0.001744
0.0017366
0.0017292
0.0017217
0.0017142
0.0017065
0.0016989
0.0016911
0.0016833
0.0016754
0.0016675
0.0016594
0.0016514
0.0016432
0.001635
0.0016267
0.0016184
0.00161
0.0016015
0.0015929
0.0015843
0.0015756
0.0015669
0.001558
0.0015491
0.0015401
0.0015311
0.001522
0.0015128
0.0015036
0.0014943
0.0014849
0.0014754
0.0014659
0.0014563
0.0014466
0.0014368
0.001427
0.0014171
0.0014071
0.0013971
0.001387
0.0013768
0.0013665
0.0013562
0.0013457
0.0013353
0.0013247
0.0013141
0.0013033
0.0012926
0.0012817
0.0012707
0.0012597
0.0012486
0.0012374
0.0012262
0.0012149
0.0012035
0.001192
0.0011804
0.0011688
0.0011571
0.0011453
0.0011334
0.0011214
0.0011094
0.0010973
0.0010851
0.0010728
0.0010605
0.001048
0.0010355
0.0010229
0.0010103
0.00099749
0.00098466
0.00097173
0.00095873
0.00094564
0.00093247
0.00091921
0.00090588
0.00089245
0.00087896
0.00086536
0.00085169
0.00083793
0.00082409
0.00081016
0.00079615
0.00078205
0.00076787
0.0007536
0.00073925
0.0007248
0.00071027
0.00069565
0.00068095
0.00066616
0.00065128
0.00063631
0.00062126
0.00060611
0.00059089
0.00057556
0.00056016
0.00054465
0.00052907
0.00051338
0.00049762
0.00048176
0.00046581
0.00044977
0.00043364
0.00041741
0.0004011
0.00038469
0.00036819
0.0003516
0.00033492
0.00031814
0.00030127
0.00028431
0.00026725
0.0002501
0.00023286
0.00021551
0.00019808
0.00018055
0.00016293
0.00014521
0.0001274
0.00010949
9.1481e-05
7.3378e-05
5.5179e-05
3.6883e-05
1.849e-05
