-0.00018877
-0.00037143
-0.00054808
-0.00071879
-0.00088365
-0.0010427
-0.0011961
-0.0013439
-0.0014862
-0.001623
-0.0017544
-0.0018806
-0.0020015
-0.0021173
-0.002228
-0.0023338
-0.0024346
-0.0025306
-0.0026218
-0.0027083
-0.0027902
-0.0028676
-0.0029404
-0.0030089
-0.003073
-0.0031329
-0.0031885
-0.0032401
-0.0032875
-0.003331
-0.0033706
-0.0034062
-0.0034381
-0.0034663
-0.0034908
-0.0035116
-0.003529
-0.0035429
-0.0035533
-0.0035605
-0.0035643
-0.0035649
-0.0035624
-0.0035567
-0.003548
-0.0035364
-0.0035218
-0.0035043
-0.0034841
-0.0034611
-0.0034355
-0.0034072
-0.0033763
-0.003343
-0.0033072
-0.003269
-0.0032285
-0.0031856
-0.0031406
-0.0030934
-0.0030441
-0.0029927
-0.0029394
-0.0028841
-0.0028269
-0.0027678
-0.002707
-0.0026445
-0.0025802
-0.0025144
-0.002447
-0.0023781
-0.0023077
-0.0022359
-0.0021628
-0.0020883
-0.0020126
-0.0019357
-0.0018577
-0.0017786
-0.0016984
-0.0016172
-0.0015351
-0.0014521
-0.0013683
-0.0012837
-0.0011983
-0.0011123
-0.0010256
-0.0009384
-0.00085063
-0.00076237
-0.00067369
-0.00058463
-0.00049524
-0.00040558
-0.00031568
-0.00022561
-0.00013542
-4.5148e-05
4.5148e-05
0.00013542
0.00022561
0.00031568
0.00040558
0.00049524
0.00058463
0.00067369
0.00076237
0.00085063
0.0009384
0.0010256
0.0011123
0.0011983
0.0012837
0.0013683
0.0014521
0.0015351
0.0016172
0.0016984
0.0017786
0.0018577
0.0019357
0.0020126
0.0020883
0.0021628
0.0022359
0.0023077
0.0023781
0.002447
0.0025144
0.0025802
0.0026445
0.002707
0.0027678
0.0028269
0.0028841
0.0029394
0.0029927
0.0030441
0.0030934
0.0031406
0.0031856
0.0032285
0.003269
0.0033072
0.003343
0.0033763
0.0034072
0.0034355
0.0034611
0.0034841
0.0035043
0.0035218
0.0035364
0.003548
0.0035567
0.0035624
0.0035649
0.0035643
0.0035605
0.0035533
0.0035429
0.003529
0.0035116
0.0034908
0.0034663
0.0034381
0.0034062
0.0033706
0.003331
0.0032875
0.0032401
0.0031885
0.0031329
0.003073
0.0030089
0.0029404
0.0028676
0.0027902
0.0027083
0.0026218
0.0025306
0.0024346
0.0023338
0.002228
0.0021173
0.0020015
0.0018806
0.0017544
0.001623
0.0014862
0.0013439
0.0011961
0.0010427
0.00088365
0.00071879
0.00054808
0.00037143
0.00018877
