-5.0417e-06
-1.0059e-05
-1.5052e-05
-2.0022e-05
-2.4966e-05
-2.9887e-05
-3.4784e-05
-3.9658e-05
-4.4506e-05
-4.9332e-05
-5.4134e-05
-5.8913e-05
-6.3667e-05
-6.8399e-05
-7.3106e-05
-7.7792e-05
-8.2453e-05
-8.7092e-05
-9.1706e-05
-9.63e-05
-0.00010087
-0.00010542
-0.00010994
-0.00011444
-0.00011892
-0.00012338
-0.00012781
-0.00013222
-0.00013661
-0.00014098
-0.00014532
-0.00014964
-0.00015394
-0.00015822
-0.00016248
-0.00016671
-0.00017092
-0.00017512
-0.00017928
-0.00018343
-0.00018756
-0.00019166
-0.00019575
-0.00019981
-0.00020385
-0.00020787
-0.00021187
-0.00021585
-0.0002198
-0.00022374
-0.00022765
-0.00023155
-0.00023542
-0.00023928
-0.00024311
-0.00024693
-0.00025071
-0.00025449
-0.00025824
-0.00026197
-0.00026568
-0.00026938
-0.00027304
-0.0002767
-0.00028033
-0.00028394
-0.00028753
-0.00029111
-0.00029466
-0.0002982
-0.00030171
-0.0003052
-0.00030868
-0.00031214
-0.00031557
-0.00031899
-0.00032239
-0.00032577
-0.00032913
-0.00033248
-0.0003358
-0.00033911
-0.00034239
-0.00034566
-0.00034891
-0.00035214
-0.00035535
-0.00035855
-0.00036172
-0.00036488
-0.00036802
-0.00037114
-0.00037424
-0.00037733
-0.0003804
-0.00038345
-0.00038648
-0.0003895
-0.00039249
-0.00039548
-0.00039843
-0.00040138
-0.00040431
-0.00040722
-0.00041011
-0.00041299
-0.00041585
-0.00041869
-0.00042151
-0.00042433
-0.00042711
-0.00042989
-0.00043264
-0.00043539
-0.00043811
-0.00044082
-0.00044351
-0.00044619
-0.00044884
-0.00045149
-0.00045411
-0.00045673
-0.00045931
-0.0004619
-0.00046445
-0.00046701
-0.00046953
-0.00047205
-0.00047454
-0.00047703
-0.00047949
-0.00048195
-0.00048438
-0.00048681
-0.00048921
-0.0004916
-0.00049397
-0.00049634
-0.00049867
-0.00050101
-0.00050332
-0.00050562
-0.0005079
-0.00051018
-0.00051242
-0.00051467
-0.00051689
-0.00051911
-0.00052129
-0.00052348
-0.00052564
-0.0005278
-0.00052993
-0.00053206
-0.00053417
-0.00053627
-0.00053834
-0.00054042
-0.00054246
-0.00054451
-0.00054653
-0.00054855
-0.00055053
-0.00055253
-0.00055449
-0.00055645
-0.00055839
-0.00056032
-0.00056223
-0.00056414
-0.00056602
-0.00056791
-0.00056976
-0.00057162
-0.00057345
-0.00057528
-0.00057708
-0.00057888
-0.00058066
-0.00058244
-0.00058419
-0.00058594
-0.00058767
-0.00058939
-0.00059109
-0.0005928
-0.00059447
-0.00059615
-0.0005978
-0.00059945
-0.00060107
-0.0006027
-0.0006043
-0.00060591
-0.00060748
-0.00060906
-0.00061061
-0.00061217
-0.0006137
-0.00061523
-0.00061673
-0.00061824
-0.00061972
-0.00062121
-0.00062266
-0.00062413
-0.00062556
-0.000627
-0.00062841
-0.00062983
-0.00063121
-0.00063261
-0.00063397
-0.00063534
-0.00063669
-0.00063804
-0.00063936
-0.00064069
-0.00064198
-0.00064329
-0.00064457
-0.00064585
-0.00064711
-0.00064837
-0.0006496
-0.00065084
-0.00065206
-0.00065328
-0.00065447
-0.00065567
-0.00065684
-0.00065802
-0.00065917
-0.00066033
-0.00066146
-0.00066259
-0.0006637
-0.00066482
-0.00066591
-0.00066701
-0.00066808
-0.00066916
-0.00067021
-0.00067126
-0.00067229
-0.00067333
-0.00067434
-0.00067536
-0.00067635
-0.00067736
-0.00067833
-0.00067931
-0.00068026
-0.00068123
-0.00068216
-0.0006831
-0.00068402
-0.00068495
-0.00068584
-0.00068675
-0.00068763
-0.00068852
-0.00068938
-0.00069025
-0.0006911
-0.00069195
-0.00069278
-0.00069361
-0.00069442
-0.00069524
-0.00069603
-0.00069683
-0.00069761
-0.00069839
-0.00069915
-0.00069992
-0.00070066
-0.00070141
-0.00070213
-0.00070286
-0.00070357
-0.00070429
-0.00070498
-0.00070568
-0.00070635
-0.00070704
-0.0007077
-0.00070836
-0.00070901
-0.00070966
-0.00071029
-0.00071092
-0.00071153
-0.00071216
-0.00071275
-0.00071336
-0.00071394
-0.00071453
-0.00071509
-0.00071567
-0.00071622
-0.00071678
-0.00071731
-0.00071786
-0.00071838
-0.00071891
-0.00071942
-0.00071993
-0.00072043
-0.00072093
-0.0007214
-0.00072189
-0.00072235
-0.00072283
-0.00072328
-0.00072374
-0.00072417
-0.00072462
-0.00072504
-0.00072547
-0.00072588
-0.0007263
-0.00072669
-0.0007271
-0.00072748
-0.00072787
-0.00072824
-0.00072861
-0.00072897
-0.00072933
-0.00072968
-0.00073003
-0.00073036
-0.0007307
-0.00073101
-0.00073134
-0.00073165
-0.00073196
-0.00073225
-0.00073255
-0.00073283
-0.00073312
-0.00073339
-0.00073367
-0.00073392
-0.00073419
-0.00073443
-0.00073468
-0.00073492
-0.00073516
-0.00073538
-0.00073561
-0.00073582
-0.00073603
-0.00073623
-0.00073644
-0.00073663
-0.00073682
-0.000737
-0.00073718
-0.00073734
-0.00073751
-0.00073767
-0.00073783
-0.00073797
-0.00073812
-0.00073826
-0.00073839
-0.00073852
-0.00073865
-0.00073876
-0.00073888
-0.00073898
-0.00073909
-0.00073918
-0.00073927
-0.00073936
-0.00073944
-0.00073952
-0.00073959
-0.00073965
-0.00073972
-0.00073977
-0.00073983
-0.00073987
-0.00073992
-0.00073995
-0.00073999
-0.00074001
-0.00074004
-0.00074006
-0.00074007
-0.00074008
-0.00074009
-0.00074008
-0.00074008
-0.00074007
-0.00074006
-0.00074004
-0.00074002
-0.00073999
-0.00073996
-0.00073992
-0.00073989
-0.00073984
-0.00073979
-0.00073974
-0.00073968
-0.00073962
-0.00073955
-0.00073948
-0.00073941
-0.00073933
-0.00073925
-0.00073916
-0.00073907
-0.00073898
-0.00073888
-0.00073878
-0.00073867
-0.00073856
-0.00073845
-0.00073833
-0.0007382
-0.00073808
-0.00073795
-0.00073781
-0.00073768
-0.00073754
-0.00073739
-0.00073724
-0.00073709
-0.00073693
-0.00073677
-0.00073661
-0.00073644
-0.00073627
-0.0007361
-0.00073592
-0.00073574
-0.00073555
-0.00073536
-0.00073517
-0.00073497
-0.00073478
-0.00073457
-0.00073437
-0.00073416
-0.00073395
-0.00073373
-0.00073351
-0.00073329
-0.00073306
-0.00073283
-0.0007326
-0.00073236
-0.00073213
-0.00073188
-0.00073164
-0.00073139
-0.00073114
-0.00073088
-0.00073063
-0.00073037
-0.0007301
-0.00072983
-0.00072957
-0.00072929
-0.00072902
-0.00072874
-0.00072846
-0.00072817
-0.00072789
-0.00072759
-0.0007273
-0.000727
-0.00072671
-0.0007264
-0.0007261
-0.00072579
-0.00072549
-0.00072517
-0.00072486
-0.00072454
-0.00072422
-0.00072389
-0.00072357
-0.00072324
-0.00072291
-0.00072257
-0.00072224
-0.00072189
-0.00072156
-0.00072121
-0.00072087
-0.00072051
-0.00072016
-0.0007198
-0.00071945
-0.00071909
-0.00071873
-0.00071836
-0.000718
-0.00071763
-0.00071726
-0.00071688
-0.00071651
-0.00071613
-0.00071575
-0.00071536
-0.00071498
-0.00071459
-0.00071421
-0.00071381
-0.00071342
-0.00071302
-0.00071262
-0.00071222
-0.00071182
-0.00071141
-0.00071101
-0.00071059
-0.00071019
-0.00070977
-0.00070936
-0.00070893
-0.00070852
-0.00070809
-0.00070767
-0.00070724
-0.00070682
-0.00070638
-0.00070596
-0.00070552
-0.00070509
-0.00070464
-0.00070421
-0.00070376
-0.00070332
-0.00070287
-0.00070243
-0.00070198
-0.00070153
-0.00070107
-0.00070062
-0.00070016
-0.00069971
-0.00069924
-0.00069879
-0.00069832
-0.00069786
-0.00069739
-0.00069692
-0.00069645
-0.00069598
-0.0006955
-0.00069503
-0.00069455
-0.00069407
-0.00069359
-0.00069311
-0.00069262
-0.00069214
-0.00069165
-0.00069117
-0.00069067
-0.00069018
-0.00068969
-0.0006892
-0.00068869
-0.0006882
-0.0006877
-0.0006872
-0.00068669
-0.00068619
-0.00068568
-0.00068518
-0.00068467
-0.00068416
-0.00068365
-0.00068314
-0.00068262
-0.00068211
-0.00068159
-0.00068107
-0.00068055
-0.00068003
-0.00067951
-0.00067899
-0.00067846
-0.00067794
-0.00067741
-0.00067688
-0.00067635
-0.00067582
-0.00067528
-0.00067475
-0.00067421
-0.00067368
-0.00067314
-0.0006726
-0.00067206
-0.00067152
-0.00067097
-0.00067043
-0.00066988
-0.00066934
-0.00066879
-0.00066825
-0.00066769
-0.00066714
-0.00066659
-0.00066604
-0.00066548
-0.00066493
-0.00066437
-0.00066382
-0.00066325
-0.0006627
-0.00066213
-0.00066157
-0.00066101
-0.00066045
-0.00065988
-0.00065932
-0.00065875
-0.00065818
-0.00065761
-0.00065704
-0.00065647
-0.0006559
-0.00065532
-0.00065475
-0.00065417
-0.0006536
-0.00065302
-0.00065244
-0.00065186
-0.00065128
-0.0006507
-0.00065012
-0.00064954
-0.00064896
-0.00064837
-0.00064779
-0.0006472
-0.00064661
-0.00064602
-0.00064544
-0.00064484
-0.00064426
-0.00064366
-0.00064307
-0.00064248
-0.00064188
-0.00064129
-0.00064069
-0.0006401
-0.0006395
-0.0006389
-0.0006383
-0.0006377
-0.0006371
-0.0006365
-0.0006359
-0.0006353
-0.0006347
-0.00063409
-0.00063349
-0.00063288
-0.00063228
-0.00063167
-0.00063106
-0.00063045
-0.00062984
-0.00062923
-0.00062862
-0.00062801
-0.0006274
-0.00062679
-0.00062617
-0.00062556
-0.00062495
-0.00062433
-0.00062371
-0.0006231
-0.00062248
-0.00062186
-0.00062124
-0.00062062
-0.00062001
-0.00061938
-0.00061876
-0.00061814
-0.00061752
-0.0006169
-0.00061627
-0.00061565
-0.00061503
-0.0006144
-0.00061378
-0.00061315
-0.00061252
-0.00061189
-0.00061127
-0.00061064
-0.00061001
-0.00060938
-0.00060875
-0.00060812
-0.00060749
-0.00060686
-0.00060622
-0.00060559
-0.00060496
-0.00060432
-0.00060369
-0.00060305
-0.00060242
-0.00060178
-0.00060115
-0.00060051
-0.00059987
-0.00059924
-0.0005986
-0.00059796
-0.00059732
-0.00059668
-0.00059604
-0.0005954
-0.00059476
-0.00059412
-0.00059348
-0.00059283
-0.00059219
-0.00059155
-0.0005909
-0.00059026
-0.00058962
-0.00058897
-0.00058833
-0.00058768
-0.00058703
-0.00058639
-0.00058574
-0.00058509
-0.00058445
-0.0005838
-0.00058315
-0.0005825
-0.00058185
-0.0005812
-0.00058055
-0.0005799
-0.00057925
-0.0005786
-0.00057795
-0.0005773
-0.00057665
-0.00057599
-0.00057534
-0.00057469
-0.00057403
-0.00057338
-0.00057273
-0.00057207
-0.00057142
-0.00057076
-0.00057011
-0.00056945
-0.00056879
-0.00056814
-0.00056748
-0.00056682
-0.00056617
-0.00056551
-0.00056485
-0.00056419
-0.00056353
-0.00056287
-0.00056222
-0.00056156
-0.0005609
-0.00056024
-0.00055958
-0.00055892
-0.00055825
-0.00055759
-0.00055693
-0.00055627
-0.00055561
-0.00055495
-0.00055428
-0.00055362
-0.00055296
-0.00055229
-0.00055163
-0.00055097
-0.0005503
-0.00054964
-0.00054897
-0.00054831
-0.00054764
-0.00054698
-0.00054631
-0.00054565
-0.00054498
-0.00054432
-0.00054365
-0.00054298
-0.00054232
-0.00054165
-0.00054098
-0.00054031
-0.00053965
-0.00053898
-0.00053831
-0.00053764
-0.00053697
-0.0005363
-0.00053563
-0.00053497
-0.0005343
-0.00053363
-0.00053296
-0.00053229
-0.00053162
-0.00053095
-0.00053028
-0.0005296
-0.00052893
-0.00052826
-0.00052759
-0.00052692
-0.00052625
-0.00052558
-0.0005249
-0.00052423
-0.00052356
-0.00052289
-0.00052221
-0.00052154
-0.00052087
-0.00052019
-0.00051952
-0.00051885
-0.00051817
-0.0005175
-0.00051683
-0.00051615
-0.00051548
-0.0005148
-0.00051413
-0.00051345
-0.00051278
-0.0005121
-0.00051143
-0.00051075
-0.00051008
-0.0005094
-0.00050872
-0.00050805
-0.00050737
-0.0005067
-0.00050602
-0.00050534
-0.00050467
-0.00050399
-0.00050331
-0.00050264
-0.00050196
-0.00050128
-0.0005006
-0.00049993
-0.00049925
-0.00049857
-0.00049789
-0.00049721
-0.00049654
-0.00049586
-0.00049518
-0.0004945
-0.00049382
-0.00049314
-0.00049246
-0.00049179
-0.00049111
-0.00049043
-0.00048975
-0.00048907
-0.00048839
-0.00048771
-0.00048703
-0.00048635
-0.00048567
-0.00048499
-0.00048431
-0.00048363
-0.00048295
-0.00048227
-0.00048159
-0.00048091
-0.00048023
-0.00047955
-0.00047886
-0.00047818
-0.0004775
-0.00047682
-0.00047614
-0.00047546
-0.00047478
-0.0004741
-0.00047341
-0.00047273
-0.00047205
-0.00047137
-0.00047069
-0.00047
-0.00046932
-0.00046864
-0.00046796
-0.00046728
-0.00046659
-0.00046591
-0.00046523
-0.00046455
-0.00046386
-0.00046318
-0.0004625
-0.00046181
-0.00046113
-0.00046045
-0.00045976
-0.00045908
-0.0004584
-0.00045771
-0.00045703
-0.00045635
-0.00045566
-0.00045498
-0.0004543
-0.00045361
-0.00045293
-0.00045224
-0.00045156
-0.00045088
-0.00045019
-0.00044951
-0.00044882
-0.00044814
-0.00044746
-0.00044677
-0.00044609
-0.0004454
-0.00044472
-0.00044403
-0.00044335
-0.00044266
-0.00044198
-0.00044129
-0.00044061
-0.00043992
-0.00043924
-0.00043855
-0.00043787
-0.00043718
-0.0004365
-0.00043581
-0.00043513
-0.00043444
-0.00043376
-0.00043307
-0.00043239
-0.0004317
-0.00043102
-0.00043033
-0.00042964
-0.00042896
-0.00042827
-0.00042759
-0.0004269
-0.00042621
-0.00042553
-0.00042484
-0.00042416
-0.00042347
-0.00042278
-0.0004221
-0.00042141
-0.00042073
-0.00042004
-0.00041935
-0.00041867
-0.00041798
-0.00041729
-0.00041661
-0.00041592
-0.00041524
-0.00041455
-0.00041386
-0.00041318
-0.00041249
-0.0004118
-0.00041112
-0.00041043
-0.00040974
-0.00040906
-0.00040837
-0.00040768
-0.00040699
-0.00040631
-0.00040562
-0.00040493
-0.00040425
-0.00040356
-0.00040287
-0.00040219
-0.0004015
-0.00040081
-0.00040012
-0.00039944
-0.00039875
-0.00039806
-0.00039737
-0.00039669
-0.000396
-0.00039531
-0.00039463
-0.00039394
-0.00039325
-0.00039256
-0.00039188
-0.00039119
-0.0003905
-0.00038981
-0.00038913
-0.00038844
-0.00038775
-0.00038706
-0.00038637
-0.00038569
-0.000385
-0.00038431
-0.00038362
-0.00038294
-0.00038225
-0.00038156
-0.00038087
-0.00038018
-0.0003795
-0.00037881
-0.00037812
-0.00037743
-0.00037674
-0.00037606
-0.00037537
-0.00037468
-0.00037399
-0.0003733
-0.00037262
-0.00037193
-0.00037124
-0.00037055
-0.00036986
-0.00036918
-0.00036849
-0.0003678
-0.00036711
-0.00036642
-0.00036573
-0.00036505
-0.00036436
-0.00036367
-0.00036298
-0.00036229
-0.0003616
-0.00036092
-0.00036023
-0.00035954
-0.00035885
-0.00035816
-0.00035747
-0.00035678
-0.0003561
-0.00035541
-0.00035472
-0.00035403
-0.00035334
-0.00035265
-0.00035197
-0.00035128
-0.00035059
-0.0003499
-0.00034921
-0.00034852
-0.00034783
-0.00034714
-0.00034646
-0.00034577
-0.00034508
-0.00034439
-0.0003437
-0.00034301
-0.00034232
-0.00034164
-0.00034095
-0.00034026
-0.00033957
-0.00033888
-0.00033819
-0.0003375
-0.00033681
-0.00033612
-0.00033544
-0.00033475
-0.00033406
-0.00033337
-0.00033268
-0.00033199
-0.0003313
-0.00033061
-0.00032993
-0.00032924
-0.00032855
-0.00032786
-0.00032717
-0.00032648
-0.00032579
-0.0003251
-0.00032441
-0.00032372
-0.00032304
-0.00032235
-0.00032166
-0.00032097
-0.00032028
-0.00031959
-0.0003189
-0.00031821
-0.00031752
-0.00031683
-0.00031615
-0.00031546
-0.00031477
-0.00031408
-0.00031339
-0.0003127
-0.00031201
-0.00031132
-0.00031063
-0.00030994
-0.00030925
-0.00030857
-0.00030788
-0.00030719
-0.0003065
-0.00030581
-0.00030512
-0.00030443
-0.00030374
-0.00030305
-0.00030236
-0.00030167
-0.00030098
-0.0003003
-0.00029961
-0.00029892
-0.00029823
-0.00029754
-0.00029685
-0.00029616
-0.00029547
-0.00029478
-0.00029409
-0.0002934
-0.00029271
-0.00029202
-0.00029133
-0.00029065
-0.00028996
-0.00028927
-0.00028858
-0.00028789
-0.0002872
-0.00028651
-0.00028582
-0.00028513
-0.00028444
-0.00028375
-0.00028306
-0.00028237
-0.00028168
-0.000281
-0.00028031
-0.00027962
-0.00027893
-0.00027824
-0.00027755
-0.00027686
-0.00027617
-0.00027548
-0.00027479
-0.0002741
-0.00027341
-0.00027272
-0.00027203
-0.00027134
-0.00027066
-0.00026997
-0.00026928
-0.00026859
-0.0002679
-0.00026721
-0.00026652
-0.00026583
-0.00026514
-0.00026445
-0.00026376
-0.00026307
-0.00026238
-0.00026169
-0.000261
-0.00026031
-0.00025962
-0.00025894
-0.00025825
-0.00025756
-0.00025687
-0.00025618
-0.00025549
-0.0002548
-0.00025411
-0.00025342
-0.00025273
-0.00025204
-0.00025135
-0.00025066
-0.00024997
-0.00024928
-0.00024859
-0.0002479
-0.00024721
-0.00024653
-0.00024584
-0.00024515
-0.00024446
-0.00024377
-0.00024308
-0.00024239
-0.0002417
-0.00024101
-0.00024032
-0.00023963
-0.00023894
-0.00023825
-0.00023756
-0.00023687
-0.00023618
-0.00023549
-0.0002348
-0.00023411
-0.00023343
-0.00023274
-0.00023205
-0.00023136
-0.00023067
-0.00022998
-0.00022929
-0.0002286
-0.00022791
-0.00022722
-0.00022653
-0.00022584
-0.00022515
-0.00022446
-0.00022377
-0.00022308
-0.00022239
-0.0002217
-0.00022101
-0.00022032
-0.00021963
-0.00021895
-0.00021826
-0.00021757
-0.00021688
-0.00021619
-0.0002155
-0.00021481
-0.00021412
-0.00021343
-0.00021274
-0.00021205
-0.00021136
-0.00021067
-0.00020998
-0.00020929
-0.0002086
-0.00020791
-0.00020722
-0.00020653
-0.00020584
-0.00020515
-0.00020446
-0.00020378
-0.00020309
-0.0002024
-0.00020171
-0.00020102
-0.00020033
-0.00019964
-0.00019895
-0.00019826
-0.00019757
-0.00019688
-0.00019619
-0.0001955
-0.00019481
-0.00019412
-0.00019343
-0.00019274
-0.00019205
-0.00019136
-0.00019067
-0.00018998
-0.00018929
-0.00018861
-0.00018792
-0.00018723
-0.00018654
-0.00018585
-0.00018516
-0.00018447
-0.00018378
-0.00018309
-0.0001824
-0.00018171
-0.00018102
-0.00018033
-0.00017964
-0.00017895
-0.00017826
-0.00017757
-0.00017688
-0.00017619
-0.0001755
-0.00017481
-0.00017412
-0.00017343
-0.00017275
-0.00017206
-0.00017137
-0.00017068
-0.00016999
-0.0001693
-0.00016861
-0.00016792
-0.00016723
-0.00016654
-0.00016585
-0.00016516
-0.00016447
-0.00016378
-0.00016309
-0.0001624
-0.00016171
-0.00016102
-0.00016033
-0.00015964
-0.00015895
-0.00015826
-0.00015757
-0.00015688
-0.0001562
-0.00015551
-0.00015482
-0.00015413
-0.00015344
-0.00015275
-0.00015206
-0.00015137
-0.00015068
-0.00014999
-0.0001493
-0.00014861
-0.00014792
-0.00014723
-0.00014654
-0.00014585
-0.00014516
-0.00014447
-0.00014378
-0.00014309
-0.0001424
-0.00014171
-0.00014102
-0.00014033
-0.00013964
-0.00013896
-0.00013827
-0.00013758
-0.00013689
-0.0001362
-0.00013551
-0.00013482
-0.00013413
-0.00013344
-0.00013275
-0.00013206
-0.00013137
-0.00013068
-0.00012999
-0.0001293
-0.00012861
-0.00012792
-0.00012723
-0.00012654
-0.00012585
-0.00012516
-0.00012447
-0.00012378
-0.00012309
-0.0001224
-0.00012172
-0.00012103
-0.00012034
-0.00011965
-0.00011896
-0.00011827
-0.00011758
-0.00011689
-0.0001162
-0.00011551
-0.00011482
-0.00011413
-0.00011344
-0.00011275
-0.00011206
-0.00011137
-0.00011068
-0.00010999
-0.0001093
-0.00010861
-0.00010792
-0.00010723
-0.00010654
-0.00010585
-0.00010516
-0.00010448
-0.00010379
-0.0001031
-0.00010241
-0.00010172
-0.00010103
-0.00010034
-9.9648e-05
-9.8959e-05
-9.8269e-05
-9.7579e-05
-9.689e-05
-9.62e-05
-9.5511e-05
-9.4821e-05
-9.4131e-05
-9.3442e-05
-9.2752e-05
-9.2063e-05
-9.1373e-05
-9.0683e-05
-8.9994e-05
-8.9304e-05
-8.8614e-05
-8.7925e-05
-8.7235e-05
-8.6546e-05
-8.5856e-05
-8.5166e-05
-8.4477e-05
-8.3787e-05
-8.3098e-05
-8.2408e-05
-8.1718e-05
-8.1029e-05
-8.0339e-05
-7.965e-05
-7.896e-05
-7.827e-05
-7.7581e-05
-7.6891e-05
-7.6202e-05
-7.5512e-05
-7.4822e-05
-7.4133e-05
-7.3443e-05
-7.2754e-05
-7.2064e-05
-7.1374e-05
-7.0685e-05
-6.9995e-05
-6.9306e-05
-6.8616e-05
-6.7926e-05
-6.7237e-05
-6.6547e-05
-6.5858e-05
-6.5168e-05
-6.4478e-05
-6.3789e-05
-6.3099e-05
-6.2409e-05
-6.172e-05
-6.103e-05
-6.0341e-05
-5.9651e-05
-5.8961e-05
-5.8272e-05
-5.7582e-05
-5.6893e-05
-5.6203e-05
-5.5513e-05
-5.4824e-05
-5.4134e-05
-5.3445e-05
-5.2755e-05
-5.2065e-05
-5.1376e-05
-5.0686e-05
-4.9997e-05
-4.9307e-05
-4.8617e-05
-4.7928e-05
-4.7238e-05
-4.6549e-05
-4.5859e-05
-4.5169e-05
-4.448e-05
-4.379e-05
-4.31e-05
-4.2411e-05
-4.1721e-05
-4.1032e-05
-4.0342e-05
-3.9652e-05
-3.8963e-05
-3.8273e-05
-3.7584e-05
-3.6894e-05
-3.6204e-05
-3.5515e-05
-3.4825e-05
-3.4136e-05
-3.3446e-05
-3.2756e-05
-3.2067e-05
-3.1377e-05
-3.0688e-05
-2.9998e-05
-2.9308e-05
-2.8619e-05
-2.7929e-05
-2.724e-05
-2.655e-05
-2.586e-05
-2.5171e-05
-2.4481e-05
-2.3791e-05
-2.3102e-05
-2.2412e-05
-2.1723e-05
-2.1033e-05
-2.0343e-05
-1.9654e-05
-1.8964e-05
-1.8275e-05
-1.7585e-05
-1.6895e-05
-1.6206e-05
-1.5516e-05
-1.4827e-05
-1.4137e-05
-1.3447e-05
-1.2758e-05
-1.2068e-05
-1.1379e-05
-1.0689e-05
-9.9993e-06
-9.3097e-06
-8.6201e-06
-7.9305e-06
-7.2409e-06
-6.5513e-06
-5.8617e-06
-5.1721e-06
-4.4825e-06
-3.7928e-06
-3.1032e-06
-2.4136e-06
-1.724e-06
-1.0344e-06
-3.448e-07
3.448e-07
1.0344e-06
1.724e-06
2.4136e-06
3.1032e-06
3.7928e-06
4.4825e-06
5.1721e-06
5.8617e-06
6.5513e-06
7.2409e-06
7.9305e-06
8.6201e-06
9.3097e-06
9.9993e-06
1.0689e-05
1.1379e-05
1.2068e-05
1.2758e-05
1.3447e-05
1.4137e-05
1.4827e-05
1.5516e-05
1.6206e-05
1.6895e-05
1.7585e-05
1.8275e-05
1.8964e-05
1.9654e-05
2.0343e-05
2.1033e-05
2.1723e-05
2.2412e-05
2.3102e-05
2.3791e-05
2.4481e-05
2.5171e-05
2.586e-05
2.655e-05
2.724e-05
2.7929e-05
2.8619e-05
2.9308e-05
2.9998e-05
3.0688e-05
3.1377e-05
3.2067e-05
3.2756e-05
3.3446e-05
3.4136e-05
3.4825e-05
3.5515e-05
3.6204e-05
3.6894e-05
3.7584e-05
3.8273e-05
3.8963e-05
3.9652e-05
4.0342e-05
4.1032e-05
4.1721e-05
4.2411e-05
4.31e-05
4.379e-05
4.448e-05
4.5169e-05
4.5859e-05
4.6549e-05
4.7238e-05
4.7928e-05
4.8617e-05
4.9307e-05
4.9997e-05
5.0686e-05
5.1376e-05
5.2065e-05
5.2755e-05
5.3445e-05
5.4134e-05
5.4824e-05
5.5513e-05
5.6203e-05
5.6893e-05
5.7582e-05
5.8272e-05
5.8961e-05
5.9651e-05
6.0341e-05
6.103e-05
6.172e-05
6.2409e-05
6.3099e-05
6.3789e-05
6.4478e-05
6.5168e-05
6.5858e-05
6.6547e-05
6.7237e-05
6.7926e-05
6.8616e-05
6.9306e-05
6.9995e-05
7.0685e-05
7.1374e-05
7.2064e-05
7.2754e-05
7.3443e-05
7.4133e-05
7.4822e-05
7.5512e-05
7.6202e-05
7.6891e-05
7.7581e-05
7.827e-05
7.896e-05
7.965e-05
8.0339e-05
8.1029e-05
8.1718e-05
8.2408e-05
8.3098e-05
8.3787e-05
8.4477e-05
8.5166e-05
8.5856e-05
8.6546e-05
8.7235e-05
8.7925e-05
8.8614e-05
8.9304e-05
8.9994e-05
9.0683e-05
9.1373e-05
9.2063e-05
9.2752e-05
9.3442e-05
9.4131e-05
9.4821e-05
9.5511e-05
9.62e-05
9.689e-05
9.7579e-05
9.8269e-05
9.8959e-05
9.9648e-05
0.00010034
0.00010103
0.00010172
0.00010241
0.0001031
0.00010379
0.00010448
0.00010516
0.00010585
0.00010654
0.00010723
0.00010792
0.00010861
0.0001093
0.00010999
0.00011068
0.00011137
0.00011206
0.00011275
0.00011344
0.00011413
0.00011482
0.00011551
0.0001162
0.00011689
0.00011758
0.00011827
0.00011896
0.00011965
0.00012034
0.00012103
0.00012172
0.0001224
0.00012309
0.00012378
0.00012447
0.00012516
0.00012585
0.00012654
0.00012723
0.00012792
0.00012861
0.0001293
0.00012999
0.00013068
0.00013137
0.00013206
0.00013275
0.00013344
0.00013413
0.00013482
0.00013551
0.0001362
0.00013689
0.00013758
0.00013827
0.00013896
0.00013964
0.00014033
0.00014102
0.00014171
0.0001424
0.00014309
0.00014378
0.00014447
0.00014516
0.00014585
0.00014654
0.00014723
0.00014792
0.00014861
0.0001493
0.00014999
0.00015068
0.00015137
0.00015206
0.00015275
0.00015344
0.00015413
0.00015482
0.00015551
0.0001562
0.00015688
0.00015757
0.00015826
0.00015895
0.00015964
0.00016033
0.00016102
0.00016171
0.0001624
0.00016309
0.00016378
0.00016447
0.00016516
0.00016585
0.00016654
0.00016723
0.00016792
0.00016861
0.0001693
0.00016999
0.00017068
0.00017137
0.00017206
0.00017275
0.00017343
0.00017412
0.00017481
0.0001755
0.00017619
0.00017688
0.00017757
0.00017826
0.00017895
0.00017964
0.00018033
0.00018102
0.00018171
0.0001824
0.00018309
0.00018378
0.00018447
0.00018516
0.00018585
0.00018654
0.00018723
0.00018792
0.00018861
0.00018929
0.00018998
0.00019067
0.00019136
0.00019205
0.00019274
0.00019343
0.00019412
0.00019481
0.0001955
0.00019619
0.00019688
0.00019757
0.00019826
0.00019895
0.00019964
0.00020033
0.00020102
0.00020171
0.0002024
0.00020309
0.00020378
0.00020446
0.00020515
0.00020584
0.00020653
0.00020722
0.00020791
0.0002086
0.00020929
0.00020998
0.00021067
0.00021136
0.00021205
0.00021274
0.00021343
0.00021412
0.00021481
0.0002155
0.00021619
0.00021688
0.00021757
0.00021826
0.00021895
0.00021963
0.00022032
0.00022101
0.0002217
0.00022239
0.00022308
0.00022377
0.00022446
0.00022515
0.00022584
0.00022653
0.00022722
0.00022791
0.0002286
0.00022929
0.00022998
0.00023067
0.00023136
0.00023205
0.00023274
0.00023343
0.00023411
0.0002348
0.00023549
0.00023618
0.00023687
0.00023756
0.00023825
0.00023894
0.00023963
0.00024032
0.00024101
0.0002417
0.00024239
0.00024308
0.00024377
0.00024446
0.00024515
0.00024584
0.00024653
0.00024721
0.0002479
0.00024859
0.00024928
0.00024997
0.00025066
0.00025135
0.00025204
0.00025273
0.00025342
0.00025411
0.0002548
0.00025549
0.00025618
0.00025687
0.00025756
0.00025825
0.00025894
0.00025962
0.00026031
0.000261
0.00026169
0.00026238
0.00026307
0.00026376
0.00026445
0.00026514
0.00026583
0.00026652
0.00026721
0.0002679
0.00026859
0.00026928
0.00026997
0.00027066
0.00027134
0.00027203
0.00027272
0.00027341
0.0002741
0.00027479
0.00027548
0.00027617
0.00027686
0.00027755
0.00027824
0.00027893
0.00027962
0.00028031
0.000281
0.00028168
0.00028237
0.00028306
0.00028375
0.00028444
0.00028513
0.00028582
0.00028651
0.0002872
0.00028789
0.00028858
0.00028927
0.00028996
0.00029065
0.00029133
0.00029202
0.00029271
0.0002934
0.00029409
0.00029478
0.00029547
0.00029616
0.00029685
0.00029754
0.00029823
0.00029892
0.00029961
0.0003003
0.00030098
0.00030167
0.00030236
0.00030305
0.00030374
0.00030443
0.00030512
0.00030581
0.0003065
0.00030719
0.00030788
0.00030857
0.00030925
0.00030994
0.00031063
0.00031132
0.00031201
0.0003127
0.00031339
0.00031408
0.00031477
0.00031546
0.00031615
0.00031683
0.00031752
0.00031821
0.0003189
0.00031959
0.00032028
0.00032097
0.00032166
0.00032235
0.00032304
0.00032372
0.00032441
0.0003251
0.00032579
0.00032648
0.00032717
0.00032786
0.00032855
0.00032924
0.00032993
0.00033061
0.0003313
0.00033199
0.00033268
0.00033337
0.00033406
0.00033475
0.00033544
0.00033612
0.00033681
0.0003375
0.00033819
0.00033888
0.00033957
0.00034026
0.00034095
0.00034164
0.00034232
0.00034301
0.0003437
0.00034439
0.00034508
0.00034577
0.00034646
0.00034714
0.00034783
0.00034852
0.00034921
0.0003499
0.00035059
0.00035128
0.00035197
0.00035265
0.00035334
0.00035403
0.00035472
0.00035541
0.0003561
0.00035678
0.00035747
0.00035816
0.00035885
0.00035954
0.00036023
0.00036092
0.0003616
0.00036229
0.00036298
0.00036367
0.00036436
0.00036505
0.00036573
0.00036642
0.00036711
0.0003678
0.00036849
0.00036918
0.00036986
0.00037055
0.00037124
0.00037193
0.00037262
0.0003733
0.00037399
0.00037468
0.00037537
0.00037606
0.00037674
0.00037743
0.00037812
0.00037881
0.0003795
0.00038018
0.00038087
0.00038156
0.00038225
0.00038294
0.00038362
0.00038431
0.000385
0.00038569
0.00038637
0.00038706
0.00038775
0.00038844
0.00038913
0.00038981
0.0003905
0.00039119
0.00039188
0.00039256
0.00039325
0.00039394
0.00039463
0.00039531
0.000396
0.00039669
0.00039737
0.00039806
0.00039875
0.00039944
0.00040012
0.00040081
0.0004015
0.00040219
0.00040287
0.00040356
0.00040425
0.00040493
0.00040562
0.00040631
0.00040699
0.00040768
0.00040837
0.00040906
0.00040974
0.00041043
0.00041112
0.0004118
0.00041249
0.00041318
0.00041386
0.00041455
0.00041524
0.00041592
0.00041661
0.00041729
0.00041798
0.00041867
0.00041935
0.00042004
0.00042073
0.00042141
0.0004221
0.00042278
0.00042347
0.00042416
0.00042484
0.00042553
0.00042621
0.0004269
0.00042759
0.00042827
0.00042896
0.00042964
0.00043033
0.00043102
0.0004317
0.00043239
0.00043307
0.00043376
0.00043444
0.00043513
0.00043581
0.0004365
0.00043718
0.00043787
0.00043855
0.00043924
0.00043992
0.00044061
0.00044129
0.00044198
0.00044266
0.00044335
0.00044403
0.00044472
0.0004454
0.00044609
0.00044677
0.00044746
0.00044814
0.00044882
0.00044951
0.00045019
0.00045088
0.00045156
0.00045224
0.00045293
0.00045361
0.0004543
0.00045498
0.00045566
0.00045635
0.00045703
0.00045771
0.0004584
0.00045908
0.00045976
0.00046045
0.00046113
0.00046181
0.0004625
0.00046318
0.00046386
0.00046455
0.00046523
0.00046591
0.00046659
0.00046728
0.00046796
0.00046864
0.00046932
0.00047
0.00047069
0.00047137
0.00047205
0.00047273
0.00047341
0.0004741
0.00047478
0.00047546
0.00047614
0.00047682
0.0004775
0.00047818
0.00047886
0.00047955
0.00048023
0.00048091
0.00048159
0.00048227
0.00048295
0.00048363
0.00048431
0.00048499
0.00048567
0.00048635
0.00048703
0.00048771
0.00048839
0.00048907
0.00048975
0.00049043
0.00049111
0.00049179
0.00049246
0.00049314
0.00049382
0.0004945
0.00049518
0.00049586
0.00049654
0.00049721
0.00049789
0.00049857
0.00049925
0.00049993
0.0005006
0.00050128
0.00050196
0.00050264
0.00050331
0.00050399
0.00050467
0.00050534
0.00050602
0.0005067
0.00050737
0.00050805
0.00050872
0.0005094
0.00051008
0.00051075
0.00051143
0.0005121
0.00051278
0.00051345
0.00051413
0.0005148
0.00051548
0.00051615
0.00051683
0.0005175
0.00051817
0.00051885
0.00051952
0.00052019
0.00052087
0.00052154
0.00052221
0.00052289
0.00052356
0.00052423
0.0005249
0.00052558
0.00052625
0.00052692
0.00052759
0.00052826
0.00052893
0.0005296
0.00053028
0.00053095
0.00053162
0.00053229
0.00053296
0.00053363
0.0005343
0.00053497
0.00053563
0.0005363
0.00053697
0.00053764
0.00053831
0.00053898
0.00053965
0.00054031
0.00054098
0.00054165
0.00054232
0.00054298
0.00054365
0.00054432
0.00054498
0.00054565
0.00054631
0.00054698
0.00054764
0.00054831
0.00054897
0.00054964
0.0005503
0.00055097
0.00055163
0.00055229
0.00055296
0.00055362
0.00055428
0.00055495
0.00055561
0.00055627
0.00055693
0.00055759
0.00055825
0.00055892
0.00055958
0.00056024
0.0005609
0.00056156
0.00056222
0.00056287
0.00056353
0.00056419
0.00056485
0.00056551
0.00056617
0.00056682
0.00056748
0.00056814
0.00056879
0.00056945
0.00057011
0.00057076
0.00057142
0.00057207
0.00057273
0.00057338
0.00057403
0.00057469
0.00057534
0.00057599
0.00057665
0.0005773
0.00057795
0.0005786
0.00057925
0.0005799
0.00058055
0.0005812
0.00058185
0.0005825
0.00058315
0.0005838
0.00058445
0.00058509
0.00058574
0.00058639
0.00058703
0.00058768
0.00058833
0.00058897
0.00058962
0.00059026
0.0005909
0.00059155
0.00059219
0.00059283
0.00059348
0.00059412
0.00059476
0.0005954
0.00059604
0.00059668
0.00059732
0.00059796
0.0005986
0.00059924
0.00059987
0.00060051
0.00060115
0.00060178
0.00060242
0.00060305
0.00060369
0.00060432
0.00060496
0.00060559
0.00060622
0.00060686
0.00060749
0.00060812
0.00060875
0.00060938
0.00061001
0.00061064
0.00061127
0.00061189
0.00061252
0.00061315
0.00061378
0.0006144
0.00061503
0.00061565
0.00061627
0.0006169
0.00061752
0.00061814
0.00061876
0.00061938
0.00062001
0.00062062
0.00062124
0.00062186
0.00062248
0.0006231
0.00062371
0.00062433
0.00062495
0.00062556
0.00062617
0.00062679
0.0006274
0.00062801
0.00062862
0.00062923
0.00062984
0.00063045
0.00063106
0.00063167
0.00063228
0.00063288
0.00063349
0.00063409
0.0006347
0.0006353
0.0006359
0.0006365
0.0006371
0.0006377
0.0006383
0.0006389
0.0006395
0.0006401
0.00064069
0.00064129
0.00064188
0.00064248
0.00064307
0.00064366
0.00064426
0.00064484
0.00064544
0.00064602
0.00064661
0.0006472
0.00064779
0.00064837
0.00064896
0.00064954
0.00065012
0.0006507
0.00065128
0.00065186
0.00065244
0.00065302
0.0006536
0.00065417
0.00065475
0.00065532
0.0006559
0.00065647
0.00065704
0.00065761
0.00065818
0.00065875
0.00065932
0.00065988
0.00066045
0.00066101
0.00066157
0.00066213
0.0006627
0.00066325
0.00066382
0.00066437
0.00066493
0.00066548
0.00066604
0.00066659
0.00066714
0.00066769
0.00066825
0.00066879
0.00066934
0.00066988
0.00067043
0.00067097
0.00067152
0.00067206
0.0006726
0.00067314
0.00067368
0.00067421
0.00067475
0.00067528
0.00067582
0.00067635
0.00067688
0.00067741
0.00067794
0.00067846
0.00067899
0.00067951
0.00068003
0.00068055
0.00068107
0.00068159
0.00068211
0.00068262
0.00068314
0.00068365
0.00068416
0.00068467
0.00068518
0.00068568
0.00068619
0.00068669
0.0006872
0.0006877
0.0006882
0.00068869
0.0006892
0.00068969
0.00069018
0.00069067
0.00069117
0.00069165
0.00069214
0.00069262
0.00069311
0.00069359
0.00069407
0.00069455
0.00069503
0.0006955
0.00069598
0.00069645
0.00069692
0.00069739
0.00069786
0.00069832
0.00069879
0.00069924
0.00069971
0.00070016
0.00070062
0.00070107
0.00070153
0.00070198
0.00070243
0.00070287
0.00070332
0.00070376
0.00070421
0.00070464
0.00070509
0.00070552
0.00070596
0.00070638
0.00070682
0.00070724
0.00070767
0.00070809
0.00070852
0.00070893
0.00070936
0.00070977
0.00071019
0.00071059
0.00071101
0.00071141
0.00071182
0.00071222
0.00071262
0.00071302
0.00071342
0.00071381
0.00071421
0.00071459
0.00071498
0.00071536
0.00071575
0.00071613
0.00071651
0.00071688
0.00071726
0.00071763
0.000718
0.00071836
0.00071873
0.00071909
0.00071945
0.0007198
0.00072016
0.00072051
0.00072087
0.00072121
0.00072156
0.00072189
0.00072224
0.00072257
0.00072291
0.00072324
0.00072357
0.00072389
0.00072422
0.00072454
0.00072486
0.00072517
0.00072549
0.00072579
0.0007261
0.0007264
0.00072671
0.000727
0.0007273
0.00072759
0.00072789
0.00072817
0.00072846
0.00072874
0.00072902
0.00072929
0.00072957
0.00072983
0.0007301
0.00073037
0.00073063
0.00073088
0.00073114
0.00073139
0.00073164
0.00073188
0.00073213
0.00073236
0.0007326
0.00073283
0.00073306
0.00073329
0.00073351
0.00073373
0.00073395
0.00073416
0.00073437
0.00073457
0.00073478
0.00073497
0.00073517
0.00073536
0.00073555
0.00073574
0.00073592
0.0007361
0.00073627
0.00073644
0.00073661
0.00073677
0.00073693
0.00073709
0.00073724
0.00073739
0.00073754
0.00073768
0.00073781
0.00073795
0.00073808
0.0007382
0.00073833
0.00073845
0.00073856
0.00073867
0.00073878
0.00073888
0.00073898
0.00073907
0.00073916
0.00073925
0.00073933
0.00073941
0.00073948
0.00073955
0.00073962
0.00073968
0.00073974
0.00073979
0.00073984
0.00073989
0.00073992
0.00073996
0.00073999
0.00074002
0.00074004
0.00074006
0.00074007
0.00074008
0.00074008
0.00074009
0.00074008
0.00074007
0.00074006
0.00074004
0.00074001
0.00073999
0.00073995
0.00073992
0.00073987
0.00073983
0.00073977
0.00073972
0.00073965
0.00073959
0.00073952
0.00073944
0.00073936
0.00073927
0.00073918
0.00073909
0.00073898
0.00073888
0.00073876
0.00073865
0.00073852
0.00073839
0.00073826
0.00073812
0.00073797
0.00073783
0.00073767
0.00073751
0.00073734
0.00073718
0.000737
0.00073682
0.00073663
0.00073644
0.00073623
0.00073603
0.00073582
0.00073561
0.00073538
0.00073516
0.00073492
0.00073468
0.00073443
0.00073419
0.00073392
0.00073367
0.00073339
0.00073312
0.00073283
0.00073255
0.00073225
0.00073196
0.00073165
0.00073134
0.00073101
0.0007307
0.00073036
0.00073003
0.00072968
0.00072933
0.00072897
0.00072861
0.00072824
0.00072787
0.00072748
0.0007271
0.00072669
0.0007263
0.00072588
0.00072547
0.00072504
0.00072462
0.00072417
0.00072374
0.00072328
0.00072283
0.00072235
0.00072189
0.0007214
0.00072093
0.00072043
0.00071993
0.00071942
0.00071891
0.00071838
0.00071786
0.00071731
0.00071678
0.00071622
0.00071567
0.00071509
0.00071453
0.00071394
0.00071336
0.00071275
0.00071216
0.00071153
0.00071092
0.00071029
0.00070966
0.00070901
0.00070836
0.0007077
0.00070704
0.00070635
0.00070568
0.00070498
0.00070429
0.00070357
0.00070286
0.00070213
0.00070141
0.00070066
0.00069992
0.00069915
0.00069839
0.00069761
0.00069683
0.00069603
0.00069524
0.00069442
0.00069361
0.00069278
0.00069195
0.0006911
0.00069025
0.00068938
0.00068852
0.00068763
0.00068675
0.00068584
0.00068495
0.00068402
0.0006831
0.00068216
0.00068123
0.00068026
0.00067931
0.00067833
0.00067736
0.00067635
0.00067536
0.00067434
0.00067333
0.00067229
0.00067126
0.00067021
0.00066916
0.00066808
0.00066701
0.00066591
0.00066482
0.0006637
0.00066259
0.00066146
0.00066033
0.00065917
0.00065802
0.00065684
0.00065567
0.00065447
0.00065328
0.00065206
0.00065084
0.0006496
0.00064837
0.00064711
0.00064585
0.00064457
0.00064329
0.00064198
0.00064069
0.00063936
0.00063804
0.00063669
0.00063534
0.00063397
0.00063261
0.00063121
0.00062983
0.00062841
0.000627
0.00062556
0.00062413
0.00062266
0.00062121
0.00061972
0.00061824
0.00061673
0.00061523
0.0006137
0.00061217
0.00061061
0.00060906
0.00060748
0.00060591
0.0006043
0.0006027
0.00060107
0.00059945
0.0005978
0.00059615
0.00059447
0.0005928
0.00059109
0.00058939
0.00058767
0.00058594
0.00058419
0.00058244
0.00058066
0.00057888
0.00057708
0.00057528
0.00057345
0.00057162
0.00056976
0.00056791
0.00056602
0.00056414
0.00056223
0.00056032
0.00055839
0.00055645
0.00055449
0.00055253
0.00055053
0.00054855
0.00054653
0.00054451
0.00054246
0.00054042
0.00053834
0.00053627
0.00053417
0.00053206
0.00052993
0.0005278
0.00052564
0.00052348
0.00052129
0.00051911
0.00051689
0.00051467
0.00051242
0.00051018
0.0005079
0.00050562
0.00050332
0.00050101
0.00049867
0.00049634
0.00049397
0.0004916
0.00048921
0.00048681
0.00048438
0.00048195
0.00047949
0.00047703
0.00047454
0.00047205
0.00046953
0.00046701
0.00046445
0.0004619
0.00045931
0.00045673
0.00045411
0.00045149
0.00044884
0.00044619
0.00044351
0.00044082
0.00043811
0.00043539
0.00043264
0.00042989
0.00042711
0.00042433
0.00042151
0.00041869
0.00041585
0.00041299
0.00041011
0.00040722
0.00040431
0.00040138
0.00039843
0.00039548
0.00039249
0.0003895
0.00038648
0.00038345
0.0003804
0.00037733
0.00037424
0.00037114
0.00036802
0.00036488
0.00036172
0.00035855
0.00035535
0.00035214
0.00034891
0.00034566
0.00034239
0.00033911
0.0003358
0.00033248
0.00032913
0.00032577
0.00032239
0.00031899
0.00031557
0.00031214
0.00030868
0.0003052
0.00030171
0.0002982
0.00029466
0.00029111
0.00028753
0.00028394
0.00028033
0.0002767
0.00027304
0.00026938
0.00026568
0.00026197
0.00025824
0.00025449
0.00025071
0.00024693
0.00024311
0.00023928
0.00023542
0.00023155
0.00022765
0.00022374
0.0002198
0.00021585
0.00021187
0.00020787
0.00020385
0.00019981
0.00019575
0.00019166
0.00018756
0.00018343
0.00017928
0.00017512
0.00017092
0.00016671
0.00016248
0.00015822
0.00015394
0.00014964
0.00014532
0.00014098
0.00013661
0.00013222
0.00012781
0.00012338
0.00011892
0.00011444
0.00010994
0.00010542
0.00010087
9.63e-05
9.1706e-05
8.7092e-05
8.2453e-05
7.7792e-05
7.3106e-05
6.8399e-05
6.3667e-05
5.8913e-05
5.4134e-05
4.9332e-05
4.4506e-05
3.9658e-05
3.4784e-05
2.9887e-05
2.4966e-05
2.0022e-05
1.5052e-05
1.0059e-05
5.0417e-06
