-0.018827
-0.024085
-0.026744
-0.028334
-0.029353
-0.030023
-0.030459
-0.030731
-0.030881
-0.030939
-0.030925
-0.030853
-0.030734
-0.030577
-0.030388
-0.030172
-0.029934
-0.029676
-0.029401
-0.029112
-0.028811
-0.028499
-0.028177
-0.027847
-0.02751
-0.027166
-0.026817
-0.026463
-0.026105
-0.025742
-0.025377
-0.025008
-0.024637
-0.024264
-0.023888
-0.023512
-0.023133
-0.022754
-0.022374
-0.021993
-0.021611
-0.021229
-0.020847
-0.020465
-0.020083
-0.019701
-0.019319
-0.018937
-0.018557
-0.018176
-0.017797
-0.017418
-0.01704
-0.016663
-0.016287
-0.015912
-0.015538
-0.015166
-0.014794
-0.014424
-0.014056
-0.013689
-0.013323
-0.012959
-0.012597
-0.012236
-0.011877
-0.01152
-0.011165
-0.010811
-0.01046
-0.01011
-0.009763
-0.0094177
-0.0090744
-0.0087333
-0.0083944
-0.0080578
-0.0077235
-0.0073915
-0.0070619
-0.0067347
-0.00641
-0.0060879
-0.0057683
-0.0054513
-0.0051369
-0.0048253
-0.0045164
-0.0042102
-0.0039069
-0.0036065
-0.003309
-0.0030144
-0.0027228
-0.0024343
-0.0021489
-0.0018666
-0.0015875
-0.0013116
-0.001039
-0.0007697
-0.00050377
-0.00024124
1.7824e-05
0.00027339
0.0005254
0.00077382
0.0010186
0.0012597
0.001497
0.0017305
0.0019602
0.0021861
0.0024079
0.0026258
0.0028396
0.0030494
0.003255
0.0034564
0.0036535
0.0038464
0.0040349
0.004219
0.0043986
0.0045737
0.0047442
0.0049101
0.0050713
0.0052278
0.0053794
0.0055262
0.0056681
0.005805
0.0059369
0.0060637
0.0061853
0.0063017
0.0064128
0.0065186
0.006619
0.0067139
0.0068033
0.0068871
0.0069652
0.0070376
0.0071042
0.007165
0.0072198
0.0072687
0.0073114
0.0073481
0.0073785
0.0074027
0.0074205
0.0074319
0.0074368
0.0074352
0.0074269
0.0074119
0.0073901
0.0073615
0.0073259
0.0072833
0.0072337
0.0071768
0.0071127
0.0070413
0.0069624
0.0068761
0.0067822
0.0066806
0.0065713
0.0064541
0.006329
0.006196
0.0060548
0.0059055
0.0057479
0.005582
0.0054076
0.0052247
0.0050331
0.0048328
0.0046237
0.0044058
0.0041788
0.0039427
0.0036974
0.0034428
0.0031788
0.0029053
0.0026223
0.0023295
0.002027
0.0017145
0.001392
0.0010595
0.00071666
0.00036355
