-1.4581e-05
-2.9065e-05
-4.3452e-05
-5.7743e-05
-7.1939e-05
-8.6039e-05
-0.00010004
-0.00011396
-0.00012777
-0.0001415
-0.00015513
-0.00016866
-0.00018211
-0.00019546
-0.00020872
-0.0002219
-0.00023498
-0.00024797
-0.00026087
-0.00027368
-0.0002864
-0.00029904
-0.00031158
-0.00032404
-0.00033641
-0.0003487
-0.0003609
-0.00037301
-0.00038504
-0.00039698
-0.00040884
-0.00042061
-0.0004323
-0.0004439
-0.00045542
-0.00046686
-0.00047822
-0.00048949
-0.00050069
-0.0005118
-0.00052283
-0.00053378
-0.00054465
-0.00055544
-0.00056615
-0.00057678
-0.00058734
-0.00059781
-0.00060821
-0.00061853
-0.00062878
-0.00063894
-0.00064903
-0.00065904
-0.00066899
-0.00067885
-0.00068864
-0.00069835
-0.00070799
-0.00071755
-0.00072705
-0.00073646
-0.00074581
-0.00075508
-0.00076429
-0.00077341
-0.00078248
-0.00079146
-0.00080038
-0.00080922
-0.000818
-0.00082671
-0.00083535
-0.00084391
-0.00085241
-0.00086084
-0.00086921
-0.0008775
-0.00088573
-0.00089389
-0.00090198
-0.00091001
-0.00091797
-0.00092586
-0.0009337
-0.00094146
-0.00094916
-0.00095679
-0.00096437
-0.00097187
-0.00097932
-0.00098669
-0.00099402
-0.0010013
-0.0010085
-0.0010156
-0.0010227
-0.0010297
-0.0010366
-0.0010435
-0.0010503
-0.0010571
-0.0010638
-0.0010704
-0.001077
-0.0010835
-0.00109
-0.0010964
-0.0011028
-0.0011091
-0.0011153
-0.0011215
-0.0011276
-0.0011337
-0.0011397
-0.0011456
-0.0011515
-0.0011574
-0.0011631
-0.0011689
-0.0011745
-0.0011802
-0.0011857
-0.0011912
-0.0011967
-0.0012021
-0.0012074
-0.0012127
-0.001218
-0.0012232
-0.0012283
-0.0012334
-0.0012384
-0.0012434
-0.0012484
-0.0012532
-0.0012581
-0.0012629
-0.0012676
-0.0012723
-0.0012769
-0.0012815
-0.001286
-0.0012905
-0.0012949
-0.0012993
-0.0013037
-0.001308
-0.0013122
-0.0013164
-0.0013205
-0.0013246
-0.0013287
-0.0013327
-0.0013367
-0.0013406
-0.0013445
-0.0013483
-0.0013521
-0.0013558
-0.0013595
-0.0013631
-0.0013667
-0.0013703
-0.0013738
-0.0013773
-0.0013807
-0.0013841
-0.0013874
-0.0013907
-0.001394
-0.0013972
-0.0014004
-0.0014035
-0.0014066
-0.0014096
-0.0014126
-0.0014156
-0.0014185
-0.0014214
-0.0014242
-0.001427
-0.0014298
-0.0014325
-0.0014352
-0.0014378
-0.0014404
-0.001443
-0.0014455
-0.001448
-0.0014504
-0.0014528
-0.0014552
-0.0014575
-0.0014598
-0.0014621
-0.0014643
-0.0014665
-0.0014687
-0.0014708
-0.0014728
-0.0014749
-0.0014769
-0.0014788
-0.0014808
-0.0014827
-0.0014845
-0.0014863
-0.0014881
-0.0014899
-0.0014916
-0.0014933
-0.0014949
-0.0014966
-0.0014981
-0.0014997
-0.0015012
-0.0015027
-0.0015041
-0.0015056
-0.0015069
-0.0015083
-0.0015096
-0.0015109
-0.0015121
-0.0015134
-0.0015146
-0.0015157
-0.0015168
-0.0015179
-0.001519
-0.00152
-0.001521
-0.001522
-0.001523
-0.0015239
-0.0015248
-0.0015256
-0.0015264
-0.0015272
-0.001528
-0.0015287
-0.0015294
-0.0015301
-0.0015308
-0.0015314
-0.001532
-0.0015325
-0.0015331
-0.0015336
-0.001534
-0.0015345
-0.0015349
-0.0015353
-0.0015357
-0.001536
-0.0015363
-0.0015366
-0.0015369
-0.0015371
-0.0015373
-0.0015375
-0.0015377
-0.0015378
-0.0015379
-0.001538
-0.001538
-0.0015381
-0.0015381
-0.001538
-0.001538
-0.0015379
-0.0015378
-0.0015377
-0.0015376
-0.0015374
-0.0015372
-0.001537
-0.0015367
-0.0015365
-0.0015362
-0.0015359
-0.0015355
-0.0015352
-0.0015348
-0.0015344
-0.0015339
-0.0015335
-0.001533
-0.0015325
-0.001532
-0.0015315
-0.0015309
-0.0015303
-0.0015297
-0.0015291
-0.0015284
-0.0015278
-0.0015271
-0.0015264
-0.0015256
-0.0015249
-0.0015241
-0.0015233
-0.0015225
-0.0015217
-0.0015208
-0.0015199
-0.001519
-0.0015181
-0.0015172
-0.0015162
-0.0015152
-0.0015142
-0.0015132
-0.0015122
-0.0015111
-0.0015101
-0.001509
-0.0015079
-0.0015067
-0.0015056
-0.0015044
-0.0015032
-0.001502
-0.0015008
-0.0014996
-0.0014983
-0.001497
-0.0014957
-0.0014944
-0.0014931
-0.0014917
-0.0014904
-0.001489
-0.0014876
-0.0014862
-0.0014848
-0.0014833
-0.0014819
-0.0014804
-0.0014789
-0.0014774
-0.0014758
-0.0014743
-0.0014727
-0.0014711
-0.0014695
-0.0014679
-0.0014663
-0.0014646
-0.001463
-0.0014613
-0.0014596
-0.0014579
-0.0014562
-0.0014545
-0.0014527
-0.001451
-0.0014492
-0.0014474
-0.0014456
-0.0014437
-0.0014419
-0.0014401
-0.0014382
-0.0014363
-0.0014344
-0.0014325
-0.0014306
-0.0014286
-0.0014267
-0.0014247
-0.0014227
-0.0014208
-0.0014188
-0.0014167
-0.0014147
-0.0014126
-0.0014106
-0.0014085
-0.0014064
-0.0014043
-0.0014022
-0.0014001
-0.001398
-0.0013958
-0.0013937
-0.0013915
-0.0013893
-0.0013871
-0.0013849
-0.0013827
-0.0013804
-0.0013782
-0.0013759
-0.0013737
-0.0013714
-0.0013691
-0.0013668
-0.0013645
-0.0013621
-0.0013598
-0.0013575
-0.0013551
-0.0013527
-0.0013503
-0.0013479
-0.0013455
-0.0013431
-0.0013407
-0.0013383
-0.0013358
-0.0013333
-0.0013309
-0.0013284
-0.0013259
-0.0013234
-0.0013209
-0.0013184
-0.0013158
-0.0013133
-0.0013107
-0.0013082
-0.0013056
-0.001303
-0.0013004
-0.0012978
-0.0012952
-0.0012926
-0.00129
-0.0012873
-0.0012847
-0.001282
-0.0012794
-0.0012767
-0.001274
-0.0012713
-0.0012686
-0.0012659
-0.0012632
-0.0012604
-0.0012577
-0.001255
-0.0012522
-0.0012494
-0.0012467
-0.0012439
-0.0012411
-0.0012383
-0.0012355
-0.0012327
-0.0012298
-0.001227
-0.0012242
-0.0012213
-0.0012185
-0.0012156
-0.0012127
-0.0012099
-0.001207
-0.0012041
-0.0012012
-0.0011983
-0.0011953
-0.0011924
-0.0011895
-0.0011865
-0.0011836
-0.0011806
-0.0011777
-0.0011747
-0.0011717
-0.0011688
-0.0011658
-0.0011628
-0.0011598
-0.0011567
-0.0011537
-0.0011507
-0.0011477
-0.0011446
-0.0011416
-0.0011385
-0.0011355
-0.0011324
-0.0011293
-0.0011263
-0.0011232
-0.0011201
-0.001117
-0.0011139
-0.0011108
-0.0011076
-0.0011045
-0.0011014
-0.0010983
-0.0010951
-0.001092
-0.0010888
-0.0010857
-0.0010825
-0.0010793
-0.0010762
-0.001073
-0.0010698
-0.0010666
-0.0010634
-0.0010602
-0.001057
-0.0010538
-0.0010505
-0.0010473
-0.0010441
-0.0010408
-0.0010376
-0.0010343
-0.0010311
-0.0010278
-0.0010246
-0.0010213
-0.001018
-0.0010147
-0.0010115
-0.0010082
-0.0010049
-0.0010016
-0.00099828
-0.00099497
-0.00099166
-0.00098834
-0.00098502
-0.00098169
-0.00097836
-0.00097502
-0.00097168
-0.00096833
-0.00096498
-0.00096162
-0.00095827
-0.0009549
-0.00095153
-0.00094816
-0.00094478
-0.0009414
-0.00093802
-0.00093462
-0.00093123
-0.00092783
-0.00092443
-0.00092102
-0.00091762
-0.0009142
-0.00091078
-0.00090736
-0.00090393
-0.0009005
-0.00089707
-0.00089363
-0.00089019
-0.00088674
-0.00088329
-0.00087983
-0.00087638
-0.00087292
-0.00086945
-0.00086598
-0.00086251
-0.00085903
-0.00085556
-0.00085207
-0.00084859
-0.0008451
-0.00084161
-0.00083811
-0.00083461
-0.0008311
-0.0008276
-0.00082409
-0.00082058
-0.00081706
-0.00081354
-0.00081001
-0.00080649
-0.00080296
-0.00079943
-0.00079589
-0.00079235
-0.00078881
-0.00078527
-0.00078172
-0.00077817
-0.00077461
-0.00077106
-0.00076749
-0.00076393
-0.00076037
-0.0007568
-0.00075323
-0.00074965
-0.00074608
-0.0007425
-0.00073891
-0.00073533
-0.00073174
-0.00072815
-0.00072456
-0.00072096
-0.00071736
-0.00071376
-0.00071016
-0.00070655
-0.00070294
-0.00069933
-0.00069572
-0.0006921
-0.00068849
-0.00068486
-0.00068124
-0.00067762
-0.00067399
-0.00067036
-0.00066672
-0.00066309
-0.00065945
-0.00065581
-0.00065217
-0.00064853
-0.00064488
-0.00064123
-0.00063758
-0.00063393
-0.00063027
-0.00062662
-0.00062296
-0.0006193
-0.00061563
-0.00061197
-0.0006083
-0.00060463
-0.00060096
-0.00059729
-0.00059361
-0.00058993
-0.00058626
-0.00058257
-0.00057889
-0.00057521
-0.00057152
-0.00056783
-0.00056414
-0.00056045
-0.00055676
-0.00055306
-0.00054936
-0.00054567
-0.00054196
-0.00053826
-0.00053456
-0.00053085
-0.00052715
-0.00052344
-0.00051973
-0.00051601
-0.0005123
-0.00050858
-0.00050487
-0.00050115
-0.00049743
-0.00049371
-0.00048998
-0.00048626
-0.00048253
-0.00047881
-0.00047508
-0.00047135
-0.00046762
-0.00046388
-0.00046015
-0.00045641
-0.00045268
-0.00044894
-0.0004452
-0.00044146
-0.00043772
-0.00043397
-0.00043023
-0.00042648
-0.00042273
-0.00041898
-0.00041523
-0.00041148
-0.00040773
-0.00040398
-0.00040022
-0.00039647
-0.00039271
-0.00038895
-0.00038519
-0.00038143
-0.00037767
-0.00037391
-0.00037015
-0.00036638
-0.00036262
-0.00035885
-0.00035508
-0.00035132
-0.00034755
-0.00034378
-0.00034001
-0.00033623
-0.00033246
-0.00032869
-0.00032491
-0.00032113
-0.00031736
-0.00031358
-0.0003098
-0.00030602
-0.00030224
-0.00029846
-0.00029468
-0.0002909
-0.00028711
-0.00028333
-0.00027955
-0.00027576
-0.00027197
-0.00026819
-0.0002644
-0.00026061
-0.00025682
-0.00025303
-0.00024924
-0.00024545
-0.00024166
-0.00023786
-0.00023407
-0.00023028
-0.00022648
-0.00022269
-0.00021889
-0.0002151
-0.0002113
-0.0002075
-0.0002037
-0.00019991
-0.00019611
-0.00019231
-0.00018851
-0.00018471
-0.00018091
-0.0001771
-0.0001733
-0.0001695
-0.0001657
-0.00016189
-0.00015809
-0.00015429
-0.00015048
-0.00014668
-0.00014287
-0.00013907
-0.00013526
-0.00013146
-0.00012765
-0.00012384
-0.00012003
-0.00011623
-0.00011242
-0.00010861
-0.0001048
-0.00010099
-9.7185e-05
-9.3376e-05
-8.9567e-05
-8.5757e-05
-8.1947e-05
-7.8137e-05
-7.4327e-05
-7.0516e-05
-6.6706e-05
-6.2894e-05
-5.9084e-05
-5.5272e-05
-5.1461e-05
-4.765e-05
-4.3838e-05
-4.0026e-05
-3.6215e-05
-3.2403e-05
-2.8591e-05
-2.4779e-05
-2.0967e-05
-1.7155e-05
-1.3343e-05
-9.5304e-06
-5.7185e-06
-1.9059e-06
1.9059e-06
5.7185e-06
9.5304e-06
1.3343e-05
1.7155e-05
2.0967e-05
2.4779e-05
2.8591e-05
3.2403e-05
3.6215e-05
4.0026e-05
4.3838e-05
4.765e-05
5.1461e-05
5.5272e-05
5.9084e-05
6.2894e-05
6.6706e-05
7.0516e-05
7.4327e-05
7.8137e-05
8.1947e-05
8.5757e-05
8.9567e-05
9.3376e-05
9.7185e-05
0.00010099
0.0001048
0.00010861
0.00011242
0.00011623
0.00012003
0.00012384
0.00012765
0.00013146
0.00013526
0.00013907
0.00014287
0.00014668
0.00015048
0.00015429
0.00015809
0.00016189
0.0001657
0.0001695
0.0001733
0.0001771
0.00018091
0.00018471
0.00018851
0.00019231
0.00019611
0.00019991
0.0002037
0.0002075
0.0002113
0.0002151
0.00021889
0.00022269
0.00022648
0.00023028
0.00023407
0.00023786
0.00024166
0.00024545
0.00024924
0.00025303
0.00025682
0.00026061
0.0002644
0.00026819
0.00027197
0.00027576
0.00027955
0.00028333
0.00028711
0.0002909
0.00029468
0.00029846
0.00030224
0.00030602
0.0003098
0.00031358
0.00031736
0.00032113
0.00032491
0.00032869
0.00033246
0.00033623
0.00034001
0.00034378
0.00034755
0.00035132
0.00035508
0.00035885
0.00036262
0.00036638
0.00037015
0.00037391
0.00037767
0.00038143
0.00038519
0.00038895
0.00039271
0.00039647
0.00040022
0.00040398
0.00040773
0.00041148
0.00041523
0.00041898
0.00042273
0.00042648
0.00043023
0.00043397
0.00043772
0.00044146
0.0004452
0.00044894
0.00045268
0.00045641
0.00046015
0.00046388
0.00046762
0.00047135
0.00047508
0.00047881
0.00048253
0.00048626
0.00048998
0.00049371
0.00049743
0.00050115
0.00050487
0.00050858
0.0005123
0.00051601
0.00051973
0.00052344
0.00052715
0.00053085
0.00053456
0.00053826
0.00054196
0.00054567
0.00054936
0.00055306
0.00055676
0.00056045
0.00056414
0.00056783
0.00057152
0.00057521
0.00057889
0.00058257
0.00058626
0.00058993
0.00059361
0.00059729
0.00060096
0.00060463
0.0006083
0.00061197
0.00061563
0.0006193
0.00062296
0.00062662
0.00063027
0.00063393
0.00063758
0.00064123
0.00064488
0.00064853
0.00065217
0.00065581
0.00065945
0.00066309
0.00066672
0.00067036
0.00067399
0.00067762
0.00068124
0.00068486
0.00068849
0.0006921
0.00069572
0.00069933
0.00070294
0.00070655
0.00071016
0.00071376
0.00071736
0.00072096
0.00072456
0.00072815
0.00073174
0.00073533
0.00073891
0.0007425
0.00074608
0.00074965
0.00075323
0.0007568
0.00076037
0.00076393
0.00076749
0.00077106
0.00077461
0.00077817
0.00078172
0.00078527
0.00078881
0.00079235
0.00079589
0.00079943
0.00080296
0.00080649
0.00081001
0.00081354
0.00081706
0.00082058
0.00082409
0.0008276
0.0008311
0.00083461
0.00083811
0.00084161
0.0008451
0.00084859
0.00085207
0.00085556
0.00085903
0.00086251
0.00086598
0.00086945
0.00087292
0.00087638
0.00087983
0.00088329
0.00088674
0.00089019
0.00089363
0.00089707
0.0009005
0.00090393
0.00090736
0.00091078
0.0009142
0.00091762
0.00092102
0.00092443
0.00092783
0.00093123
0.00093462
0.00093802
0.0009414
0.00094478
0.00094816
0.00095153
0.0009549
0.00095827
0.00096162
0.00096498
0.00096833
0.00097168
0.00097502
0.00097836
0.00098169
0.00098502
0.00098834
0.00099166
0.00099497
0.00099828
0.0010016
0.0010049
0.0010082
0.0010115
0.0010147
0.001018
0.0010213
0.0010246
0.0010278
0.0010311
0.0010343
0.0010376
0.0010408
0.0010441
0.0010473
0.0010505
0.0010538
0.001057
0.0010602
0.0010634
0.0010666
0.0010698
0.001073
0.0010762
0.0010793
0.0010825
0.0010857
0.0010888
0.001092
0.0010951
0.0010983
0.0011014
0.0011045
0.0011076
0.0011108
0.0011139
0.001117
0.0011201
0.0011232
0.0011263
0.0011293
0.0011324
0.0011355
0.0011385
0.0011416
0.0011446
0.0011477
0.0011507
0.0011537
0.0011567
0.0011598
0.0011628
0.0011658
0.0011688
0.0011717
0.0011747
0.0011777
0.0011806
0.0011836
0.0011865
0.0011895
0.0011924
0.0011953
0.0011983
0.0012012
0.0012041
0.001207
0.0012099
0.0012127
0.0012156
0.0012185
0.0012213
0.0012242
0.001227
0.0012298
0.0012327
0.0012355
0.0012383
0.0012411
0.0012439
0.0012467
0.0012494
0.0012522
0.001255
0.0012577
0.0012604
0.0012632
0.0012659
0.0012686
0.0012713
0.001274
0.0012767
0.0012794
0.001282
0.0012847
0.0012873
0.00129
0.0012926
0.0012952
0.0012978
0.0013004
0.001303
0.0013056
0.0013082
0.0013107
0.0013133
0.0013158
0.0013184
0.0013209
0.0013234
0.0013259
0.0013284
0.0013309
0.0013333
0.0013358
0.0013383
0.0013407
0.0013431
0.0013455
0.0013479
0.0013503
0.0013527
0.0013551
0.0013575
0.0013598
0.0013621
0.0013645
0.0013668
0.0013691
0.0013714
0.0013737
0.0013759
0.0013782
0.0013804
0.0013827
0.0013849
0.0013871
0.0013893
0.0013915
0.0013937
0.0013958
0.001398
0.0014001
0.0014022
0.0014043
0.0014064
0.0014085
0.0014106
0.0014126
0.0014147
0.0014167
0.0014188
0.0014208
0.0014227
0.0014247
0.0014267
0.0014286
0.0014306
0.0014325
0.0014344
0.0014363
0.0014382
0.0014401
0.0014419
0.0014437
0.0014456
0.0014474
0.0014492
0.001451
0.0014527
0.0014545
0.0014562
0.0014579
0.0014596
0.0014613
0.001463
0.0014646
0.0014663
0.0014679
0.0014695
0.0014711
0.0014727
0.0014743
0.0014758
0.0014774
0.0014789
0.0014804
0.0014819
0.0014833
0.0014848
0.0014862
0.0014876
0.001489
0.0014904
0.0014917
0.0014931
0.0014944
0.0014957
0.001497
0.0014983
0.0014996
0.0015008
0.001502
0.0015032
0.0015044
0.0015056
0.0015067
0.0015079
0.001509
0.0015101
0.0015111
0.0015122
0.0015132
0.0015142
0.0015152
0.0015162
0.0015172
0.0015181
0.001519
0.0015199
0.0015208
0.0015217
0.0015225
0.0015233
0.0015241
0.0015249
0.0015256
0.0015264
0.0015271
0.0015278
0.0015284
0.0015291
0.0015297
0.0015303
0.0015309
0.0015315
0.001532
0.0015325
0.001533
0.0015335
0.0015339
0.0015344
0.0015348
0.0015352
0.0015355
0.0015359
0.0015362
0.0015365
0.0015367
0.001537
0.0015372
0.0015374
0.0015376
0.0015377
0.0015378
0.0015379
0.001538
0.001538
0.0015381
0.0015381
0.001538
0.001538
0.0015379
0.0015378
0.0015377
0.0015375
0.0015373
0.0015371
0.0015369
0.0015366
0.0015363
0.001536
0.0015357
0.0015353
0.0015349
0.0015345
0.001534
0.0015336
0.0015331
0.0015325
0.001532
0.0015314
0.0015308
0.0015301
0.0015294
0.0015287
0.001528
0.0015272
0.0015264
0.0015256
0.0015248
0.0015239
0.001523
0.001522
0.001521
0.00152
0.001519
0.0015179
0.0015168
0.0015157
0.0015146
0.0015134
0.0015121
0.0015109
0.0015096
0.0015083
0.0015069
0.0015056
0.0015041
0.0015027
0.0015012
0.0014997
0.0014981
0.0014966
0.0014949
0.0014933
0.0014916
0.0014899
0.0014881
0.0014863
0.0014845
0.0014827
0.0014808
0.0014788
0.0014769
0.0014749
0.0014728
0.0014708
0.0014687
0.0014665
0.0014643
0.0014621
0.0014598
0.0014575
0.0014552
0.0014528
0.0014504
0.001448
0.0014455
0.001443
0.0014404
0.0014378
0.0014352
0.0014325
0.0014298
0.001427
0.0014242
0.0014214
0.0014185
0.0014156
0.0014126
0.0014096
0.0014066
0.0014035
0.0014004
0.0013972
0.001394
0.0013907
0.0013874
0.0013841
0.0013807
0.0013773
0.0013738
0.0013703
0.0013667
0.0013631
0.0013595
0.0013558
0.0013521
0.0013483
0.0013445
0.0013406
0.0013367
0.0013327
0.0013287
0.0013246
0.0013205
0.0013164
0.0013122
0.001308
0.0013037
0.0012993
0.0012949
0.0012905
0.001286
0.0012815
0.0012769
0.0012723
0.0012676
0.0012629
0.0012581
0.0012532
0.0012484
0.0012434
0.0012384
0.0012334
0.0012283
0.0012232
0.001218
0.0012127
0.0012074
0.0012021
0.0011967
0.0011912
0.0011857
0.0011802
0.0011745
0.0011689
0.0011631
0.0011574
0.0011515
0.0011456
0.0011397
0.0011337
0.0011276
0.0011215
0.0011153
0.0011091
0.0011028
0.0010964
0.00109
0.0010835
0.001077
0.0010704
0.0010638
0.0010571
0.0010503
0.0010435
0.0010366
0.0010297
0.0010227
0.0010156
0.0010085
0.0010013
0.00099402
0.00098669
0.00097932
0.00097187
0.00096437
0.00095679
0.00094916
0.00094146
0.0009337
0.00092586
0.00091797
0.00091001
0.00090198
0.00089389
0.00088573
0.0008775
0.00086921
0.00086084
0.00085241
0.00084391
0.00083535
0.00082671
0.000818
0.00080922
0.00080038
0.00079146
0.00078248
0.00077341
0.00076429
0.00075508
0.00074581
0.00073646
0.00072705
0.00071755
0.00070799
0.00069835
0.00068864
0.00067885
0.00066899
0.00065904
0.00064903
0.00063894
0.00062878
0.00061853
0.00060821
0.00059781
0.00058734
0.00057678
0.00056615
0.00055544
0.00054465
0.00053378
0.00052283
0.0005118
0.00050069
0.00048949
0.00047822
0.00046686
0.00045542
0.0004439
0.0004323
0.00042061
0.00040884
0.00039698
0.00038504
0.00037301
0.0003609
0.0003487
0.00033641
0.00032404
0.00031158
0.00029904
0.0002864
0.00027368
0.00026087
0.00024797
0.00023498
0.0002219
0.00020872
0.00019546
0.00018211
0.00016866
0.00015513
0.0001415
0.00012777
0.00011396
0.00010004
8.6039e-05
7.1939e-05
5.7743e-05
4.3452e-05
2.9065e-05
1.4581e-05
