-0.00039697
-0.00076994
-0.0011194
-0.0014459
-0.0017499
-0.0020319
-0.0022923
-0.0025318
-0.0027508
-0.0029498
-0.0031293
-0.0032897
-0.0034317
-0.0035556
-0.0036619
-0.0037513
-0.003824
-0.0038807
-0.0039218
-0.0039478
-0.0039592
-0.0039565
-0.0039402
-0.0039107
-0.0038685
-0.0038141
-0.0037481
-0.0036708
-0.0035827
-0.0034845
-0.0033764
-0.003259
-0.0031329
-0.0029984
-0.002856
-0.0027062
-0.0025496
-0.0023865
-0.0022174
-0.0020429
-0.0018634
-0.0016794
-0.0014913
-0.0012997
-0.001105
-0.00090763
-0.00070816
-0.00050701
-0.00030468
-0.00010164
0.00010164
0.00030468
0.00050701
0.00070816
0.00090763
0.001105
0.0012997
0.0014913
0.0016794
0.0018634
0.0020429
0.0022174
0.0023865
0.0025496
0.0027062
0.002856
0.0029984
0.0031329
0.003259
0.0033764
0.0034845
0.0035827
0.0036708
0.0037481
0.0038141
0.0038685
0.0039107
0.0039402
0.0039565
0.0039592
0.0039478
0.0039218
0.0038807
0.003824
0.0037513
0.0036619
0.0035556
0.0034317
0.0032897
0.0031293
0.0029498
0.0027508
0.0025318
0.0022923
0.0020319
0.0017499
0.0014459
0.0011194
0.00076994
0.00039697
