-0.0027399
-0.0034661
-0.0038265
-0.0040435
-0.0041871
-0.0042875
-0.0043603
-0.0044142
-0.0044547
-0.0044852
-0.0045081
-0.0045252
-0.0045378
-0.0045466
-0.0045524
-0.0045558
-0.0045571
-0.0045567
-0.0045548
-0.0045518
-0.0045476
-0.0045426
-0.0045368
-0.0045303
-0.0045232
-0.0045155
-0.0045075
-0.004499
-0.0044901
-0.0044809
-0.0044715
-0.0044617
-0.0044518
-0.0044416
-0.0044313
-0.0044208
-0.0044101
-0.0043993
-0.0043884
-0.0043773
-0.0043662
-0.0043549
-0.0043436
-0.0043322
-0.0043207
-0.0043091
-0.0042975
-0.0042858
-0.0042741
-0.0042623
-0.0042505
-0.0042387
-0.0042268
-0.0042148
-0.0042029
-0.0041909
-0.0041788
-0.0041668
-0.0041547
-0.0041426
-0.0041305
-0.0041183
-0.0041062
-0.004094
-0.0040818
-0.0040696
-0.0040574
-0.0040451
-0.0040329
-0.0040206
-0.0040083
-0.003996
-0.0039837
-0.0039714
-0.0039591
-0.0039468
-0.0039345
-0.0039221
-0.0039098
-0.0038974
-0.0038851
-0.0038727
-0.0038603
-0.003848
-0.0038356
-0.0038232
-0.0038108
-0.0037984
-0.003786
-0.0037736
-0.0037612
-0.0037488
-0.0037364
-0.003724
-0.0037116
-0.0036991
-0.0036867
-0.0036743
-0.0036619
-0.0036494
-0.003637
-0.0036246
-0.0036121
-0.0035997
-0.0035873
-0.0035748
-0.0035624
-0.0035499
-0.0035375
-0.0035251
-0.0035126
-0.0035002
-0.0034877
-0.0034753
-0.0034628
-0.0034503
-0.0034379
-0.0034254
-0.003413
-0.0034005
-0.0033881
-0.0033756
-0.0033631
-0.0033507
-0.0033382
-0.0033258
-0.0033133
-0.0033008
-0.0032884
-0.0032759
-0.0032634
-0.003251
-0.0032385
-0.003226
-0.0032136
-0.0032011
-0.0031886
-0.0031762
-0.0031637
-0.0031512
-0.0031388
-0.0031263
-0.0031138
-0.0031014
-0.0030889
-0.0030764
-0.0030639
-0.0030515
-0.003039
-0.0030265
-0.0030141
-0.0030016
-0.0029891
-0.0029766
-0.0029642
-0.0029517
-0.0029392
-0.0029268
-0.0029143
-0.0029018
-0.0028893
-0.0028769
-0.0028644
-0.0028519
-0.0028394
-0.002827
-0.0028145
-0.002802
-0.0027896
-0.0027771
-0.0027646
-0.0027521
-0.0027397
-0.0027272
-0.0027147
-0.0027022
-0.0026898
-0.0026773
-0.0026648
-0.0026523
-0.0026399
-0.0026274
-0.0026149
-0.0026025
-0.00259
-0.0025775
-0.002565
-0.0025526
-0.0025401
-0.0025276
-0.0025151
-0.0025027
-0.0024902
-0.0024777
-0.0024652
-0.0024528
-0.0024403
-0.0024278
-0.0024154
-0.0024029
-0.0023904
-0.0023779
-0.0023655
-0.002353
-0.0023405
-0.0023281
-0.0023156
-0.0023031
-0.0022906
-0.0022782
-0.0022657
-0.0022532
-0.0022408
-0.0022283
-0.0022158
-0.0022034
-0.0021909
-0.0021784
-0.0021659
-0.0021535
-0.002141
-0.0021285
-0.0021161
-0.0021036
-0.0020911
-0.0020787
-0.0020662
-0.0020537
-0.0020413
-0.0020288
-0.0020163
-0.0020039
-0.0019914
-0.0019789
-0.0019665
-0.001954
-0.0019415
-0.0019291
-0.0019166
-0.0019041
-0.0018917
-0.0018792
-0.0018668
-0.0018543
-0.0018418
-0.0018294
-0.0018169
-0.0018045
-0.001792
-0.0017795
-0.0017671
-0.0017546
-0.0017422
-0.0017297
-0.0017172
-0.0017048
-0.0016923
-0.0016799
-0.0016674
-0.001655
-0.0016425
-0.00163
-0.0016176
-0.0016051
-0.0015927
-0.0015802
-0.0015678
-0.0015553
-0.0015429
-0.0015304
-0.001518
-0.0015055
-0.0014931
-0.0014806
-0.0014682
-0.0014557
-0.0014433
-0.0014308
-0.0014184
-0.001406
-0.0013935
-0.0013811
-0.0013686
-0.0013562
-0.0013437
-0.0013313
-0.0013189
-0.0013064
-0.001294
-0.0012816
-0.0012691
-0.0012567
-0.0012442
-0.0012318
-0.0012194
-0.0012069
-0.0011945
-0.0011821
-0.0011697
-0.0011572
-0.0011448
-0.0011324
-0.00112
-0.0011075
-0.0010951
-0.0010827
-0.0010703
-0.0010578
-0.0010454
-0.001033
-0.0010206
-0.0010082
-0.00099576
-0.00098335
-0.00097094
-0.00095853
-0.00094612
-0.00093371
-0.00092131
-0.0009089
-0.0008965
-0.00088409
-0.00087169
-0.00085929
-0.0008469
-0.0008345
-0.0008221
-0.00080971
-0.00079732
-0.00078493
-0.00077254
-0.00076015
-0.00074776
-0.00073538
-0.000723
-0.00071062
-0.00069824
-0.00068586
-0.00067349
-0.00066111
-0.00064874
-0.00063637
-0.000624
-0.00061164
-0.00059927
-0.00058691
-0.00057455
-0.00056219
-0.00054984
-0.00053748
-0.00052513
-0.00051278
-0.00050044
-0.00048809
-0.00047575
-0.00046341
-0.00045107
-0.00043874
-0.0004264
-0.00041407
-0.00040174
-0.00038942
-0.0003771
-0.00036478
-0.00035246
-0.00034014
-0.00032783
-0.00031552
-0.00030322
-0.00029092
-0.00027861
-0.00026632
-0.00025402
-0.00024173
-0.00022944
-0.00021716
-0.00020488
-0.0001926
-0.00018033
-0.00016805
-0.00015579
-0.00014352
-0.00013126
-0.000119
-0.00010675
-9.4499e-05
-8.2253e-05
-7.0011e-05
-5.7772e-05
-4.5538e-05
-3.3307e-05
-2.108e-05
-8.858e-06
3.3603e-06
1.5574e-05
2.7784e-05
3.9989e-05
5.219e-05
6.4387e-05
7.6579e-05
8.8766e-05
0.00010095
0.00011313
0.0001253
0.00013747
0.00014963
0.00016179
0.00017394
0.00018609
0.00019823
0.00021037
0.0002225
0.00023462
0.00024674
0.00025886
0.00027097
0.00028307
0.00029517
0.00030726
0.00031934
0.00033142
0.0003435
0.00035556
0.00036762
0.00037967
0.00039172
0.00040376
0.00041579
0.00042782
0.00043984
0.00045185
0.00046385
0.00047585
0.00048784
0.00049982
0.00051179
0.00052376
0.00053572
0.00054767
0.00055961
0.00057155
0.00058347
0.00059539
0.0006073
0.0006192
0.00063109
0.00064297
0.00065484
0.0006667
0.00067856
0.0006904
0.00070224
0.00071406
0.00072588
0.00073768
0.00074948
0.00076126
0.00077304
0.0007848
0.00079655
0.00080829
0.00082002
0.00083174
0.00084345
0.00085515
0.00086683
0.00087851
0.00089017
0.00090181
0.00091345
0.00092507
0.00093668
0.00094828
0.00095987
0.00097144
0.000983
0.00099454
0.0010061
0.0010176
0.0010291
0.0010406
0.0010521
0.0010635
0.001075
0.0010864
0.0010978
0.0011092
0.0011206
0.0011319
0.0011433
0.0011546
0.0011659
0.0011772
0.0011885
0.0011998
0.001211
0.0012223
0.0012335
0.0012447
0.0012558
0.001267
0.0012781
0.0012892
0.0013003
0.0013114
0.0013225
0.0013335
0.0013445
0.0013555
0.0013665
0.0013774
0.0013884
0.0013993
0.0014101
0.001421
0.0014318
0.0014427
0.0014534
0.0014642
0.001475
0.0014857
0.0014964
0.001507
0.0015177
0.0015283
0.0015389
0.0015494
0.00156
0.0015705
0.001581
0.0015914
0.0016018
0.0016122
0.0016226
0.0016329
0.0016432
0.0016535
0.0016638
0.001674
0.0016842
0.0016943
0.0017044
0.0017145
0.0017246
0.0017346
0.0017446
0.0017545
0.0017644
0.0017743
0.0017841
0.0017939
0.0018037
0.0018134
0.0018231
0.0018328
0.0018424
0.001852
0.0018615
0.001871
0.0018805
0.0018899
0.0018993
0.0019086
0.0019179
0.0019271
0.0019363
0.0019455
0.0019546
0.0019636
0.0019726
0.0019816
0.0019905
0.0019994
0.0020082
0.002017
0.0020257
0.0020344
0.002043
0.0020516
0.0020601
0.0020685
0.0020769
0.0020853
0.0020936
0.0021018
0.00211
0.0021181
0.0021262
0.0021342
0.0021422
0.0021501
0.0021579
0.0021656
0.0021733
0.002181
0.0021885
0.0021961
0.0022035
0.0022109
0.0022182
0.0022254
0.0022326
0.0022397
0.0022467
0.0022536
0.0022605
0.0022673
0.0022741
0.0022807
0.0022873
0.0022938
0.0023002
0.0023065
0.0023128
0.002319
0.0023251
0.0023311
0.002337
0.0023429
0.0023486
0.0023543
0.0023598
0.0023653
0.0023707
0.002376
0.0023812
0.0023863
0.0023914
0.0023963
0.0024011
0.0024058
0.0024105
0.002415
0.0024194
0.0024237
0.0024279
0.002432
0.002436
0.0024399
0.0024436
0.0024473
0.0024508
0.0024543
0.0024576
0.0024608
0.0024639
0.0024668
0.0024696
0.0024724
0.0024749
0.0024774
0.0024797
0.0024819
0.002484
0.0024859
0.0024877
0.0024894
0.0024909
0.0024923
0.0024935
0.0024946
0.0024956
0.0024964
0.0024971
0.0024976
0.0024979
0.0024981
0.0024982
0.0024981
0.0024978
0.0024974
0.0024968
0.0024961
0.0024951
0.0024941
0.0024928
0.0024914
0.0024898
0.002488
0.002486
0.0024839
0.0024815
0.002479
0.0024763
0.0024734
0.0024703
0.0024671
0.0024636
0.0024599
0.002456
0.002452
0.0024477
0.0024432
0.0024385
0.0024336
0.0024284
0.0024231
0.0024175
0.0024117
0.0024057
0.0023994
0.002393
0.0023862
0.0023793
0.0023721
0.0023646
0.002357
0.002349
0.0023408
0.0023324
0.0023237
0.0023148
0.0023055
0.002296
0.0022863
0.0022763
0.002266
0.0022554
0.0022445
0.0022334
0.0022219
0.0022102
0.0021982
0.0021858
0.0021732
0.0021603
0.002147
0.0021335
0.0021196
0.0021054
0.0020909
0.0020761
0.0020609
0.0020454
0.0020295
0.0020134
0.0019968
0.0019799
0.0019627
0.0019451
0.0019271
0.0019088
0.0018901
0.001871
0.0018516
0.0018317
0.0018115
0.0017909
0.0017698
0.0017484
0.0017266
0.0017044
0.0016817
0.0016586
0.0016351
0.0016112
0.0015868
0.001562
0.0015368
0.0015111
0.0014849
0.0014583
0.0014312
0.0014037
0.0013756
0.0013471
0.0013181
0.0012887
0.0012587
0.0012282
0.0011972
0.0011657
0.0011336
0.0011011
0.001068
0.0010344
0.0010002
0.00096548
0.0009302
0.00089436
0.00085795
0.00082096
0.0007834
0.00074524
0.00070649
0.00066714
0.00062719
0.00058661
0.00054542
0.00050359
0.00046113
0.00041803
0.00037428
0.00032987
0.0002848
0.00023906
0.00019263
0.00014552
9.7721e-05
4.9215e-05
