-0.0041999
-0.0054702
-0.0061698
-0.0066313
-0.0069639
-0.0072167
-0.0074157
-0.0075762
-0.0077082
-0.0078182
-0.0079108
-0.0079895
-0.0080568
-0.0081147
-0.0081646
-0.0082078
-0.0082453
-0.0082778
-0.008306
-0.0083304
-0.0083516
-0.0083698
-0.0083855
-0.0083988
-0.0084102
-0.0084196
-0.0084274
-0.0084337
-0.0084387
-0.0084424
-0.0084451
-0.0084467
-0.0084473
-0.0084472
-0.0084462
-0.0084446
-0.0084422
-0.0084393
-0.0084358
-0.0084319
-0.0084274
-0.0084225
-0.0084172
-0.0084115
-0.0084054
-0.008399
-0.0083924
-0.0083854
-0.0083782
-0.0083707
-0.008363
-0.0083551
-0.008347
-0.0083387
-0.0083302
-0.0083215
-0.0083127
-0.0083038
-0.0082947
-0.0082855
-0.0082761
-0.0082667
-0.0082571
-0.0082475
-0.0082377
-0.0082279
-0.0082179
-0.0082079
-0.0081978
-0.0081877
-0.0081775
-0.0081672
-0.0081568
-0.0081464
-0.008136
-0.0081255
-0.0081149
-0.0081043
-0.0080937
-0.008083
-0.0080723
-0.0080615
-0.0080507
-0.0080399
-0.008029
-0.0080181
-0.0080072
-0.0079963
-0.0079853
-0.0079743
-0.0079633
-0.0079523
-0.0079412
-0.0079301
-0.007919
-0.0079079
-0.0078968
-0.0078856
-0.0078745
-0.0078633
-0.0078521
-0.0078409
-0.0078297
-0.0078185
-0.0078072
-0.007796
-0.0077847
-0.0077734
-0.0077621
-0.0077509
-0.0077396
-0.0077282
-0.0077169
-0.0077056
-0.0076943
-0.0076829
-0.0076716
-0.0076602
-0.0076489
-0.0076375
-0.0076261
-0.0076148
-0.0076034
-0.007592
-0.0075806
-0.0075692
-0.0075578
-0.0075464
-0.007535
-0.0075236
-0.0075122
-0.0075008
-0.0074894
-0.007478
-0.0074665
-0.0074551
-0.0074437
-0.0074322
-0.0074208
-0.0074094
-0.0073979
-0.0073865
-0.007375
-0.0073636
-0.0073521
-0.0073407
-0.0073292
-0.0073178
-0.0073063
-0.0072949
-0.0072834
-0.007272
-0.0072605
-0.007249
-0.0072376
-0.0072261
-0.0072146
-0.0072032
-0.0071917
-0.0071802
-0.0071688
-0.0071573
-0.0071458
-0.0071344
-0.0071229
-0.0071114
-0.0070999
-0.0070885
-0.007077
-0.0070655
-0.007054
-0.0070426
-0.0070311
-0.0070196
-0.0070081
-0.0069966
-0.0069852
-0.0069737
-0.0069622
-0.0069507
-0.0069392
-0.0069277
-0.0069163
-0.0069048
-0.0068933
-0.0068818
-0.0068703
-0.0068588
-0.0068474
-0.0068359
-0.0068244
-0.0068129
-0.0068014
-0.0067899
-0.0067784
-0.0067669
-0.0067555
-0.006744
-0.0067325
-0.006721
-0.0067095
-0.006698
-0.0066865
-0.006675
-0.0066636
-0.0066521
-0.0066406
-0.0066291
-0.0066176
-0.0066061
-0.0065946
-0.0065831
-0.0065716
-0.0065601
-0.0065487
-0.0065372
-0.0065257
-0.0065142
-0.0065027
-0.0064912
-0.0064797
-0.0064682
-0.0064567
-0.0064452
-0.0064337
-0.0064223
-0.0064108
-0.0063993
-0.0063878
-0.0063763
-0.0063648
-0.0063533
-0.0063418
-0.0063303
-0.0063188
-0.0063073
-0.0062958
-0.0062843
-0.0062729
-0.0062614
-0.0062499
-0.0062384
-0.0062269
-0.0062154
-0.0062039
-0.0061924
-0.0061809
-0.0061694
-0.0061579
-0.0061464
-0.0061349
-0.0061235
-0.006112
-0.0061005
-0.006089
-0.0060775
-0.006066
-0.0060545
-0.006043
-0.0060315
-0.00602
-0.0060085
-0.005997
-0.0059855
-0.005974
-0.0059626
-0.0059511
-0.0059396
-0.0059281
-0.0059166
-0.0059051
-0.0058936
-0.0058821
-0.0058706
-0.0058591
-0.0058476
-0.0058361
-0.0058246
-0.0058131
-0.0058017
-0.0057902
-0.0057787
-0.0057672
-0.0057557
-0.0057442
-0.0057327
-0.0057212
-0.0057097
-0.0056982
-0.0056867
-0.0056752
-0.0056637
-0.0056522
-0.0056407
-0.0056293
-0.0056178
-0.0056063
-0.0055948
-0.0055833
-0.0055718
-0.0055603
-0.0055488
-0.0055373
-0.0055258
-0.0055143
-0.0055028
-0.0054913
-0.0054798
-0.0054683
-0.0054569
-0.0054454
-0.0054339
-0.0054224
-0.0054109
-0.0053994
-0.0053879
-0.0053764
-0.0053649
-0.0053534
-0.0053419
-0.0053304
-0.0053189
-0.0053074
-0.0052959
-0.0052845
-0.005273
-0.0052615
-0.00525
-0.0052385
-0.005227
-0.0052155
-0.005204
-0.0051925
-0.005181
-0.0051695
-0.005158
-0.0051465
-0.005135
-0.0051235
-0.005112
-0.0051006
-0.0050891
-0.0050776
-0.0050661
-0.0050546
-0.0050431
-0.0050316
-0.0050201
-0.0050086
-0.0049971
-0.0049856
-0.0049741
-0.0049626
-0.0049511
-0.0049396
-0.0049282
-0.0049167
-0.0049052
-0.0048937
-0.0048822
-0.0048707
-0.0048592
-0.0048477
-0.0048362
-0.0048247
-0.0048132
-0.0048017
-0.0047902
-0.0047787
-0.0047672
-0.0047558
-0.0047443
-0.0047328
-0.0047213
-0.0047098
-0.0046983
-0.0046868
-0.0046753
-0.0046638
-0.0046523
-0.0046408
-0.0046293
-0.0046178
-0.0046063
-0.0045948
-0.0045834
-0.0045719
-0.0045604
-0.0045489
-0.0045374
-0.0045259
-0.0045144
-0.0045029
-0.0044914
-0.0044799
-0.0044684
-0.0044569
-0.0044454
-0.0044339
-0.0044224
-0.004411
-0.0043995
-0.004388
-0.0043765
-0.004365
-0.0043535
-0.004342
-0.0043305
-0.004319
-0.0043075
-0.004296
-0.0042845
-0.004273
-0.0042615
-0.00425
-0.0042385
-0.0042271
-0.0042156
-0.0042041
-0.0041926
-0.0041811
-0.0041696
-0.0041581
-0.0041466
-0.0041351
-0.0041236
-0.0041121
-0.0041006
-0.0040891
-0.0040776
-0.0040661
-0.0040547
-0.0040432
-0.0040317
-0.0040202
-0.0040087
-0.0039972
-0.0039857
-0.0039742
-0.0039627
-0.0039512
-0.0039397
-0.0039282
-0.0039167
-0.0039052
-0.0038937
-0.0038823
-0.0038708
-0.0038593
-0.0038478
-0.0038363
-0.0038248
-0.0038133
-0.0038018
-0.0037903
-0.0037788
-0.0037673
-0.0037558
-0.0037443
-0.0037328
-0.0037213
-0.0037099
-0.0036984
-0.0036869
-0.0036754
-0.0036639
-0.0036524
-0.0036409
-0.0036294
-0.0036179
-0.0036064
-0.0035949
-0.0035834
-0.0035719
-0.0035604
-0.0035489
-0.0035375
-0.003526
-0.0035145
-0.003503
-0.0034915
-0.00348
-0.0034685
-0.003457
-0.0034455
-0.003434
-0.0034225
-0.003411
-0.0033995
-0.003388
-0.0033765
-0.0033651
-0.0033536
-0.0033421
-0.0033306
-0.0033191
-0.0033076
-0.0032961
-0.0032846
-0.0032731
-0.0032616
-0.0032501
-0.0032386
-0.0032271
-0.0032156
-0.0032042
-0.0031927
-0.0031812
-0.0031697
-0.0031582
-0.0031467
-0.0031352
-0.0031237
-0.0031122
-0.0031007
-0.0030892
-0.0030777
-0.0030662
-0.0030547
-0.0030432
-0.0030318
-0.0030203
-0.0030088
-0.0029973
-0.0029858
-0.0029743
-0.0029628
-0.0029513
-0.0029398
-0.0029283
-0.0029168
-0.0029053
-0.0028938
-0.0028823
-0.0028709
-0.0028594
-0.0028479
-0.0028364
-0.0028249
-0.0028134
-0.0028019
-0.0027904
-0.0027789
-0.0027674
-0.0027559
-0.0027444
-0.0027329
-0.0027215
-0.00271
-0.0026985
-0.002687
-0.0026755
-0.002664
-0.0026525
-0.002641
-0.0026295
-0.002618
-0.0026065
-0.002595
-0.0025835
-0.0025721
-0.0025606
-0.0025491
-0.0025376
-0.0025261
-0.0025146
-0.0025031
-0.0024916
-0.0024801
-0.0024686
-0.0024571
-0.0024456
-0.0024341
-0.0024227
-0.0024112
-0.0023997
-0.0023882
-0.0023767
-0.0023652
-0.0023537
-0.0023422
-0.0023307
-0.0023192
-0.0023077
-0.0022962
-0.0022848
-0.0022733
-0.0022618
-0.0022503
-0.0022388
-0.0022273
-0.0022158
-0.0022043
-0.0021928
-0.0021813
-0.0021698
-0.0021584
-0.0021469
-0.0021354
-0.0021239
-0.0021124
-0.0021009
-0.0020894
-0.0020779
-0.0020664
-0.0020549
-0.0020435
-0.002032
-0.0020205
-0.002009
-0.0019975
-0.001986
-0.0019745
-0.001963
-0.0019515
-0.00194
-0.0019286
-0.0019171
-0.0019056
-0.0018941
-0.0018826
-0.0018711
-0.0018596
-0.0018481
-0.0018366
-0.0018252
-0.0018137
-0.0018022
-0.0017907
-0.0017792
-0.0017677
-0.0017562
-0.0017447
-0.0017333
-0.0017218
-0.0017103
-0.0016988
-0.0016873
-0.0016758
-0.0016643
-0.0016528
-0.0016414
-0.0016299
-0.0016184
-0.0016069
-0.0015954
-0.0015839
-0.0015724
-0.001561
-0.0015495
-0.001538
-0.0015265
-0.001515
-0.0015035
-0.001492
-0.0014806
-0.0014691
-0.0014576
-0.0014461
-0.0014346
-0.0014231
-0.0014117
-0.0014002
-0.0013887
-0.0013772
-0.0013657
-0.0013542
-0.0013428
-0.0013313
-0.0013198
-0.0013083
-0.0012968
-0.0012853
-0.0012739
-0.0012624
-0.0012509
-0.0012394
-0.0012279
-0.0012165
-0.001205
-0.0011935
-0.001182
-0.0011705
-0.0011591
-0.0011476
-0.0011361
-0.0011246
-0.0011132
-0.0011017
-0.0010902
-0.0010787
-0.0010672
-0.0010558
-0.0010443
-0.0010328
-0.0010213
-0.0010099
-0.00099839
-0.00098692
-0.00097544
-0.00096397
-0.0009525
-0.00094102
-0.00092955
-0.00091808
-0.0009066
-0.00089513
-0.00088366
-0.00087219
-0.00086072
-0.00084925
-0.00083778
-0.00082631
-0.00081484
-0.00080337
-0.0007919
-0.00078044
-0.00076897
-0.0007575
-0.00074604
-0.00073457
-0.0007231
-0.00071164
-0.00070017
-0.00068871
-0.00067725
-0.00066578
-0.00065432
-0.00064286
-0.0006314
-0.00061994
-0.00060847
-0.00059701
-0.00058555
-0.0005741
-0.00056264
-0.00055118
-0.00053972
-0.00052827
-0.00051681
-0.00050535
-0.0004939
-0.00048244
-0.00047099
-0.00045954
-0.00044808
-0.00043663
-0.00042518
-0.00041373
-0.00040228
-0.00039083
-0.00037938
-0.00036794
-0.00035649
-0.00034504
-0.0003336
-0.00032215
-0.00031071
-0.00029926
-0.00028782
-0.00027638
-0.00026494
-0.0002535
-0.00024206
-0.00023062
-0.00021918
-0.00020775
-0.00019631
-0.00018488
-0.00017344
-0.00016201
-0.00015058
-0.00013914
-0.00012771
-0.00011628
-0.00010485
-9.3427e-05
-8.2e-05
-7.0574e-05
-5.915e-05
-4.7726e-05
-3.6303e-05
-2.4882e-05
-1.3461e-05
-2.0418e-06
9.3766e-06
2.0794e-05
3.221e-05
4.3625e-05
5.5039e-05
6.6452e-05
7.7863e-05
8.9273e-05
0.00010068
0.00011209
0.0001235
0.0001349
0.00014631
0.00015771
0.00016911
0.00018051
0.00019191
0.00020331
0.0002147
0.0002261
0.00023749
0.00024888
0.00026027
0.00027166
0.00028305
0.00029444
0.00030582
0.0003172
0.00032859
0.00033997
0.00035134
0.00036272
0.0003741
0.00038547
0.00039684
0.00040821
0.00041958
0.00043095
0.00044231
0.00045367
0.00046504
0.0004764
0.00048775
0.00049911
0.00051046
0.00052181
0.00053316
0.00054451
0.00055586
0.0005672
0.00057855
0.00058989
0.00060122
0.00061256
0.00062389
0.00063523
0.00064656
0.00065788
0.00066921
0.00068053
0.00069185
0.00070317
0.00071449
0.0007258
0.00073711
0.00074842
0.00075973
0.00077103
0.00078233
0.00079363
0.00080493
0.00081622
0.00082751
0.0008388
0.00085009
0.00086137
0.00087265
0.00088393
0.00089521
0.00090648
0.00091775
0.00092902
0.00094028
0.00095154
0.0009628
0.00097405
0.00098531
0.00099655
0.0010078
0.001019
0.0010303
0.0010415
0.0010528
0.001064
0.0010752
0.0010864
0.0010977
0.0011089
0.0011201
0.0011313
0.0011425
0.0011537
0.0011649
0.0011761
0.0011873
0.0011985
0.0012097
0.0012208
0.001232
0.0012432
0.0012544
0.0012655
0.0012767
0.0012878
0.001299
0.0013101
0.0013213
0.0013324
0.0013436
0.0013547
0.0013658
0.0013769
0.0013881
0.0013992
0.0014103
0.0014214
0.0014325
0.0014436
0.0014547
0.0014658
0.0014768
0.0014879
0.001499
0.0015101
0.0015211
0.0015322
0.0015432
0.0015543
0.0015653
0.0015764
0.0015874
0.0015984
0.0016094
0.0016205
0.0016315
0.0016425
0.0016535
0.0016645
0.0016754
0.0016864
0.0016974
0.0017084
0.0017193
0.0017303
0.0017412
0.0017522
0.0017631
0.0017741
0.001785
0.0017959
0.0018068
0.0018177
0.0018286
0.0018395
0.0018504
0.0018613
0.0018722
0.001883
0.0018939
0.0019048
0.0019156
0.0019265
0.0019373
0.0019481
0.0019589
0.0019697
0.0019805
0.0019913
0.0020021
0.0020129
0.0020237
0.0020344
0.0020452
0.002056
0.0020667
0.0020774
0.0020882
0.0020989
0.0021096
0.0021203
0.002131
0.0021417
0.0021523
0.002163
0.0021737
0.0021843
0.002195
0.0022056
0.0022162
0.0022268
0.0022374
0.002248
0.0022586
0.0022692
0.0022798
0.0022903
0.0023009
0.0023114
0.0023219
0.0023324
0.002343
0.0023535
0.0023639
0.0023744
0.0023849
0.0023953
0.0024058
0.0024162
0.0024267
0.0024371
0.0024475
0.0024579
0.0024682
0.0024786
0.002489
0.0024993
0.0025097
0.00252
0.0025303
0.0025406
0.0025509
0.0025612
0.0025714
0.0025817
0.0025919
0.0026022
0.0026124
0.0026226
0.0026328
0.002643
0.0026531
0.0026633
0.0026734
0.0026835
0.0026937
0.0027038
0.0027139
0.0027239
0.002734
0.002744
0.0027541
0.0027641
0.0027741
0.0027841
0.0027941
0.002804
0.002814
0.0028239
0.0028338
0.0028437
0.0028536
0.0028635
0.0028734
0.0028832
0.002893
0.0029028
0.0029126
0.0029224
0.0029322
0.0029419
0.0029517
0.0029614
0.0029711
0.0029808
0.0029904
0.0030001
0.0030097
0.0030193
0.0030289
0.0030385
0.0030481
0.0030576
0.0030672
0.0030767
0.0030862
0.0030956
0.0031051
0.0031145
0.003124
0.0031334
0.0031428
0.0031521
0.0031615
0.0031708
0.0031801
0.0031894
0.0031987
0.0032079
0.0032171
0.0032264
0.0032355
0.0032447
0.0032539
0.003263
0.0032721
0.0032812
0.0032903
0.0032993
0.0033083
0.0033173
0.0033263
0.0033353
0.0033442
0.0033531
0.003362
0.0033709
0.0033797
0.0033886
0.0033974
0.0034062
0.0034149
0.0034237
0.0034324
0.0034411
0.0034497
0.0034584
0.003467
0.0034756
0.0034841
0.0034927
0.0035012
0.0035097
0.0035182
0.0035266
0.003535
0.0035434
0.0035518
0.0035601
0.0035685
0.0035768
0.003585
0.0035933
0.0036015
0.0036097
0.0036178
0.0036259
0.003634
0.0036421
0.0036502
0.0036582
0.0036662
0.0036741
0.0036821
0.00369
0.0036979
0.0037057
0.0037135
0.0037213
0.0037291
0.0037368
0.0037445
0.0037522
0.0037598
0.0037674
0.003775
0.0037826
0.0037901
0.0037976
0.003805
0.0038125
0.0038199
0.0038272
0.0038346
0.0038419
0.0038491
0.0038563
0.0038635
0.0038707
0.0038778
0.0038849
0.003892
0.003899
0.003906
0.003913
0.0039199
0.0039268
0.0039337
0.0039405
0.0039473
0.0039541
0.0039608
0.0039675
0.0039741
0.0039807
0.0039873
0.0039938
0.0040003
0.0040068
0.0040132
0.0040196
0.0040259
0.0040323
0.0040385
0.0040448
0.004051
0.0040571
0.0040632
0.0040693
0.0040753
0.0040813
0.0040873
0.0040932
0.0040991
0.0041049
0.0041107
0.0041165
0.0041222
0.0041279
0.0041335
0.0041391
0.0041446
0.0041501
0.0041556
0.004161
0.0041664
0.0041717
0.004177
0.0041822
0.0041874
0.0041926
0.0041977
0.0042028
0.0042078
0.0042128
0.0042177
0.0042226
0.0042274
0.0042322
0.004237
0.0042417
0.0042463
0.0042509
0.0042555
0.00426
0.0042644
0.0042688
0.0042732
0.0042775
0.0042818
0.004286
0.0042902
0.0042943
0.0042983
0.0043024
0.0043063
0.0043102
0.0043141
0.0043179
0.0043217
0.0043254
0.004329
0.0043326
0.0043362
0.0043397
0.0043431
0.0043465
0.0043499
0.0043532
0.0043564
0.0043596
0.0043627
0.0043657
0.0043688
0.0043717
0.0043746
0.0043775
0.0043802
0.004383
0.0043856
0.0043883
0.0043908
0.0043933
0.0043958
0.0043981
0.0044005
0.0044027
0.0044049
0.0044071
0.0044092
0.0044112
0.0044132
0.0044151
0.0044169
0.0044187
0.0044204
0.0044221
0.0044237
0.0044253
0.0044267
0.0044281
0.0044295
0.0044308
0.004432
0.0044332
0.0044343
0.0044353
0.0044363
0.0044372
0.004438
0.0044388
0.0044395
0.0044401
0.0044407
0.0044412
0.0044416
0.004442
0.0044423
0.0044425
0.0044427
0.0044428
0.0044428
0.0044428
0.0044427
0.0044425
0.0044422
0.0044419
0.0044415
0.0044411
0.0044405
0.0044399
0.0044393
0.0044385
0.0044377
0.0044368
0.0044358
0.0044348
0.0044337
0.0044325
0.0044312
0.0044299
0.0044285
0.004427
0.0044254
0.0044238
0.004422
0.0044203
0.0044184
0.0044164
0.0044144
0.0044123
0.0044101
0.0044079
0.0044055
0.0044031
0.0044006
0.004398
0.0043954
0.0043926
0.0043898
0.0043869
0.0043839
0.0043809
0.0043777
0.0043745
0.0043712
0.0043678
0.0043643
0.0043608
0.0043571
0.0043534
0.0043496
0.0043457
0.0043417
0.0043376
0.0043335
0.0043293
0.0043249
0.0043205
0.004316
0.0043114
0.0043067
0.004302
0.0042971
0.0042922
0.0042872
0.004282
0.0042768
0.0042715
0.0042661
0.0042606
0.0042551
0.0042494
0.0042437
0.0042378
0.0042319
0.0042258
0.0042197
0.0042135
0.0042072
0.0042007
0.0041942
0.0041876
0.0041809
0.0041742
0.0041673
0.0041603
0.0041532
0.004146
0.0041388
0.0041314
0.0041239
0.0041163
0.0041087
0.0041009
0.004093
0.0040851
0.004077
0.0040688
0.0040606
0.0040522
0.0040437
0.0040352
0.0040265
0.0040177
0.0040088
0.0039998
0.0039908
0.0039816
0.0039723
0.0039629
0.0039534
0.0039438
0.003934
0.0039242
0.0039143
0.0039043
0.0038941
0.0038839
0.0038735
0.003863
0.0038525
0.0038418
0.003831
0.0038201
0.0038091
0.003798
0.0037867
0.0037754
0.0037639
0.0037524
0.0037407
0.0037289
0.003717
0.003705
0.0036928
0.0036806
0.0036682
0.0036558
0.0036432
0.0036305
0.0036176
0.0036047
0.0035916
0.0035785
0.0035652
0.0035518
0.0035383
0.0035246
0.0035109
0.003497
0.003483
0.0034689
0.0034546
0.0034403
0.0034258
0.0034112
0.0033965
0.0033816
0.0033667
0.0033516
0.0033364
0.003321
0.0033056
0.00329
0.0032743
0.0032585
0.0032425
0.0032264
0.0032102
0.0031939
0.0031774
0.0031608
0.0031441
0.0031273
0.0031103
0.0030932
0.003076
0.0030586
0.0030411
0.0030235
0.0030058
0.0029879
0.0029699
0.0029517
0.0029335
0.0029151
0.0028965
0.0028779
0.0028591
0.0028401
0.0028211
0.0028018
0.0027825
0.002763
0.0027434
0.0027237
0.0027038
0.0026838
0.0026636
0.0026433
0.0026229
0.0026023
0.0025816
0.0025608
0.0025398
0.0025187
0.0024974
0.002476
0.0024545
0.0024328
0.002411
0.002389
0.0023669
0.0023446
0.0023222
0.0022997
0.002277
0.0022542
0.0022312
0.0022081
0.0021848
0.0021614
0.0021379
0.0021142
0.0020903
0.0020664
0.0020422
0.0020179
0.0019935
0.0019689
0.0019442
0.0019193
0.0018943
0.0018691
0.0018438
0.0018183
0.0017927
0.0017669
0.0017409
0.0017149
0.0016886
0.0016622
0.0016357
0.001609
0.0015821
0.0015551
0.001528
0.0015007
0.0014732
0.0014456
0.0014178
0.0013899
0.0013617
0.0013335
0.0013051
0.0012765
0.0012478
0.0012189
0.0011898
0.0011607
0.0011312
0.0011018
0.001072
0.0010423
0.0010121
0.00098216
0.00095161
0.00092136
0.00089044
0.00085991
0.00082862
0.0007978
0.00076614
0.00073502
0.00070302
0.00067158
0.00063925
0.00060747
0.00057482
0.00054267
0.00050973
0.0004772
0.00044399
0.00041105
0.00037758
0.00034422
0.00031049
0.00027672
0.00024271
0.00020854
0.00017424
0.0001397
0.00010507
7.0193e-05
3.5197e-05
