-6.2606e-05
-0.00012369
-0.00018326
-0.00024137
-0.00029802
-0.00035325
-0.00040709
-0.00045955
-0.00051066
-0.00056044
-0.00060892
-0.00065612
-0.00070206
-0.00074677
-0.00079026
-0.00083256
-0.00087369
-0.00091367
-0.00095252
-0.00099025
-0.0010269
-0.0010625
-0.001097
-0.0011305
-0.0011629
-0.0011944
-0.0012249
-0.0012544
-0.001283
-0.0013106
-0.0013373
-0.0013632
-0.0013881
-0.0014122
-0.0014354
-0.0014578
-0.0014794
-0.0015001
-0.0015201
-0.0015393
-0.0015577
-0.0015754
-0.0015923
-0.0016085
-0.001624
-0.0016388
-0.0016529
-0.0016663
-0.0016791
-0.0016912
-0.0017026
-0.0017135
-0.0017237
-0.0017333
-0.0017423
-0.0017507
-0.0017586
-0.0017659
-0.0017726
-0.0017788
-0.0017844
-0.0017895
-0.0017941
-0.0017982
-0.0018018
-0.0018049
-0.0018075
-0.0018097
-0.0018114
-0.0018126
-0.0018134
-0.0018137
-0.0018136
-0.0018131
-0.0018122
-0.0018108
-0.0018091
-0.0018069
-0.0018044
-0.0018015
-0.0017982
-0.0017945
-0.0017905
-0.0017861
-0.0017814
-0.0017764
-0.001771
-0.0017652
-0.0017592
-0.0017528
-0.0017462
-0.0017392
-0.0017319
-0.0017243
-0.0017164
-0.0017083
-0.0016999
-0.0016911
-0.0016822
-0.0016729
-0.0016634
-0.0016537
-0.0016437
-0.0016334
-0.0016229
-0.0016122
-0.0016013
-0.0015901
-0.0015787
-0.0015671
-0.0015552
-0.0015432
-0.0015309
-0.0015185
-0.0015058
-0.001493
-0.0014799
-0.0014667
-0.0014533
-0.0014397
-0.0014259
-0.001412
-0.0013979
-0.0013836
-0.0013691
-0.0013545
-0.0013398
-0.0013249
-0.0013098
-0.0012946
-0.0012792
-0.0012638
-0.0012481
-0.0012324
-0.0012165
-0.0012004
-0.0011843
-0.001168
-0.0011516
-0.0011351
-0.0011184
-0.0011017
-0.0010848
-0.0010678
-0.0010508
-0.0010336
-0.0010163
-0.00099893
-0.00098146
-0.00096389
-0.00094623
-0.00092847
-0.00091064
-0.00089271
-0.0008747
-0.00085662
-0.00083845
-0.00082021
-0.00080189
-0.0007835
-0.00076504
-0.00074651
-0.00072791
-0.00070925
-0.00069053
-0.00067175
-0.00065291
-0.00063401
-0.00061505
-0.00059605
-0.00057699
-0.00055788
-0.00053873
-0.00051953
-0.00050029
-0.000481
-0.00046167
-0.00044231
-0.00042291
-0.00040347
-0.000384
-0.00036449
-0.00034496
-0.0003254
-0.00030581
-0.0002862
-0.00026656
-0.0002469
-0.00022723
-0.00020753
-0.00018782
-0.00016809
-0.00014834
-0.00012859
-0.00010882
-8.9049e-05
-6.9268e-05
-4.9481e-05
-2.969e-05
-9.897e-06
9.897e-06
2.969e-05
4.9481e-05
6.9268e-05
8.9049e-05
0.00010882
0.00012859
0.00014834
0.00016809
0.00018782
0.00020753
0.00022723
0.0002469
0.00026656
0.0002862
0.00030581
0.0003254
0.00034496
0.00036449
0.000384
0.00040347
0.00042291
0.00044231
0.00046167
0.000481
0.00050029
0.00051953
0.00053873
0.00055788
0.00057699
0.00059605
0.00061505
0.00063401
0.00065291
0.00067175
0.00069053
0.00070925
0.00072791
0.00074651
0.00076504
0.0007835
0.00080189
0.00082021
0.00083845
0.00085662
0.0008747
0.00089271
0.00091064
0.00092847
0.00094623
0.00096389
0.00098146
0.00099893
0.0010163
0.0010336
0.0010508
0.0010678
0.0010848
0.0011017
0.0011184
0.0011351
0.0011516
0.001168
0.0011843
0.0012004
0.0012165
0.0012324
0.0012481
0.0012638
0.0012792
0.0012946
0.0013098
0.0013249
0.0013398
0.0013545
0.0013691
0.0013836
0.0013979
0.001412
0.0014259
0.0014397
0.0014533
0.0014667
0.0014799
0.001493
0.0015058
0.0015185
0.0015309
0.0015432
0.0015552
0.0015671
0.0015787
0.0015901
0.0016013
0.0016122
0.0016229
0.0016334
0.0016437
0.0016537
0.0016634
0.0016729
0.0016822
0.0016911
0.0016999
0.0017083
0.0017164
0.0017243
0.0017319
0.0017392
0.0017462
0.0017528
0.0017592
0.0017652
0.001771
0.0017764
0.0017814
0.0017861
0.0017905
0.0017945
0.0017982
0.0018015
0.0018044
0.0018069
0.0018091
0.0018108
0.0018122
0.0018131
0.0018136
0.0018137
0.0018134
0.0018126
0.0018114
0.0018097
0.0018075
0.0018049
0.0018018
0.0017982
0.0017941
0.0017895
0.0017844
0.0017788
0.0017726
0.0017659
0.0017586
0.0017507
0.0017423
0.0017333
0.0017237
0.0017135
0.0017026
0.0016912
0.0016791
0.0016663
0.0016529
0.0016388
0.001624
0.0016085
0.0015923
0.0015754
0.0015577
0.0015393
0.0015201
0.0015001
0.0014794
0.0014578
0.0014354
0.0014122
0.0013881
0.0013632
0.0013373
0.0013106
0.001283
0.0012544
0.0012249
0.0011944
0.0011629
0.0011305
0.001097
0.0010625
0.0010269
0.00099025
0.00095252
0.00091367
0.00087369
0.00083256
0.00079026
0.00074677
0.00070206
0.00065612
0.00060892
0.00056044
0.00051066
0.00045955
0.00040709
0.00035325
0.00029802
0.00024137
0.00018326
0.00012369
6.2606e-05
