-0.072091
-0.095593
-0.10936
-0.11894
-0.12619
-0.13195
-0.13669
-0.14066
-0.14406
-0.147
-0.14957
-0.15183
-0.15384
-0.15562
-0.15721
-0.15864
-0.15993
-0.16108
-0.16212
-0.16305
-0.1639
-0.16466
-0.16534
-0.16595
-0.1665
-0.16698
-0.16742
-0.1678
-0.16813
-0.16843
-0.16868
-0.16889
-0.16907
-0.16921
-0.16932
-0.1694
-0.16946
-0.16948
-0.16949
-0.16947
-0.16942
-0.16936
-0.16927
-0.16917
-0.16905
-0.16891
-0.16875
-0.16858
-0.1684
-0.16819
-0.16798
-0.16775
-0.16751
-0.16726
-0.16699
-0.16672
-0.16643
-0.16614
-0.16583
-0.16552
-0.16519
-0.16486
-0.16452
-0.16417
-0.16381
-0.16344
-0.16307
-0.16269
-0.16231
-0.16192
-0.16152
-0.16111
-0.1607
-0.16029
-0.15987
-0.15944
-0.15901
-0.15857
-0.15813
-0.15768
-0.15723
-0.15678
-0.15632
-0.15586
-0.15539
-0.15492
-0.15445
-0.15397
-0.15349
-0.15301
-0.15252
-0.15203
-0.15154
-0.15104
-0.15054
-0.15004
-0.14954
-0.14903
-0.14852
-0.14801
-0.1475
-0.14698
-0.14646
-0.14594
-0.14542
-0.1449
-0.14437
-0.14384
-0.14332
-0.14278
-0.14225
-0.14172
-0.14118
-0.14065
-0.14011
-0.13957
-0.13903
-0.13848
-0.13794
-0.13739
-0.13685
-0.1363
-0.13575
-0.1352
-0.13465
-0.1341
-0.13355
-0.133
-0.13244
-0.13189
-0.13133
-0.13078
-0.13022
-0.12966
-0.1291
-0.12855
-0.12799
-0.12743
-0.12687
-0.12631
-0.12575
-0.12518
-0.12462
-0.12406
-0.1235
-0.12293
-0.12237
-0.12181
-0.12124
-0.12068
-0.12011
-0.11955
-0.11898
-0.11842
-0.11785
-0.11729
-0.11672
-0.11616
-0.11559
-0.11503
-0.11446
-0.1139
-0.11333
-0.11277
-0.1122
-0.11164
-0.11107
-0.11051
-0.10994
-0.10938
-0.10881
-0.10825
-0.10769
-0.10712
-0.10656
-0.106
-0.10543
-0.10487
-0.10431
-0.10374
-0.10318
-0.10262
-0.10206
-0.1015
-0.10094
-0.10038
-0.09982
-0.099261
-0.098702
-0.098144
-0.097586
-0.097028
-0.096471
-0.095915
-0.095359
-0.094804
-0.094249
-0.093695
-0.093141
-0.092588
-0.092035
-0.091483
-0.090932
-0.090381
-0.08983
-0.089281
-0.088732
-0.088184
-0.087636
-0.087089
-0.086543
-0.085997
-0.085452
-0.084908
-0.084365
-0.083822
-0.08328
-0.082739
-0.082198
-0.081658
-0.08112
-0.080581
-0.080044
-0.079508
-0.078972
-0.078437
-0.077903
-0.07737
-0.076837
-0.076306
-0.075775
-0.075245
-0.074717
-0.074189
-0.073662
-0.073135
-0.07261
-0.072086
-0.071563
-0.07104
-0.070519
-0.069998
-0.069479
-0.06896
-0.068443
-0.067926
-0.067411
-0.066896
-0.066382
-0.06587
-0.065358
-0.064848
-0.064339
-0.06383
-0.063323
-0.062817
-0.062312
-0.061808
-0.061305
-0.060803
-0.060302
-0.059803
-0.059304
-0.058807
-0.05831
-0.057815
-0.057321
-0.056829
-0.056337
-0.055846
-0.055357
-0.054869
-0.054382
-0.053896
-0.053412
-0.052929
-0.052446
-0.051966
-0.051486
-0.051007
-0.05053
-0.050054
-0.04958
-0.049106
-0.048634
-0.048163
-0.047693
-0.047225
-0.046758
-0.046292
-0.045828
-0.045365
-0.044903
-0.044442
-0.043983
-0.043525
-0.043069
-0.042613
-0.042159
-0.041707
-0.041256
-0.040806
-0.040357
-0.03991
-0.039465
-0.03902
-0.038577
-0.038136
-0.037696
-0.037257
-0.03682
-0.036384
-0.035949
-0.035516
-0.035084
-0.034654
-0.034225
-0.033798
-0.033372
-0.032947
-0.032524
-0.032103
-0.031683
-0.031264
-0.030847
-0.030431
-0.030017
-0.029604
-0.029193
-0.028783
-0.028375
-0.027968
-0.027563
-0.027159
-0.026757
-0.026356
-0.025957
-0.025559
-0.025163
-0.024768
-0.024375
-0.023983
-0.023593
-0.023205
-0.022818
-0.022433
-0.022049
-0.021667
-0.021286
-0.020907
-0.020529
-0.020153
-0.019779
-0.019406
-0.019035
-0.018665
-0.018297
-0.01793
-0.017565
-0.017202
-0.01684
-0.01648
-0.016122
-0.015765
-0.01541
-0.015056
-0.014704
-0.014353
-0.014005
-0.013657
-0.013312
-0.012968
-0.012626
-0.012285
-0.011946
-0.011608
-0.011273
-0.010939
-0.010606
-0.010275
-0.009946
-0.0096184
-0.0092926
-0.0089683
-0.0086457
-0.0083248
-0.0080055
-0.0076879
-0.007372
-0.0070577
-0.0067451
-0.0064341
-0.0061248
-0.0058172
-0.0055113
-0.005207
-0.0049044
-0.0046035
-0.0043042
-0.0040067
-0.0037108
-0.0034166
-0.003124
-0.0028332
-0.002544
-0.0022566
-0.0019708
-0.0016867
-0.0014042
-0.0011235
-0.00084445
-0.00056709
-0.00029142
-1.7439e-05
0.00025485
0.00052545
0.00079435
0.0010616
0.0013271
0.0015909
0.001853
0.0021135
0.0023722
0.0026293
0.0028846
0.0031383
0.0033903
0.0036405
0.0038891
0.004136
0.0043812
0.0046247
0.0048665
0.0051066
0.005345
0.0055817
0.0058167
0.0060501
0.0062817
0.0065117
0.0067399
0.0069665
0.0071913
0.0074145
0.007636
0.0078558
0.0080739
0.0082903
0.0085051
0.0087181
0.0089295
0.0091392
0.0093472
0.0095535
0.0097581
0.009961
0.010162
0.010362
0.01056
0.010756
0.010951
0.011143
0.011335
0.011524
0.011712
0.011898
0.012083
0.012266
0.012447
0.012626
0.012804
0.01298
0.013155
0.013328
0.013499
0.013669
0.013837
0.014003
0.014168
0.014331
0.014492
0.014652
0.01481
0.014966
0.015121
0.015274
0.015425
0.015575
0.015724
0.01587
0.016015
0.016159
0.0163
0.01644
0.016579
0.016716
0.016851
0.016985
0.017117
0.017247
0.017376
0.017504
0.017629
0.017753
0.017876
0.017997
0.018116
0.018234
0.01835
0.018464
0.018577
0.018689
0.018799
0.018907
0.019014
0.019119
0.019222
0.019324
0.019425
0.019524
0.019621
0.019717
0.019811
0.019904
0.019995
0.020085
0.020173
0.02026
0.020345
0.020428
0.02051
0.020591
0.02067
0.020747
0.020824
0.020898
0.020971
0.021043
0.021113
0.021181
0.021248
0.021314
0.021378
0.021441
0.021502
0.021562
0.02162
0.021677
0.021732
0.021786
0.021838
0.021889
0.021939
0.021987
0.022033
0.022079
0.022123
0.022165
0.022206
0.022245
0.022284
0.02232
0.022356
0.02239
0.022422
0.022453
0.022483
0.022511
0.022538
0.022564
0.022588
0.022611
0.022632
0.022653
0.022671
0.022689
0.022705
0.02272
0.022733
0.022745
0.022756
0.022765
0.022773
0.02278
0.022785
0.022789
0.022792
0.022794
0.022794
0.022793
0.02279
0.022786
0.022781
0.022775
0.022768
0.022759
0.022749
0.022737
0.022725
0.022711
0.022696
0.022679
0.022662
0.022643
0.022623
0.022601
0.022579
0.022555
0.02253
0.022504
0.022477
0.022448
0.022418
0.022387
0.022355
0.022321
0.022287
0.022251
0.022214
0.022176
0.022137
0.022096
0.022055
0.022012
0.021968
0.021923
0.021877
0.021829
0.021781
0.021731
0.02168
0.021628
0.021576
0.021521
0.021466
0.02141
0.021352
0.021294
0.021234
0.021174
0.021112
0.021049
0.020985
0.02092
0.020854
0.020787
0.020719
0.02065
0.020579
0.020508
0.020436
0.020362
0.020288
0.020212
0.020136
0.020058
0.01998
0.0199
0.01982
0.019738
0.019656
0.019572
0.019488
0.019402
0.019316
0.019228
0.01914
0.01905
0.01896
0.018869
0.018776
0.018683
0.018589
0.018494
0.018397
0.0183
0.018202
0.018104
0.018004
0.017903
0.017801
0.017699
0.017595
0.017491
0.017386
0.017279
0.017172
0.017064
0.016955
0.016846
0.016735
0.016624
0.016511
0.016398
0.016284
0.016169
0.016053
0.015936
0.015819
0.015701
0.015581
0.015461
0.015341
0.015219
0.015096
0.014973
0.014849
0.014724
0.014598
0.014471
0.014344
0.014216
0.014087
0.013957
0.013827
0.013695
0.013563
0.01343
0.013297
0.013162
0.013027
0.012891
0.012754
0.012617
0.012478
0.012339
0.0122
0.012059
0.011918
0.011776
0.011633
0.01149
0.011346
0.011201
0.011055
0.010909
0.010762
0.010614
0.010466
0.010316
0.010167
0.010016
0.0098647
0.0097127
0.0095601
0.0094068
0.0092528
0.0090981
0.0089428
0.0087867
0.00863
0.0084727
0.0083146
0.0081559
0.0079966
0.0078366
0.0076759
0.0075146
0.0073526
0.00719
0.0070268
0.0068629
0.0066984
0.0065332
0.0063674
0.006201
0.0060339
0.0058663
0.005698
0.0055292
0.0053595
0.0051895
0.0050186
0.0048475
0.0046753
0.0045031
0.0043294
0.0041563
0.0039811
0.0038073
0.0036304
0.0034559
0.0032772
0.0031023
0.0029216
0.0027465
0.0025636
0.0023884
0.0022033
0.002028
0.0018408
0.0016652
0.0014763
0.0012998
0.0011099
0.00093173
0.00074172
0.00056097
0.0003718
0.0001876
