-0.2122
-0.28111
-0.32106
-0.34851
-0.36898
-0.38499
-0.39793
-0.4086
-0.41756
-0.42517
-0.4317
-0.43734
-0.44226
-0.44655
-0.45032
-0.45364
-0.45657
-0.45917
-0.46147
-0.46352
-0.46534
-0.46695
-0.46839
-0.46966
-0.4708
-0.4718
-0.47269
-0.47347
-0.47417
-0.47477
-0.4753
-0.47576
-0.47616
-0.4765
-0.47678
-0.47702
-0.47722
-0.47737
-0.47749
-0.47758
-0.47763
-0.47766
-0.47766
-0.47764
-0.47759
-0.47752
-0.47744
-0.47734
-0.47722
-0.47709
-0.47695
-0.47679
-0.47662
-0.47645
-0.47626
-0.47606
-0.47586
-0.47564
-0.47542
-0.4752
-0.47496
-0.47473
-0.47448
-0.47423
-0.47398
-0.47372
-0.47346
-0.4732
-0.47293
-0.47266
-0.47239
-0.47211
-0.47183
-0.47155
-0.47127
-0.47098
-0.47069
-0.4704
-0.47011
-0.46982
-0.46953
-0.46923
-0.46894
-0.46864
-0.46834
-0.46804
-0.46774
-0.46744
-0.46714
-0.46684
-0.46654
-0.46623
-0.46593
-0.46562
-0.46532
-0.46501
-0.46471
-0.4644
-0.46409
-0.46379
-0.46348
-0.46317
-0.46286
-0.46255
-0.46224
-0.46194
-0.46163
-0.46132
-0.46101
-0.4607
-0.46039
-0.46008
-0.45977
-0.45946
-0.45915
-0.45884
-0.45852
-0.45821
-0.4579
-0.45759
-0.45728
-0.45697
-0.45666
-0.45635
-0.45604
-0.45572
-0.45541
-0.4551
-0.45479
-0.45448
-0.45417
-0.45385
-0.45354
-0.45323
-0.45292
-0.45261
-0.45229
-0.45198
-0.45167
-0.45136
-0.45105
-0.45073
-0.45042
-0.45011
-0.4498
-0.44948
-0.44917
-0.44886
-0.44855
-0.44824
-0.44792
-0.44761
-0.4473
-0.44699
-0.44667
-0.44636
-0.44605
-0.44574
-0.44543
-0.44511
-0.4448
-0.44449
-0.44418
-0.44386
-0.44355
-0.44324
-0.44293
-0.44261
-0.4423
-0.44199
-0.44168
-0.44137
-0.44105
-0.44074
-0.44043
-0.44012
-0.4398
-0.43949
-0.43918
-0.43887
-0.43855
-0.43824
-0.43793
-0.43762
-0.4373
-0.43699
-0.43668
-0.43637
-0.43605
-0.43574
-0.43543
-0.43512
-0.43481
-0.43449
-0.43418
-0.43387
-0.43356
-0.43324
-0.43293
-0.43262
-0.43231
-0.43199
-0.43168
-0.43137
-0.43106
-0.43074
-0.43043
-0.43012
-0.42981
-0.42949
-0.42918
-0.42887
-0.42856
-0.42825
-0.42793
-0.42762
-0.42731
-0.427
-0.42668
-0.42637
-0.42606
-0.42575
-0.42543
-0.42512
-0.42481
-0.4245
-0.42418
-0.42387
-0.42356
-0.42325
-0.42293
-0.42262
-0.42231
-0.422
-0.42168
-0.42137
-0.42106
-0.42075
-0.42043
-0.42012
-0.41981
-0.4195
-0.41919
-0.41887
-0.41856
-0.41825
-0.41794
-0.41762
-0.41731
-0.417
-0.41669
-0.41637
-0.41606
-0.41575
-0.41544
-0.41512
-0.41481
-0.4145
-0.41419
-0.41387
-0.41356
-0.41325
-0.41294
-0.41262
-0.41231
-0.412
-0.41169
-0.41138
-0.41106
-0.41075
-0.41044
-0.41013
-0.40981
-0.4095
-0.40919
-0.40888
-0.40856
-0.40825
-0.40794
-0.40763
-0.40731
-0.407
-0.40669
-0.40638
-0.40606
-0.40575
-0.40544
-0.40513
-0.40481
-0.4045
-0.40419
-0.40388
-0.40357
-0.40325
-0.40294
-0.40263
-0.40232
-0.402
-0.40169
-0.40138
-0.40107
-0.40075
-0.40044
-0.40013
-0.39982
-0.3995
-0.39919
-0.39888
-0.39857
-0.39825
-0.39794
-0.39763
-0.39732
-0.397
-0.39669
-0.39638
-0.39607
-0.39576
-0.39544
-0.39513
-0.39482
-0.39451
-0.39419
-0.39388
-0.39357
-0.39326
-0.39294
-0.39263
-0.39232
-0.39201
-0.39169
-0.39138
-0.39107
-0.39076
-0.39044
-0.39013
-0.38982
-0.38951
-0.38919
-0.38888
-0.38857
-0.38826
-0.38795
-0.38763
-0.38732
-0.38701
-0.3867
-0.38638
-0.38607
-0.38576
-0.38545
-0.38513
-0.38482
-0.38451
-0.3842
-0.38388
-0.38357
-0.38326
-0.38295
-0.38263
-0.38232
-0.38201
-0.3817
-0.38138
-0.38107
-0.38076
-0.38045
-0.38014
-0.37982
-0.37951
-0.3792
-0.37889
-0.37857
-0.37826
-0.37795
-0.37764
-0.37732
-0.37701
-0.3767
-0.37639
-0.37607
-0.37576
-0.37545
-0.37514
-0.37482
-0.37451
-0.3742
-0.37389
-0.37357
-0.37326
-0.37295
-0.37264
-0.37233
-0.37201
-0.3717
-0.37139
-0.37108
-0.37076
-0.37045
-0.37014
-0.36983
-0.36951
-0.3692
-0.36889
-0.36858
-0.36826
-0.36795
-0.36764
-0.36733
-0.36701
-0.3667
-0.36639
-0.36608
-0.36576
-0.36545
-0.36514
-0.36483
-0.36451
-0.3642
-0.36389
-0.36358
-0.36327
-0.36295
-0.36264
-0.36233
-0.36202
-0.3617
-0.36139
-0.36108
-0.36077
-0.36045
-0.36014
-0.35983
-0.35952
-0.3592
-0.35889
-0.35858
-0.35827
-0.35795
-0.35764
-0.35733
-0.35702
-0.3567
-0.35639
-0.35608
-0.35577
-0.35546
-0.35514
-0.35483
-0.35452
-0.35421
-0.35389
-0.35358
-0.35327
-0.35296
-0.35264
-0.35233
-0.35202
-0.35171
-0.35139
-0.35108
-0.35077
-0.35046
-0.35014
-0.34983
-0.34952
-0.34921
-0.34889
-0.34858
-0.34827
-0.34796
-0.34765
-0.34733
-0.34702
-0.34671
-0.3464
-0.34608
-0.34577
-0.34546
-0.34515
-0.34483
-0.34452
-0.34421
-0.3439
-0.34358
-0.34327
-0.34296
-0.34265
-0.34233
-0.34202
-0.34171
-0.3414
-0.34108
-0.34077
-0.34046
-0.34015
-0.33984
-0.33952
-0.33921
-0.3389
-0.33859
-0.33827
-0.33796
-0.33765
-0.33734
-0.33702
-0.33671
-0.3364
-0.33609
-0.33577
-0.33546
-0.33515
-0.33484
-0.33452
-0.33421
-0.3339
-0.33359
-0.33327
-0.33296
-0.33265
-0.33234
-0.33203
-0.33171
-0.3314
-0.33109
-0.33078
-0.33046
-0.33015
-0.32984
-0.32953
-0.32921
-0.3289
-0.32859
-0.32828
-0.32796
-0.32765
-0.32734
-0.32703
-0.32671
-0.3264
-0.32609
-0.32578
-0.32546
-0.32515
-0.32484
-0.32453
-0.32422
-0.3239
-0.32359
-0.32328
-0.32297
-0.32265
-0.32234
-0.32203
-0.32172
-0.3214
-0.32109
-0.32078
-0.32047
-0.32015
-0.31984
-0.31953
-0.31922
-0.3189
-0.31859
-0.31828
-0.31797
-0.31765
-0.31734
-0.31703
-0.31672
-0.31641
-0.31609
-0.31578
-0.31547
-0.31516
-0.31484
-0.31453
-0.31422
-0.31391
-0.31359
-0.31328
-0.31297
-0.31266
-0.31234
-0.31203
-0.31172
-0.31141
-0.31109
-0.31078
-0.31047
-0.31016
-0.30984
-0.30953
-0.30922
-0.30891
-0.30859
-0.30828
-0.30797
-0.30766
-0.30735
-0.30703
-0.30672
-0.30641
-0.3061
-0.30578
-0.30547
-0.30516
-0.30485
-0.30453
-0.30422
-0.30391
-0.3036
-0.30328
-0.30297
-0.30266
-0.30235
-0.30203
-0.30172
-0.30141
-0.3011
-0.30078
-0.30047
-0.30016
-0.29985
-0.29954
-0.29922
-0.29891
-0.2986
-0.29829
-0.29797
-0.29766
-0.29735
-0.29704
-0.29672
-0.29641
-0.2961
-0.29579
-0.29547
-0.29516
-0.29485
-0.29454
-0.29422
-0.29391
-0.2936
-0.29329
-0.29297
-0.29266
-0.29235
-0.29204
-0.29173
-0.29141
-0.2911
-0.29079
-0.29048
-0.29016
-0.28985
-0.28954
-0.28923
-0.28891
-0.2886
-0.28829
-0.28798
-0.28766
-0.28735
-0.28704
-0.28673
-0.28641
-0.2861
-0.28579
-0.28548
-0.28516
-0.28485
-0.28454
-0.28423
-0.28392
-0.2836
-0.28329
-0.28298
-0.28267
-0.28235
-0.28204
-0.28173
-0.28142
-0.2811
-0.28079
-0.28048
-0.28017
-0.27985
-0.27954
-0.27923
-0.27892
-0.2786
-0.27829
-0.27798
-0.27767
-0.27735
-0.27704
-0.27673
-0.27642
-0.27611
-0.27579
-0.27548
-0.27517
-0.27486
-0.27454
-0.27423
-0.27392
-0.27361
-0.27329
-0.27298
-0.27267
-0.27236
-0.27204
-0.27173
-0.27142
-0.27111
-0.27079
-0.27048
-0.27017
-0.26986
-0.26954
-0.26923
-0.26892
-0.26861
-0.2683
-0.26798
-0.26767
-0.26736
-0.26705
-0.26673
-0.26642
-0.26611
-0.2658
-0.26548
-0.26517
-0.26486
-0.26455
-0.26423
-0.26392
-0.26361
-0.2633
-0.26298
-0.26267
-0.26236
-0.26205
-0.26173
-0.26142
-0.26111
-0.2608
-0.26048
-0.26017
-0.25986
-0.25955
-0.25924
-0.25892
-0.25861
-0.2583
-0.25799
-0.25767
-0.25736
-0.25705
-0.25674
-0.25642
-0.25611
-0.2558
-0.25549
-0.25517
-0.25486
-0.25455
-0.25424
-0.25392
-0.25361
-0.2533
-0.25299
-0.25267
-0.25236
-0.25205
-0.25174
-0.25143
-0.25111
-0.2508
-0.25049
-0.25018
-0.24986
-0.24955
-0.24924
-0.24893
-0.24861
-0.2483
-0.24799
-0.24768
-0.24736
-0.24705
-0.24674
-0.24643
-0.24611
-0.2458
-0.24549
-0.24518
-0.24486
-0.24455
-0.24424
-0.24393
-0.24362
-0.2433
-0.24299
-0.24268
-0.24237
-0.24205
-0.24174
-0.24143
-0.24112
-0.2408
-0.24049
-0.24018
-0.23987
-0.23955
-0.23924
-0.23893
-0.23862
-0.2383
-0.23799
-0.23768
-0.23737
-0.23705
-0.23674
-0.23643
-0.23612
-0.23581
-0.23549
-0.23518
-0.23487
-0.23456
-0.23424
-0.23393
-0.23362
-0.23331
-0.23299
-0.23268
-0.23237
-0.23206
-0.23174
-0.23143
-0.23112
-0.23081
-0.23049
-0.23018
-0.22987
-0.22956
-0.22924
-0.22893
-0.22862
-0.22831
-0.228
-0.22768
-0.22737
-0.22706
-0.22675
-0.22643
-0.22612
-0.22581
-0.2255
-0.22518
-0.22487
-0.22456
-0.22425
-0.22393
-0.22362
-0.22331
-0.223
-0.22268
-0.22237
-0.22206
-0.22175
-0.22143
-0.22112
-0.22081
-0.2205
-0.22019
-0.21987
-0.21956
-0.21925
-0.21894
-0.21862
-0.21831
-0.218
-0.21769
-0.21737
-0.21706
-0.21675
-0.21644
-0.21612
-0.21581
-0.2155
-0.21519
-0.21487
-0.21456
-0.21425
-0.21394
-0.21362
-0.21331
-0.213
-0.21269
-0.21238
-0.21206
-0.21175
-0.21144
-0.21113
-0.21081
-0.2105
-0.21019
-0.20988
-0.20956
-0.20925
-0.20894
-0.20863
-0.20831
-0.208
-0.20769
-0.20738
-0.20706
-0.20675
-0.20644
-0.20613
-0.20581
-0.2055
-0.20519
-0.20488
-0.20456
-0.20425
-0.20394
-0.20363
-0.20332
-0.203
-0.20269
-0.20238
-0.20207
-0.20175
-0.20144
-0.20113
-0.20082
-0.2005
-0.20019
-0.19988
-0.19957
-0.19925
-0.19894
-0.19863
-0.19832
-0.198
-0.19769
-0.19738
-0.19707
-0.19675
-0.19644
-0.19613
-0.19582
-0.19551
-0.19519
-0.19488
-0.19457
-0.19426
-0.19394
-0.19363
-0.19332
-0.19301
-0.19269
-0.19238
-0.19207
-0.19176
-0.19144
-0.19113
-0.19082
-0.19051
-0.19019
-0.18988
-0.18957
-0.18926
-0.18894
-0.18863
-0.18832
-0.18801
-0.1877
-0.18738
-0.18707
-0.18676
-0.18645
-0.18613
-0.18582
-0.18551
-0.1852
-0.18488
-0.18457
-0.18426
-0.18395
-0.18363
-0.18332
-0.18301
-0.1827
-0.18238
-0.18207
-0.18176
-0.18145
-0.18113
-0.18082
-0.18051
-0.1802
-0.17989
-0.17957
-0.17926
-0.17895
-0.17864
-0.17832
-0.17801
-0.1777
-0.17739
-0.17707
-0.17676
-0.17645
-0.17614
-0.17582
-0.17551
-0.1752
-0.17489
-0.17457
-0.17426
-0.17395
-0.17364
-0.17332
-0.17301
-0.1727
-0.17239
-0.17208
-0.17176
-0.17145
-0.17114
-0.17083
-0.17051
-0.1702
-0.16989
-0.16958
-0.16926
-0.16895
-0.16864
-0.16833
-0.16801
-0.1677
-0.16739
-0.16708
-0.16676
-0.16645
-0.16614
-0.16583
-0.16551
-0.1652
-0.16489
-0.16458
-0.16427
-0.16395
-0.16364
-0.16333
-0.16302
-0.1627
-0.16239
-0.16208
-0.16177
-0.16145
-0.16114
-0.16083
-0.16052
-0.1602
-0.15989
-0.15958
-0.15927
-0.15895
-0.15864
-0.15833
-0.15802
-0.1577
-0.15739
-0.15708
-0.15677
-0.15645
-0.15614
-0.15583
-0.15552
-0.15521
-0.15489
-0.15458
-0.15427
-0.15396
-0.15364
-0.15333
-0.15302
-0.15271
-0.15239
-0.15208
-0.15177
-0.15146
-0.15114
-0.15083
-0.15052
-0.15021
-0.14989
-0.14958
-0.14927
-0.14896
-0.14864
-0.14833
-0.14802
-0.14771
-0.1474
-0.14708
-0.14677
-0.14646
-0.14615
-0.14583
-0.14552
-0.14521
-0.1449
-0.14458
-0.14427
-0.14396
-0.14365
-0.14333
-0.14302
-0.14271
-0.1424
-0.14208
-0.14177
-0.14146
-0.14115
-0.14083
-0.14052
-0.14021
-0.1399
-0.13959
-0.13927
-0.13896
-0.13865
-0.13834
-0.13802
-0.13771
-0.1374
-0.13709
-0.13677
-0.13646
-0.13615
-0.13584
-0.13552
-0.13521
-0.1349
-0.13459
-0.13427
-0.13396
-0.13365
-0.13334
-0.13302
-0.13271
-0.1324
-0.13209
-0.13178
-0.13146
-0.13115
-0.13084
-0.13053
-0.13021
-0.1299
-0.12959
-0.12928
-0.12896
-0.12865
-0.12834
-0.12803
-0.12771
-0.1274
-0.12709
-0.12678
-0.12646
-0.12615
-0.12584
-0.12553
-0.12521
-0.1249
-0.12459
-0.12428
-0.12397
-0.12365
-0.12334
-0.12303
-0.12272
-0.1224
-0.12209
-0.12178
-0.12147
-0.12115
-0.12084
-0.12053
-0.12022
-0.1199
-0.11959
-0.11928
-0.11897
-0.11865
-0.11834
-0.11803
-0.11772
-0.1174
-0.11709
-0.11678
-0.11647
-0.11616
-0.11584
-0.11553
-0.11522
-0.11491
-0.11459
-0.11428
-0.11397
-0.11366
-0.11334
-0.11303
-0.11272
-0.11241
-0.11209
-0.11178
-0.11147
-0.11116
-0.11084
-0.11053
-0.11022
-0.10991
-0.10959
-0.10928
-0.10897
-0.10866
-0.10835
-0.10803
-0.10772
-0.10741
-0.1071
-0.10678
-0.10647
-0.10616
-0.10585
-0.10553
-0.10522
-0.10491
-0.1046
-0.10428
-0.10397
-0.10366
-0.10335
-0.10303
-0.10272
-0.10241
-0.1021
-0.10178
-0.10147
-0.10116
-0.10085
-0.10053
-0.10022
-0.09991
-0.099598
-0.099285
-0.098973
-0.098661
-0.098348
-0.098036
-0.097723
-0.097411
-0.097099
-0.096786
-0.096474
-0.096161
-0.095849
-0.095537
-0.095224
-0.094912
-0.094599
-0.094287
-0.093975
-0.093662
-0.09335
-0.093037
-0.092725
-0.092412
-0.0921
-0.091788
-0.091475
-0.091163
-0.09085
-0.090538
-0.090226
-0.089913
-0.089601
-0.089288
-0.088976
-0.088664
-0.088351
-0.088039
-0.087726
-0.087414
-0.087102
-0.086789
-0.086477
-0.086164
-0.085852
-0.08554
-0.085227
-0.084915
-0.084602
-0.08429
-0.083978
-0.083665
-0.083353
-0.08304
-0.082728
-0.082416
-0.082103
-0.081791
-0.081478
-0.081166
-0.080854
-0.080541
-0.080229
-0.079916
-0.079604
-0.079292
-0.078979
-0.078667
-0.078354
-0.078042
-0.07773
-0.077417
-0.077105
-0.076792
-0.07648
-0.076168
-0.075855
-0.075543
-0.07523
-0.074918
-0.074606
-0.074293
-0.073981
-0.073668
-0.073356
-0.073044
-0.072731
-0.072419
-0.072106
-0.071794
-0.071482
-0.071169
-0.070857
-0.070544
-0.070232
-0.06992
-0.069607
-0.069295
-0.068982
-0.06867
-0.068358
-0.068045
-0.067733
-0.06742
-0.067108
-0.066796
-0.066483
-0.066171
-0.065858
-0.065546
-0.065233
-0.064921
-0.064609
-0.064296
-0.063984
-0.063671
-0.063359
-0.063047
-0.062734
-0.062422
-0.062109
-0.061797
-0.061485
-0.061172
-0.06086
-0.060547
-0.060235
-0.059923
-0.05961
-0.059298
-0.058985
-0.058673
-0.058361
-0.058048
-0.057736
-0.057423
-0.057111
-0.056799
-0.056486
-0.056174
-0.055861
-0.055549
-0.055237
-0.054924
-0.054612
-0.054299
-0.053987
-0.053675
-0.053362
-0.05305
-0.052737
-0.052425
-0.052113
-0.0518
-0.051488
-0.051175
-0.050863
-0.050551
-0.050238
-0.049926
-0.049613
-0.049301
-0.048989
-0.048676
-0.048364
-0.048051
-0.047739
-0.047427
-0.047114
-0.046802
-0.046489
-0.046177
-0.045865
-0.045552
-0.04524
-0.044927
-0.044615
-0.044303
-0.04399
-0.043678
-0.043365
-0.043053
-0.042741
-0.042428
-0.042116
-0.041803
-0.041491
-0.041179
-0.040866
-0.040554
-0.040241
-0.039929
-0.039616
-0.039304
-0.038992
-0.038679
-0.038367
-0.038054
-0.037742
-0.03743
-0.037117
-0.036805
-0.036492
-0.03618
-0.035868
-0.035555
-0.035243
-0.03493
-0.034618
-0.034306
-0.033993
-0.033681
-0.033368
-0.033056
-0.032744
-0.032431
-0.032119
-0.031806
-0.031494
-0.031182
-0.030869
-0.030557
-0.030244
-0.029932
-0.02962
-0.029307
-0.028995
-0.028682
-0.02837
-0.028058
-0.027745
-0.027433
-0.02712
-0.026808
-0.026496
-0.026183
-0.025871
-0.025558
-0.025246
-0.024934
-0.024621
-0.024309
-0.023996
-0.023684
-0.023372
-0.023059
-0.022747
-0.022434
-0.022122
-0.02181
-0.021497
-0.021185
-0.020872
-0.02056
-0.020248
-0.019935
-0.019623
-0.01931
-0.018998
-0.018686
-0.018373
-0.018061
-0.017748
-0.017436
-0.017124
-0.016811
-0.016499
-0.016186
-0.015874
-0.015562
-0.015249
-0.014937
-0.014624
-0.014312
-0.014
-0.013687
-0.013375
-0.013062
-0.01275
-0.012437
-0.012125
-0.011813
-0.0115
-0.011188
-0.010875
-0.010563
-0.010251
-0.0099383
-0.0096259
-0.0093135
-0.0090011
-0.0086887
-0.0083763
-0.0080639
-0.0077515
-0.0074391
-0.0071267
-0.0068143
-0.0065018
-0.0061894
-0.005877
-0.0055646
-0.0052522
-0.0049398
-0.0046274
-0.004315
-0.0040026
-0.0036902
-0.0033778
-0.0030654
-0.002753
-0.0024406
-0.0021282
-0.0018158
-0.0015034
-0.001191
-0.00087861
-0.0005662
-0.0002538
5.8602e-05
0.000371
0.00068341
0.00099581
0.0013082
0.0016206
0.001933
0.0022454
0.0025578
0.0028702
0.0031826
0.003495
0.0038074
0.0041198
0.0044322
0.0047446
0.005057
0.0053694
0.0056818
0.0059942
0.0063066
0.0066191
0.0069315
0.0072439
0.0075563
0.0078687
0.0081811
0.0084935
0.0088059
0.0091183
0.0094307
0.0097431
0.010055
0.010368
0.01068
0.010993
0.011305
0.011617
0.01193
0.012242
0.012555
0.012867
0.013179
0.013492
0.013804
0.014117
0.014429
0.014742
0.015054
0.015366
0.015679
0.015991
0.016304
0.016616
0.016928
0.017241
0.017553
0.017866
0.018178
0.01849
0.018803
0.019115
0.019428
0.01974
0.020052
0.020365
0.020677
0.02099
0.021302
0.021614
0.021927
0.022239
0.022552
0.022864
0.023176
0.023489
0.023801
0.024114
0.024426
0.024738
0.025051
0.025363
0.025676
0.025988
0.0263
0.026613
0.026925
0.027238
0.02755
0.027862
0.028175
0.028487
0.0288
0.029112
0.029424
0.029737
0.030049
0.030362
0.030674
0.030986
0.031299
0.031611
0.031924
0.032236
0.032548
0.032861
0.033173
0.033486
0.033798
0.03411
0.034423
0.034735
0.035048
0.03536
0.035672
0.035985
0.036297
0.03661
0.036922
0.037234
0.037547
0.037859
0.038172
0.038484
0.038796
0.039109
0.039421
0.039734
0.040046
0.040358
0.040671
0.040983
0.041296
0.041608
0.04192
0.042233
0.042545
0.042858
0.04317
0.043482
0.043795
0.044107
0.04442
0.044732
0.045044
0.045357
0.045669
0.045982
0.046294
0.046606
0.046919
0.047231
0.047544
0.047856
0.048169
0.048481
0.048793
0.049106
0.049418
0.049731
0.050043
0.050355
0.050668
0.05098
0.051293
0.051605
0.051917
0.05223
0.052542
0.052855
0.053167
0.053479
0.053792
0.054104
0.054417
0.054729
0.055041
0.055354
0.055666
0.055979
0.056291
0.056603
0.056916
0.057228
0.057541
0.057853
0.058165
0.058478
0.05879
0.059103
0.059415
0.059727
0.06004
0.060352
0.060665
0.060977
0.061289
0.061602
0.061914
0.062226
0.062539
0.062851
0.063164
0.063476
0.063788
0.064101
0.064413
0.064726
0.065038
0.06535
0.065663
0.065975
0.066288
0.0666
0.066912
0.067225
0.067537
0.06785
0.068162
0.068474
0.068787
0.069099
0.069412
0.069724
0.070036
0.070349
0.070661
0.070974
0.071286
0.071598
0.071911
0.072223
0.072536
0.072848
0.07316
0.073473
0.073785
0.074098
0.07441
0.074722
0.075035
0.075347
0.07566
0.075972
0.076284
0.076597
0.076909
0.077221
0.077534
0.077846
0.078159
0.078471
0.078783
0.079096
0.079408
0.079721
0.080033
0.080345
0.080658
0.08097
0.081283
0.081595
0.081907
0.08222
0.082532
0.082844
0.083157
0.083469
0.083782
0.084094
0.084406
0.084719
0.085031
0.085344
0.085656
0.085968
0.086281
0.086593
0.086905
0.087218
0.08753
0.087843
0.088155
0.088467
0.08878
0.089092
0.089405
0.089717
0.090029
0.090342
0.090654
0.090966
0.091279
0.091591
0.091904
0.092216
0.092528
0.092841
0.093153
0.093465
0.093778
0.09409
0.094403
0.094715
0.095027
0.09534
0.095652
0.095964
0.096277
0.096589
0.096901
0.097214
0.097526
0.097839
0.098151
0.098463
0.098776
0.099088
0.0994
0.099713
0.10003
0.10034
0.10065
0.10096
0.10127
0.10159
0.1019
0.10221
0.10252
0.10284
0.10315
0.10346
0.10377
0.10409
0.1044
0.10471
0.10502
0.10534
0.10565
0.10596
0.10627
0.10658
0.1069
0.10721
0.10752
0.10783
0.10815
0.10846
0.10877
0.10908
0.1094
0.10971
0.11002
0.11033
0.11064
0.11096
0.11127
0.11158
0.11189
0.11221
0.11252
0.11283
0.11314
0.11346
0.11377
0.11408
0.11439
0.1147
0.11502
0.11533
0.11564
0.11595
0.11627
0.11658
0.11689
0.1172
0.11752
0.11783
0.11814
0.11845
0.11876
0.11908
0.11939
0.1197
0.12001
0.12033
0.12064
0.12095
0.12126
0.12157
0.12189
0.1222
0.12251
0.12282
0.12314
0.12345
0.12376
0.12407
0.12438
0.1247
0.12501
0.12532
0.12563
0.12595
0.12626
0.12657
0.12688
0.12719
0.12751
0.12782
0.12813
0.12844
0.12876
0.12907
0.12938
0.12969
0.13
0.13032
0.13063
0.13094
0.13125
0.13157
0.13188
0.13219
0.1325
0.13281
0.13313
0.13344
0.13375
0.13406
0.13437
0.13469
0.135
0.13531
0.13562
0.13593
0.13625
0.13656
0.13687
0.13718
0.1375
0.13781
0.13812
0.13843
0.13874
0.13906
0.13937
0.13968
0.13999
0.1403
0.14062
0.14093
0.14124
0.14155
0.14186
0.14218
0.14249
0.1428
0.14311
0.14342
0.14374
0.14405
0.14436
0.14467
0.14498
0.14529
0.14561
0.14592
0.14623
0.14654
0.14685
0.14717
0.14748
0.14779
0.1481
0.14841
0.14872
0.14904
0.14935
0.14966
0.14997
0.15028
0.1506
0.15091
0.15122
0.15153
0.15184
0.15215
0.15247
0.15278
0.15309
0.1534
0.15371
0.15402
0.15434
0.15465
0.15496
0.15527
0.15558
0.15589
0.1562
0.15652
0.15683
0.15714
0.15745
0.15776
0.15807
0.15839
0.1587
0.15901
0.15932
0.15963
0.15994
0.16025
0.16056
0.16088
0.16119
0.1615
0.16181
0.16212
0.16243
0.16274
0.16305
0.16337
0.16368
0.16399
0.1643
0.16461
0.16492
0.16523
0.16554
0.16585
0.16617
0.16648
0.16679
0.1671
0.16741
0.16772
0.16803
0.16834
0.16865
0.16896
0.16927
0.16959
0.1699
0.17021
0.17052
0.17083
0.17114
0.17145
0.17176
0.17207
0.17238
0.17269
0.173
0.17331
0.17362
0.17393
0.17424
0.17455
0.17487
0.17518
0.17549
0.1758
0.17611
0.17642
0.17673
0.17704
0.17735
0.17766
0.17797
0.17828
0.17859
0.1789
0.17921
0.17952
0.17983
0.18014
0.18045
0.18076
0.18107
0.18138
0.18168
0.18199
0.1823
0.18261
0.18292
0.18323
0.18354
0.18385
0.18416
0.18447
0.18478
0.18509
0.1854
0.18571
0.18602
0.18632
0.18663
0.18694
0.18725
0.18756
0.18787
0.18818
0.18849
0.18879
0.1891
0.18941
0.18972
0.19003
0.19034
0.19065
0.19095
0.19126
0.19157
0.19188
0.19219
0.19249
0.1928
0.19311
0.19342
0.19373
0.19403
0.19434
0.19465
0.19496
0.19526
0.19557
0.19588
0.19619
0.19649
0.1968
0.19711
0.19742
0.19772
0.19803
0.19834
0.19864
0.19895
0.19926
0.19956
0.19987
0.20018
0.20048
0.20079
0.20109
0.2014
0.20171
0.20201
0.20232
0.20262
0.20293
0.20324
0.20354
0.20385
0.20415
0.20446
0.20476
0.20507
0.20537
0.20568
0.20598
0.20629
0.20659
0.2069
0.2072
0.20751
0.20781
0.20811
0.20842
0.20872
0.20903
0.20933
0.20963
0.20994
0.21024
0.21054
0.21085
0.21115
0.21145
0.21176
0.21206
0.21236
0.21266
0.21297
0.21327
0.21357
0.21387
0.21418
0.21448
0.21478
0.21508
0.21538
0.21568
0.21599
0.21629
0.21659
0.21689
0.21719
0.21749
0.21779
0.21809
0.21839
0.21869
0.21899
0.21929
0.21959
0.21989
0.22019
0.22049
0.22079
0.22109
0.22139
0.22168
0.22198
0.22228
0.22258
0.22288
0.22318
0.22347
0.22377
0.22407
0.22436
0.22466
0.22496
0.22526
0.22555
0.22585
0.22614
0.22644
0.22674
0.22703
0.22733
0.22762
0.22792
0.22821
0.22851
0.2288
0.2291
0.22939
0.22968
0.22998
0.23027
0.23056
0.23086
0.23115
0.23144
0.23174
0.23203
0.23232
0.23261
0.2329
0.2332
0.23349
0.23378
0.23407
0.23436
0.23465
0.23494
0.23523
0.23552
0.23581
0.2361
0.23639
0.23667
0.23696
0.23725
0.23754
0.23783
0.23811
0.2384
0.23869
0.23897
0.23926
0.23955
0.23983
0.24012
0.2404
0.24069
0.24097
0.24126
0.24154
0.24182
0.24211
0.24239
0.24267
0.24296
0.24324
0.24352
0.2438
0.24408
0.24437
0.24465
0.24493
0.24521
0.24549
0.24577
0.24605
0.24632
0.2466
0.24688
0.24716
0.24744
0.24771
0.24799
0.24827
0.24854
0.24882
0.2491
0.24937
0.24965
0.24992
0.25019
0.25047
0.25074
0.25101
0.25129
0.25156
0.25183
0.2521
0.25237
0.25264
0.25291
0.25318
0.25345
0.25372
0.25399
0.25426
0.25453
0.25479
0.25506
0.25533
0.25559
0.25586
0.25612
0.25639
0.25665
0.25692
0.25718
0.25744
0.25771
0.25797
0.25823
0.25849
0.25875
0.25901
0.25927
0.25953
0.25979
0.26005
0.2603
0.26056
0.26082
0.26108
0.26133
0.26159
0.26184
0.2621
0.26235
0.2626
0.26285
0.26311
0.26336
0.26361
0.26386
0.26411
0.26436
0.26461
0.26486
0.2651
0.26535
0.2656
0.26584
0.26609
0.26633
0.26658
0.26682
0.26707
0.26731
0.26755
0.26779
0.26803
0.26827
0.26851
0.26875
0.26899
0.26923
0.26946
0.2697
0.26993
0.27017
0.2704
0.27064
0.27087
0.2711
0.27133
0.27157
0.2718
0.27203
0.27225
0.27248
0.27271
0.27294
0.27316
0.27339
0.27361
0.27384
0.27406
0.27428
0.2745
0.27473
0.27495
0.27517
0.27538
0.2756
0.27582
0.27604
0.27625
0.27647
0.27668
0.27689
0.27711
0.27732
0.27753
0.27774
0.27795
0.27816
0.27836
0.27857
0.27878
0.27898
0.27919
0.27939
0.27959
0.27979
0.28
0.2802
0.28039
0.28059
0.28079
0.28099
0.28118
0.28138
0.28157
0.28176
0.28196
0.28215
0.28234
0.28253
0.28271
0.2829
0.28309
0.28327
0.28346
0.28364
0.28382
0.284
0.28419
0.28436
0.28454
0.28472
0.2849
0.28507
0.28525
0.28542
0.28559
0.28576
0.28593
0.2861
0.28627
0.28644
0.28661
0.28677
0.28693
0.2871
0.28726
0.28742
0.28758
0.28774
0.2879
0.28805
0.28821
0.28836
0.28851
0.28867
0.28882
0.28897
0.28911
0.28926
0.28941
0.28955
0.2897
0.28984
0.28998
0.29012
0.29026
0.2904
0.29053
0.29067
0.2908
0.29094
0.29107
0.2912
0.29133
0.29145
0.29158
0.29171
0.29183
0.29195
0.29207
0.29219
0.29231
0.29243
0.29255
0.29266
0.29277
0.29289
0.293
0.29311
0.29322
0.29332
0.29343
0.29353
0.29363
0.29374
0.29384
0.29393
0.29403
0.29413
0.29422
0.29431
0.29441
0.2945
0.29458
0.29467
0.29476
0.29484
0.29492
0.29501
0.29509
0.29516
0.29524
0.29532
0.29539
0.29546
0.29553
0.2956
0.29567
0.29574
0.2958
0.29586
0.29593
0.29599
0.29604
0.2961
0.29616
0.29621
0.29626
0.29631
0.29636
0.29641
0.29646
0.2965
0.29654
0.29658
0.29662
0.29666
0.2967
0.29673
0.29676
0.29679
0.29682
0.29685
0.29688
0.2969
0.29692
0.29694
0.29696
0.29698
0.297
0.29701
0.29702
0.29703
0.29704
0.29705
0.29705
0.29706
0.29706
0.29706
0.29705
0.29705
0.29704
0.29704
0.29703
0.29702
0.297
0.29699
0.29697
0.29695
0.29693
0.29691
0.29689
0.29686
0.29683
0.2968
0.29677
0.29674
0.2967
0.29667
0.29663
0.29659
0.29654
0.2965
0.29645
0.2964
0.29635
0.2963
0.29624
0.29619
0.29613
0.29607
0.29601
0.29594
0.29587
0.29581
0.29573
0.29566
0.29559
0.29551
0.29543
0.29535
0.29527
0.29518
0.2951
0.29501
0.29492
0.29482
0.29473
0.29463
0.29453
0.29443
0.29433
0.29422
0.29411
0.294
0.29389
0.29378
0.29366
0.29354
0.29342
0.2933
0.29318
0.29305
0.29292
0.29279
0.29266
0.29252
0.29238
0.29224
0.2921
0.29196
0.29181
0.29166
0.29151
0.29136
0.2912
0.29104
0.29088
0.29072
0.29056
0.29039
0.29022
0.29005
0.28988
0.2897
0.28952
0.28934
0.28916
0.28898
0.28879
0.2886
0.28841
0.28821
0.28802
0.28782
0.28762
0.28742
0.28721
0.287
0.28679
0.28658
0.28637
0.28615
0.28593
0.28571
0.28548
0.28526
0.28503
0.2848
0.28456
0.28433
0.28409
0.28385
0.28361
0.28336
0.28311
0.28286
0.28261
0.28236
0.2821
0.28184
0.28158
0.28131
0.28105
0.28078
0.2805
0.28023
0.27995
0.27968
0.27939
0.27911
0.27882
0.27853
0.27824
0.27795
0.27765
0.27736
0.27705
0.27675
0.27645
0.27614
0.27583
0.27551
0.2752
0.27488
0.27456
0.27424
0.27391
0.27358
0.27325
0.27292
0.27258
0.27224
0.2719
0.27156
0.27122
0.27087
0.27052
0.27016
0.26981
0.26945
0.26909
0.26873
0.26836
0.26799
0.26762
0.26725
0.26688
0.2665
0.26612
0.26574
0.26535
0.26496
0.26457
0.26418
0.26378
0.26339
0.26298
0.26258
0.26218
0.26177
0.26136
0.26094
0.26053
0.26011
0.25969
0.25927
0.25884
0.25841
0.25798
0.25755
0.25711
0.25668
0.25624
0.25579
0.25535
0.2549
0.25445
0.25399
0.25354
0.25308
0.25262
0.25216
0.25169
0.25122
0.25075
0.25028
0.2498
0.24932
0.24884
0.24836
0.24787
0.24739
0.2469
0.2464
0.24591
0.24541
0.24491
0.2444
0.2439
0.24339
0.24288
0.24237
0.24185
0.24133
0.24081
0.24029
0.23976
0.23924
0.23871
0.23817
0.23764
0.2371
0.23656
0.23602
0.23547
0.23492
0.23437
0.23382
0.23327
0.23271
0.23215
0.23159
0.23102
0.23045
0.22989
0.22931
0.22874
0.22816
0.22758
0.227
0.22642
0.22583
0.22524
0.22465
0.22406
0.22346
0.22286
0.22226
0.22166
0.22105
0.22045
0.21984
0.21922
0.21861
0.21799
0.21737
0.21675
0.21613
0.2155
0.21487
0.21424
0.21361
0.21297
0.21233
0.21169
0.21105
0.21041
0.20976
0.20911
0.20846
0.2078
0.20715
0.20649
0.20583
0.20516
0.2045
0.20383
0.20316
0.20249
0.20182
0.20114
0.20046
0.19978
0.1991
0.19841
0.19773
0.19704
0.19634
0.19565
0.19495
0.19426
0.19356
0.19285
0.19215
0.19144
0.19073
0.19002
0.18931
0.1886
0.18788
0.18716
0.18644
0.18572
0.18499
0.18426
0.18353
0.1828
0.18207
0.18133
0.1806
0.17986
0.17911
0.17837
0.17762
0.17688
0.17613
0.17538
0.17462
0.17387
0.17311
0.17235
0.17159
0.17083
0.17006
0.1693
0.16853
0.16776
0.16698
0.16621
0.16543
0.16466
0.16388
0.16309
0.16231
0.16153
0.16074
0.15995
0.15916
0.15837
0.15757
0.15678
0.15598
0.15518
0.15438
0.15358
0.15277
0.15196
0.15116
0.15035
0.14954
0.14872
0.14791
0.14709
0.14627
0.14545
0.14463
0.14381
0.14299
0.14216
0.14133
0.1405
0.13967
0.13884
0.13801
0.13717
0.13633
0.1355
0.13466
0.13381
0.13297
0.13213
0.13128
0.13043
0.12959
0.12874
0.12788
0.12703
0.12618
0.12532
0.12446
0.12361
0.12275
0.12189
0.12102
0.12016
0.11929
0.11843
0.11756
0.11669
0.11582
0.11495
0.11408
0.1132
0.11233
0.11145
0.11057
0.1097
0.10882
0.10794
0.10705
0.10617
0.10528
0.1044
0.10351
0.10262
0.10174
0.10085
0.099955
0.099063
0.09817
0.097275
0.09638
0.095484
0.094587
0.093688
0.092789
0.091889
0.090988
0.090086
0.089183
0.088279
0.087374
0.086469
0.085562
0.084655
0.083746
0.082837
0.081927
0.081016
0.080105
0.079192
0.078279
0.077365
0.076451
0.075535
0.074619
0.073702
0.072784
0.071866
0.070947
0.070027
0.069107
0.068186
0.067264
0.066342
0.065419
0.064495
0.063571
0.062646
0.061721
0.060795
0.059869
0.058942
0.058014
0.057086
0.056158
0.055229
0.054299
0.05337
0.052439
0.051508
0.050577
0.049646
0.048714
0.047781
0.046848
0.045915
0.044982
0.044048
0.043114
0.042179
0.041244
0.04031
0.039374
0.038439
0.037502
0.036567
0.03563
0.034694
0.033757
0.03282
0.031882
0.030946
0.030007
0.029071
0.028132
0.027196
0.026256
0.02532
0.024379
0.023444
0.022503
0.021568
0.020626
0.019691
0.018749
0.017815
0.016872
0.015938
0.014995
0.014062
0.013118
0.012186
0.011242
0.01031
0.0093665
0.0084342
0.0074915
0.006559
0.0056173
0.0046842
0.0037439
0.0028099
0.0018715
0.00093643
