-0.00036889
-0.00043751
-0.00046339
-0.00047567
-0.0004822
-0.00048587
-0.00048798
-0.00048917
-0.00048979
-0.00049004
-0.00049005
-0.00048989
-0.00048961
-0.00048925
-0.00048883
-0.00048836
-0.00048786
-0.00048733
-0.00048678
-0.00048622
-0.00048564
-0.00048506
-0.00048447
-0.00048387
-0.00048327
-0.00048266
-0.00048205
-0.00048144
-0.00048082
-0.00048021
-0.00047959
-0.00047897
-0.00047835
-0.00047773
-0.00047711
-0.00047649
-0.00047587
-0.00047525
-0.00047463
-0.000474
-0.00047338
-0.00047276
-0.00047213
-0.00047151
-0.00047089
-0.00047026
-0.00046964
-0.00046902
-0.00046839
-0.00046777
-0.00046714
-0.00046652
-0.00046589
-0.00046527
-0.00046465
-0.00046402
-0.0004634
-0.00046277
-0.00046215
-0.00046152
-0.0004609
-0.00046027
-0.00045965
-0.00045903
-0.0004584
-0.00045778
-0.00045715
-0.00045653
-0.0004559
-0.00045528
-0.00045465
-0.00045403
-0.0004534
-0.00045278
-0.00045216
-0.00045153
-0.00045091
-0.00045028
-0.00044966
-0.00044903
-0.00044841
-0.00044778
-0.00044716
-0.00044653
-0.00044591
-0.00044528
-0.00044466
-0.00044404
-0.00044341
-0.00044279
-0.00044216
-0.00044154
-0.00044091
-0.00044029
-0.00043966
-0.00043904
-0.00043841
-0.00043779
-0.00043716
-0.00043654
-0.00043592
-0.00043529
-0.00043467
-0.00043404
-0.00043342
-0.00043279
-0.00043217
-0.00043154
-0.00043092
-0.00043029
-0.00042967
-0.00042904
-0.00042842
-0.0004278
-0.00042717
-0.00042655
-0.00042592
-0.0004253
-0.00042467
-0.00042405
-0.00042342
-0.0004228
-0.00042217
-0.00042155
-0.00042092
-0.0004203
-0.00041968
-0.00041905
-0.00041843
-0.0004178
-0.00041718
-0.00041655
-0.00041593
-0.0004153
-0.00041468
-0.00041405
-0.00041343
-0.0004128
-0.00041218
-0.00041156
-0.00041093
-0.00041031
-0.00040968
-0.00040906
-0.00040843
-0.00040781
-0.00040718
-0.00040656
-0.00040593
-0.00040531
-0.00040469
-0.00040406
-0.00040344
-0.00040281
-0.00040219
-0.00040156
-0.00040094
-0.00040031
-0.00039969
-0.00039906
-0.00039844
-0.00039781
-0.00039719
-0.00039657
-0.00039594
-0.00039532
-0.00039469
-0.00039407
-0.00039344
-0.00039282
-0.00039219
-0.00039157
-0.00039094
-0.00039032
-0.00038969
-0.00038907
-0.00038845
-0.00038782
-0.0003872
-0.00038657
-0.00038595
-0.00038532
-0.0003847
-0.00038407
-0.00038345
-0.00038282
-0.0003822
-0.00038157
-0.00038095
-0.00038033
-0.0003797
-0.00037908
-0.00037845
-0.00037783
-0.0003772
-0.00037658
-0.00037595
-0.00037533
-0.0003747
-0.00037408
-0.00037345
-0.00037283
-0.00037221
-0.00037158
-0.00037096
-0.00037033
-0.00036971
-0.00036908
-0.00036846
-0.00036783
-0.00036721
-0.00036658
-0.00036596
-0.00036533
-0.00036471
-0.00036409
-0.00036346
-0.00036284
-0.00036221
-0.00036159
-0.00036096
-0.00036034
-0.00035971
-0.00035909
-0.00035846
-0.00035784
-0.00035721
-0.00035659
-0.00035597
-0.00035534
-0.00035472
-0.00035409
-0.00035347
-0.00035284
-0.00035222
-0.00035159
-0.00035097
-0.00035034
-0.00034972
-0.00034909
-0.00034847
-0.00034785
-0.00034722
-0.0003466
-0.00034597
-0.00034535
-0.00034472
-0.0003441
-0.00034347
-0.00034285
-0.00034222
-0.0003416
-0.00034097
-0.00034035
-0.00033973
-0.0003391
-0.00033848
-0.00033785
-0.00033723
-0.0003366
-0.00033598
-0.00033535
-0.00033473
-0.0003341
-0.00033348
-0.00033285
-0.00033223
-0.00033161
-0.00033098
-0.00033036
-0.00032973
-0.00032911
-0.00032848
-0.00032786
-0.00032723
-0.00032661
-0.00032598
-0.00032536
-0.00032473
-0.00032411
-0.00032349
-0.00032286
-0.00032224
-0.00032161
-0.00032099
-0.00032036
-0.00031974
-0.00031911
-0.00031849
-0.00031786
-0.00031724
-0.00031661
-0.00031599
-0.00031537
-0.00031474
-0.00031412
-0.00031349
-0.00031287
-0.00031224
-0.00031162
-0.00031099
-0.00031037
-0.00030974
-0.00030912
-0.00030849
-0.00030787
-0.00030725
-0.00030662
-0.000306
-0.00030537
-0.00030475
-0.00030412
-0.0003035
-0.00030287
-0.00030225
-0.00030162
-0.000301
-0.00030037
-0.00029975
-0.00029913
-0.0002985
-0.00029788
-0.00029725
-0.00029663
-0.000296
-0.00029538
-0.00029475
-0.00029413
-0.0002935
-0.00029288
-0.00029225
-0.00029163
-0.00029101
-0.00029038
-0.00028976
-0.00028913
-0.00028851
-0.00028788
-0.00028726
-0.00028663
-0.00028601
-0.00028538
-0.00028476
-0.00028414
-0.00028351
-0.00028289
-0.00028226
-0.00028164
-0.00028101
-0.00028039
-0.00027976
-0.00027914
-0.00027851
-0.00027789
-0.00027726
-0.00027664
-0.00027602
-0.00027539
-0.00027477
-0.00027414
-0.00027352
-0.00027289
-0.00027227
-0.00027164
-0.00027102
-0.00027039
-0.00026977
-0.00026914
-0.00026852
-0.0002679
-0.00026727
-0.00026665
-0.00026602
-0.0002654
-0.00026477
-0.00026415
-0.00026352
-0.0002629
-0.00026227
-0.00026165
-0.00026102
-0.0002604
-0.00025978
-0.00025915
-0.00025853
-0.0002579
-0.00025728
-0.00025665
-0.00025603
-0.0002554
-0.00025478
-0.00025415
-0.00025353
-0.0002529
-0.00025228
-0.00025166
-0.00025103
-0.00025041
-0.00024978
-0.00024916
-0.00024853
-0.00024791
-0.00024728
-0.00024666
-0.00024603
-0.00024541
-0.00024478
-0.00024416
-0.00024354
-0.00024291
-0.00024229
-0.00024166
-0.00024104
-0.00024041
-0.00023979
-0.00023916
-0.00023854
-0.00023791
-0.00023729
-0.00023666
-0.00023604
-0.00023542
-0.00023479
-0.00023417
-0.00023354
-0.00023292
-0.00023229
-0.00023167
-0.00023104
-0.00023042
-0.00022979
-0.00022917
-0.00022854
-0.00022792
-0.0002273
-0.00022667
-0.00022605
-0.00022542
-0.0002248
-0.00022417
-0.00022355
-0.00022292
-0.0002223
-0.00022167
-0.00022105
-0.00022042
-0.0002198
-0.00021918
-0.00021855
-0.00021793
-0.0002173
-0.00021668
-0.00021605
-0.00021543
-0.0002148
-0.00021418
-0.00021355
-0.00021293
-0.0002123
-0.00021168
-0.00021106
-0.00021043
-0.00020981
-0.00020918
-0.00020856
-0.00020793
-0.00020731
-0.00020668
-0.00020606
-0.00020543
-0.00020481
-0.00020418
-0.00020356
-0.00020294
-0.00020231
-0.00020169
-0.00020106
-0.00020044
-0.00019981
-0.00019919
-0.00019856
-0.00019794
-0.00019731
-0.00019669
-0.00019606
-0.00019544
-0.00019482
-0.00019419
-0.00019357
-0.00019294
-0.00019232
-0.00019169
-0.00019107
-0.00019044
-0.00018982
-0.00018919
-0.00018857
-0.00018794
-0.00018732
-0.0001867
-0.00018607
-0.00018545
-0.00018482
-0.0001842
-0.00018357
-0.00018295
-0.00018232
-0.0001817
-0.00018107
-0.00018045
-0.00017982
-0.0001792
-0.00017858
-0.00017795
-0.00017733
-0.0001767
-0.00017608
-0.00017545
-0.00017483
-0.0001742
-0.00017358
-0.00017295
-0.00017233
-0.0001717
-0.00017108
-0.00017046
-0.00016983
-0.00016921
-0.00016858
-0.00016796
-0.00016733
-0.00016671
-0.00016608
-0.00016546
-0.00016483
-0.00016421
-0.00016359
-0.00016296
-0.00016234
-0.00016171
-0.00016109
-0.00016046
-0.00015984
-0.00015921
-0.00015859
-0.00015796
-0.00015734
-0.00015671
-0.00015609
-0.00015547
-0.00015484
-0.00015422
-0.00015359
-0.00015297
-0.00015234
-0.00015172
-0.00015109
-0.00015047
-0.00014984
-0.00014922
-0.00014859
-0.00014797
-0.00014735
-0.00014672
-0.0001461
-0.00014547
-0.00014485
-0.00014422
-0.0001436
-0.00014297
-0.00014235
-0.00014172
-0.0001411
-0.00014047
-0.00013985
-0.00013923
-0.0001386
-0.00013798
-0.00013735
-0.00013673
-0.0001361
-0.00013548
-0.00013485
-0.00013423
-0.0001336
-0.00013298
-0.00013235
-0.00013173
-0.00013111
-0.00013048
-0.00012986
-0.00012923
-0.00012861
-0.00012798
-0.00012736
-0.00012673
-0.00012611
-0.00012548
-0.00012486
-0.00012423
-0.00012361
-0.00012299
-0.00012236
-0.00012174
-0.00012111
-0.00012049
-0.00011986
-0.00011924
-0.00011861
-0.00011799
-0.00011736
-0.00011674
-0.00011611
-0.00011549
-0.00011487
-0.00011424
-0.00011362
-0.00011299
-0.00011237
-0.00011174
-0.00011112
-0.00011049
-0.00010987
-0.00010924
-0.00010862
-0.00010799
-0.00010737
-0.00010675
-0.00010612
-0.0001055
-0.00010487
-0.00010425
-0.00010362
-0.000103
-0.00010237
-0.00010175
-0.00010112
-0.0001005
-9.9875e-05
-9.925e-05
-9.8625e-05
-9.8001e-05
-9.7376e-05
-9.6752e-05
-9.6127e-05
-9.5502e-05
-9.4878e-05
-9.4253e-05
-9.3629e-05
-9.3004e-05
-9.2379e-05
-9.1755e-05
-9.113e-05
-9.0506e-05
-8.9881e-05
-8.9256e-05
-8.8632e-05
-8.8007e-05
-8.7382e-05
-8.6758e-05
-8.6133e-05
-8.5509e-05
-8.4884e-05
-8.4259e-05
-8.3635e-05
-8.301e-05
-8.2386e-05
-8.1761e-05
-8.1136e-05
-8.0512e-05
-7.9887e-05
-7.9263e-05
-7.8638e-05
-7.8013e-05
-7.7389e-05
-7.6764e-05
-7.6139e-05
-7.5515e-05
-7.489e-05
-7.4266e-05
-7.3641e-05
-7.3016e-05
-7.2392e-05
-7.1767e-05
-7.1143e-05
-7.0518e-05
-6.9893e-05
-6.9269e-05
-6.8644e-05
-6.8019e-05
-6.7395e-05
-6.677e-05
-6.6146e-05
-6.5521e-05
-6.4896e-05
-6.4272e-05
-6.3647e-05
-6.3023e-05
-6.2398e-05
-6.1773e-05
-6.1149e-05
-6.0524e-05
-5.99e-05
-5.9275e-05
-5.865e-05
-5.8026e-05
-5.7401e-05
-5.6776e-05
-5.6152e-05
-5.5527e-05
-5.4903e-05
-5.4278e-05
-5.3653e-05
-5.3029e-05
-5.2404e-05
-5.178e-05
-5.1155e-05
-5.053e-05
-4.9906e-05
-4.9281e-05
-4.8657e-05
-4.8032e-05
-4.7407e-05
-4.6783e-05
-4.6158e-05
-4.5533e-05
-4.4909e-05
-4.4284e-05
-4.366e-05
-4.3035e-05
-4.241e-05
-4.1786e-05
-4.1161e-05
-4.0537e-05
-3.9912e-05
-3.9287e-05
-3.8663e-05
-3.8038e-05
-3.7414e-05
-3.6789e-05
-3.6164e-05
-3.554e-05
-3.4915e-05
-3.429e-05
-3.3666e-05
-3.3041e-05
-3.2417e-05
-3.1792e-05
-3.1167e-05
-3.0543e-05
-2.9918e-05
-2.9294e-05
-2.8669e-05
-2.8044e-05
-2.742e-05
-2.6795e-05
-2.6171e-05
-2.5546e-05
-2.4921e-05
-2.4297e-05
-2.3672e-05
-2.3047e-05
-2.2423e-05
-2.1798e-05
-2.1174e-05
-2.0549e-05
-1.9924e-05
-1.93e-05
-1.8675e-05
-1.8051e-05
-1.7426e-05
-1.6801e-05
-1.6177e-05
-1.5552e-05
-1.4928e-05
-1.4303e-05
-1.3678e-05
-1.3054e-05
-1.2429e-05
-1.1804e-05
-1.118e-05
-1.0555e-05
-9.9307e-06
-9.306e-06
-8.6814e-06
-8.0568e-06
-7.4322e-06
-6.8076e-06
-6.183e-06
-5.5584e-06
-4.9338e-06
-4.3092e-06
-3.6845e-06
-3.0599e-06
-2.4353e-06
-1.8107e-06
-1.1861e-06
-5.6148e-07
6.3127e-08
6.8774e-07
1.3123e-06
1.937e-06
2.5616e-06
3.1862e-06
3.8108e-06
4.4354e-06
5.06e-06
5.6846e-06
6.3092e-06
6.9338e-06
7.5585e-06
8.1831e-06
8.8077e-06
9.4323e-06
1.0057e-05
1.0682e-05
1.1306e-05
1.1931e-05
1.2555e-05
1.318e-05
1.3805e-05
1.4429e-05
1.5054e-05
1.5678e-05
1.6303e-05
1.6928e-05
1.7552e-05
1.8177e-05
1.8801e-05
1.9426e-05
2.0051e-05
2.0675e-05
2.13e-05
2.1925e-05
2.2549e-05
2.3174e-05
2.3798e-05
2.4423e-05
2.5048e-05
2.5672e-05
2.6297e-05
2.6921e-05
2.7546e-05
2.8171e-05
2.8795e-05
2.942e-05
3.0044e-05
3.0669e-05
3.1294e-05
3.1918e-05
3.2543e-05
3.3168e-05
3.3792e-05
3.4417e-05
3.5041e-05
3.5666e-05
3.6291e-05
3.6915e-05
3.754e-05
3.8164e-05
3.8789e-05
3.9414e-05
4.0038e-05
4.0663e-05
4.1287e-05
4.1912e-05
4.2537e-05
4.3161e-05
4.3786e-05
4.441e-05
4.5035e-05
4.566e-05
4.6284e-05
4.6909e-05
4.7534e-05
4.8158e-05
4.8783e-05
4.9407e-05
5.0032e-05
5.0657e-05
5.1281e-05
5.1906e-05
5.253e-05
5.3155e-05
5.378e-05
5.4404e-05
5.5029e-05
5.5653e-05
5.6278e-05
5.6903e-05
5.7527e-05
5.8152e-05
5.8777e-05
5.9401e-05
6.0026e-05
6.065e-05
6.1275e-05
6.19e-05
6.2524e-05
6.3149e-05
6.3773e-05
6.4398e-05
6.5023e-05
6.5647e-05
6.6272e-05
6.6896e-05
6.7521e-05
6.8146e-05
6.877e-05
6.9395e-05
7.0019e-05
7.0644e-05
7.1269e-05
7.1893e-05
7.2518e-05
7.3143e-05
7.3767e-05
7.4392e-05
7.5016e-05
7.5641e-05
7.6266e-05
7.689e-05
7.7515e-05
7.8139e-05
7.8764e-05
7.9389e-05
8.0013e-05
8.0638e-05
8.1262e-05
8.1887e-05
8.2512e-05
8.3136e-05
8.3761e-05
8.4385e-05
8.501e-05
8.5635e-05
8.6259e-05
8.6884e-05
8.7508e-05
8.8133e-05
8.8758e-05
8.9382e-05
9.0007e-05
9.0632e-05
9.1256e-05
9.1881e-05
9.2505e-05
9.313e-05
9.3755e-05
9.4379e-05
9.5004e-05
9.5628e-05
9.6253e-05
9.6878e-05
9.7502e-05
9.8127e-05
9.8751e-05
9.9376e-05
0.0001
0.00010063
0.00010125
0.00010187
0.0001025
0.00010312
0.00010375
0.00010437
0.000105
0.00010562
0.00010625
0.00010687
0.0001075
0.00010812
0.00010874
0.00010937
0.00010999
0.00011062
0.00011124
0.00011187
0.00011249
0.00011312
0.00011374
0.00011437
0.00011499
0.00011562
0.00011624
0.00011686
0.00011749
0.00011811
0.00011874
0.00011936
0.00011999
0.00012061
0.00012124
0.00012186
0.00012249
0.00012311
0.00012374
0.00012436
0.00012498
0.00012561
0.00012623
0.00012686
0.00012748
0.00012811
0.00012873
0.00012936
0.00012998
0.00013061
0.00013123
0.00013185
0.00013248
0.0001331
0.00013373
0.00013435
0.00013498
0.0001356
0.00013623
0.00013685
0.00013748
0.0001381
0.00013873
0.00013935
0.00013997
0.0001406
0.00014122
0.00014185
0.00014247
0.0001431
0.00014372
0.00014435
0.00014497
0.0001456
0.00014622
0.00014684
0.00014747
0.00014809
0.00014872
0.00014934
0.00014997
0.00015059
0.00015122
0.00015184
0.00015247
0.00015309
0.00015371
0.00015434
0.00015496
0.00015559
0.00015621
0.00015684
0.00015746
0.00015809
0.00015871
0.00015934
0.00015996
0.00016058
0.00016121
0.00016183
0.00016246
0.00016308
0.00016371
0.00016433
0.00016496
0.00016558
0.0001662
0.00016683
0.00016745
0.00016808
0.0001687
0.00016933
0.00016995
0.00017058
0.0001712
0.00017183
0.00017245
0.00017307
0.0001737
0.00017432
0.00017495
0.00017557
0.0001762
0.00017682
0.00017745
0.00017807
0.00017869
0.00017932
0.00017994
0.00018057
0.00018119
0.00018182
0.00018244
0.00018307
0.00018369
0.00018431
0.00018494
0.00018556
0.00018619
0.00018681
0.00018744
0.00018806
0.00018868
0.00018931
0.00018993
0.00019056
0.00019118
0.00019181
0.00019243
0.00019305
0.00019368
0.0001943
0.00019493
0.00019555
0.00019618
0.0001968
0.00019742
0.00019805
0.00019867
0.0001993
0.00019992
0.00020055
0.00020117
0.00020179
0.00020242
0.00020304
0.00020367
0.00020429
0.00020491
0.00020554
0.00020616
0.00020679
0.00020741
0.00020804
0.00020866
0.00020928
0.00020991
0.00021053
0.00021116
0.00021178
0.0002124
0.00021303
0.00021365
0.00021428
0.0002149
0.00021552
0.00021615
0.00021677
0.00021739
0.00021802
0.00021864
0.00021927
0.00021989
0.00022051
0.00022114
0.00022176
0.00022238
0.00022301
0.00022363
0.00022426
0.00022488
0.0002255
0.00022613
0.00022675
0.00022737
0.000228
0.00022862
0.00022924
0.00022987
0.00023049
0.00023111
0.00023174
0.00023236
0.00023298
0.00023361
0.00023423
0.00023485
0.00023548
0.0002361
0.00023672
0.00023735
0.00023797
0.00023859
0.00023922
0.00023984
0.00024046
0.00024108
0.00024171
0.00024233
0.00024295
0.00024358
0.0002442
0.00024482
0.00024544
0.00024607
0.00024669
0.00024731
0.00024793
0.00024855
0.00024918
0.0002498
0.00025042
0.00025104
0.00025167
0.00025229
0.00025291
0.00025353
0.00025415
0.00025477
0.0002554
0.00025602
0.00025664
0.00025726
0.00025788
0.0002585
0.00025912
0.00025975
0.00026037
0.00026099
0.00026161
0.00026223
0.00026285
0.00026347
0.00026409
0.00026471
0.00026533
0.00026595
0.00026657
0.00026719
0.00026781
0.00026843
0.00026905
0.00026967
0.00027029
0.00027091
0.00027153
0.00027215
0.00027277
0.00027339
0.00027401
0.00027463
0.00027525
0.00027586
0.00027648
0.0002771
0.00027772
0.00027834
0.00027895
0.00027957
0.00028019
0.00028081
0.00028142
0.00028204
0.00028266
0.00028327
0.00028389
0.00028451
0.00028512
0.00028574
0.00028636
0.00028697
0.00028759
0.0002882
0.00028882
0.00028943
0.00029005
0.00029066
0.00029127
0.00029189
0.0002925
0.00029311
0.00029373
0.00029434
0.00029495
0.00029557
0.00029618
0.00029679
0.0002974
0.00029801
0.00029862
0.00029923
0.00029984
0.00030045
0.00030106
0.00030167
0.00030228
0.00030289
0.0003035
0.00030411
0.00030472
0.00030532
0.00030593
0.00030654
0.00030714
0.00030775
0.00030835
0.00030896
0.00030956
0.00031017
0.00031077
0.00031138
0.00031198
0.00031258
0.00031318
0.00031378
0.00031438
0.00031499
0.00031558
0.00031618
0.00031678
0.00031738
0.00031798
0.00031858
0.00031917
0.00031977
0.00032036
0.00032096
0.00032155
0.00032215
0.00032274
0.00032333
0.00032392
0.00032451
0.0003251
0.00032569
0.00032628
0.00032687
0.00032745
0.00032804
0.00032862
0.00032921
0.00032979
0.00033037
0.00033096
0.00033154
0.00033212
0.00033269
0.00033327
0.00033385
0.00033443
0.000335
0.00033557
0.00033615
0.00033672
0.00033729
0.00033786
0.00033843
0.00033899
0.00033956
0.00034012
0.00034069
0.00034125
0.00034181
0.00034237
0.00034292
0.00034348
0.00034404
0.00034459
0.00034514
0.00034569
0.00034624
0.00034679
0.00034733
0.00034788
0.00034842
0.00034896
0.0003495
0.00035004
0.00035057
0.0003511
0.00035163
0.00035216
0.00035269
0.00035322
0.00035374
0.00035426
0.00035478
0.0003553
0.00035581
0.00035632
0.00035683
0.00035734
0.00035784
0.00035835
0.00035885
0.00035934
0.00035984
0.00036033
0.00036082
0.0003613
0.00036179
0.00036227
0.00036274
0.00036322
0.00036369
0.00036416
0.00036462
0.00036508
0.00036554
0.000366
0.00036645
0.00036689
0.00036734
0.00036778
0.00036821
0.00036864
0.00036907
0.0003695
0.00036992
0.00037033
0.00037074
0.00037115
0.00037155
0.00037195
0.00037234
0.00037273
0.00037311
0.00037349
0.00037386
0.00037423
0.00037459
0.00037495
0.0003753
0.00037565
0.00037599
0.00037632
0.00037665
0.00037697
0.00037729
0.0003776
0.0003779
0.0003782
0.00037849
0.00037877
0.00037905
0.00037932
0.00037958
0.00037983
0.00038008
0.00038032
0.00038055
0.00038077
0.00038098
0.00038119
0.00038139
0.00038158
0.00038176
0.00038193
0.00038209
0.00038224
0.00038238
0.00038251
0.00038264
0.00038275
0.00038285
0.00038294
0.00038302
0.00038309
0.00038315
0.00038319
0.00038322
0.00038325
0.00038326
0.00038325
0.00038324
0.00038321
0.00038317
0.00038311
0.00038304
0.00038296
0.00038286
0.00038275
0.00038262
0.00038248
0.00038232
0.00038214
0.00038195
0.00038175
0.00038152
0.00038128
0.00038102
0.00038075
0.00038045
0.00038014
0.00037981
0.00037945
0.00037908
0.00037869
0.00037828
0.00037785
0.00037739
0.00037692
0.00037642
0.0003759
0.00037535
0.00037478
0.00037419
0.00037358
0.00037293
0.00037227
0.00037158
0.00037086
0.00037011
0.00036934
0.00036853
0.0003677
0.00036684
0.00036596
0.00036504
0.00036408
0.0003631
0.00036209
0.00036104
0.00035996
0.00035884
0.00035769
0.00035651
0.00035529
0.00035403
0.00035273
0.0003514
0.00035002
0.00034861
0.00034716
0.00034566
0.00034412
0.00034254
0.00034091
0.00033924
0.00033753
0.00033576
0.00033395
0.0003321
0.00033019
0.00032823
0.00032622
0.00032416
0.00032204
0.00031987
0.00031765
0.00031536
0.00031302
0.00031062
0.00030816
0.00030564
0.00030306
0.00030042
0.00029771
0.00029493
0.00029208
0.00028917
0.00028619
0.00028313
0.00028001
0.00027681
0.00027353
0.00027017
0.00026674
0.00026323
0.00025964
0.00025596
0.00025219
0.00024835
0.00024441
0.00024038
0.00023626
0.00023205
0.00022774
0.00022334
0.00021883
0.00021423
0.00020952
0.00020471
0.00019979
0.00019476
0.00018962
0.00018437
0.00017901
0.00017352
0.00016792
0.00016219
0.00015634
0.00015036
0.00014425
0.00013801
0.00013164
0.00012513
0.00011847
0.00011168
0.00010474
9.7657e-05
9.042e-05
8.303e-05
7.5483e-05
6.7776e-05
5.9907e-05
5.1872e-05
4.3669e-05
3.5293e-05
2.6741e-05
1.8011e-05
9.0983e-06
