-5.0753e-05
-0.00010112
-0.0001511
-0.00020069
-0.00024989
-0.00029871
-0.00034715
-0.0003952
-0.00044288
-0.00049017
-0.00053708
-0.00058362
-0.00062977
-0.00067556
-0.00072096
-0.00076599
-0.00081065
-0.00085494
-0.00089885
-0.0009424
-0.00098557
-0.0010284
-0.0010708
-0.0011129
-0.0011546
-0.001196
-0.0012369
-0.0012776
-0.0013178
-0.0013577
-0.0013973
-0.0014364
-0.0014753
-0.0015137
-0.0015519
-0.0015896
-0.001627
-0.0016641
-0.0017008
-0.0017372
-0.0017732
-0.0018088
-0.0018441
-0.0018791
-0.0019137
-0.001948
-0.001982
-0.0020156
-0.0020488
-0.0020818
-0.0021143
-0.0021466
-0.0021785
-0.0022101
-0.0022413
-0.0022722
-0.0023028
-0.002333
-0.0023629
-0.0023925
-0.0024218
-0.0024507
-0.0024793
-0.0025076
-0.0025356
-0.0025632
-0.0025905
-0.0026175
-0.0026442
-0.0026705
-0.0026966
-0.0027223
-0.0027477
-0.0027728
-0.0027975
-0.002822
-0.0028462
-0.00287
-0.0028935
-0.0029168
-0.0029397
-0.0029623
-0.0029846
-0.0030066
-0.0030283
-0.0030497
-0.0030708
-0.0030916
-0.0031121
-0.0031323
-0.0031522
-0.0031718
-0.0031911
-0.0032101
-0.0032288
-0.0032473
-0.0032654
-0.0032833
-0.0033008
-0.0033181
-0.0033351
-0.0033518
-0.0033682
-0.0033843
-0.0034002
-0.0034158
-0.0034311
-0.0034461
-0.0034608
-0.0034753
-0.0034894
-0.0035033
-0.003517
-0.0035303
-0.0035434
-0.0035562
-0.0035687
-0.003581
-0.003593
-0.0036048
-0.0036162
-0.0036274
-0.0036384
-0.0036491
-0.0036595
-0.0036696
-0.0036795
-0.0036891
-0.0036985
-0.0037076
-0.0037165
-0.0037251
-0.0037335
-0.0037416
-0.0037494
-0.003757
-0.0037644
-0.0037715
-0.0037783
-0.0037849
-0.0037913
-0.0037974
-0.0038032
-0.0038089
-0.0038143
-0.0038194
-0.0038243
-0.003829
-0.0038334
-0.0038376
-0.0038415
-0.0038453
-0.0038487
-0.003852
-0.003855
-0.0038578
-0.0038603
-0.0038627
-0.0038648
-0.0038667
-0.0038683
-0.0038697
-0.0038709
-0.0038719
-0.0038727
-0.0038732
-0.0038735
-0.0038736
-0.0038735
-0.0038731
-0.0038726
-0.0038718
-0.0038708
-0.0038696
-0.0038682
-0.0038666
-0.0038648
-0.0038627
-0.0038605
-0.003858
-0.0038554
-0.0038525
-0.0038494
-0.0038462
-0.0038427
-0.003839
-0.0038352
-0.0038311
-0.0038268
-0.0038223
-0.0038177
-0.0038128
-0.0038078
-0.0038025
-0.0037971
-0.0037914
-0.0037856
-0.0037796
-0.0037734
-0.003767
-0.0037605
-0.0037537
-0.0037468
-0.0037396
-0.0037323
-0.0037248
-0.0037172
-0.0037093
-0.0037013
-0.0036931
-0.0036847
-0.0036761
-0.0036674
-0.0036585
-0.0036494
-0.0036402
-0.0036307
-0.0036212
-0.0036114
-0.0036015
-0.0035914
-0.0035811
-0.0035707
-0.0035601
-0.0035493
-0.0035384
-0.0035274
-0.0035161
-0.0035047
-0.0034932
-0.0034815
-0.0034696
-0.0034576
-0.0034454
-0.0034331
-0.0034206
-0.003408
-0.0033952
-0.0033822
-0.0033692
-0.0033559
-0.0033426
-0.003329
-0.0033154
-0.0033016
-0.0032876
-0.0032735
-0.0032593
-0.0032449
-0.0032304
-0.0032157
-0.0032009
-0.003186
-0.0031709
-0.0031557
-0.0031404
-0.003125
-0.0031094
-0.0030936
-0.0030778
-0.0030618
-0.0030457
-0.0030295
-0.0030131
-0.0029966
-0.00298
-0.0029633
-0.0029464
-0.0029294
-0.0029123
-0.0028951
-0.0028778
-0.0028603
-0.0028427
-0.0028251
-0.0028073
-0.0027893
-0.0027713
-0.0027532
-0.0027349
-0.0027166
-0.0026981
-0.0026795
-0.0026609
-0.0026421
-0.0026232
-0.0026042
-0.0025851
-0.0025659
-0.0025466
-0.0025271
-0.0025076
-0.002488
-0.0024683
-0.0024485
-0.0024286
-0.0024086
-0.0023886
-0.0023684
-0.0023481
-0.0023278
-0.0023073
-0.0022868
-0.0022661
-0.0022454
-0.0022246
-0.0022037
-0.0021827
-0.0021617
-0.0021405
-0.0021193
-0.002098
-0.0020766
-0.0020552
-0.0020336
-0.002012
-0.0019903
-0.0019685
-0.0019467
-0.0019248
-0.0019028
-0.0018807
-0.0018586
-0.0018364
-0.0018141
-0.0017917
-0.0017693
-0.0017469
-0.0017243
-0.0017017
-0.001679
-0.0016563
-0.0016335
-0.0016106
-0.0015877
-0.0015647
-0.0015417
-0.0015186
-0.0014954
-0.0014722
-0.001449
-0.0014257
-0.0014023
-0.0013789
-0.0013554
-0.0013319
-0.0013083
-0.0012847
-0.001261
-0.0012373
-0.0012136
-0.0011898
-0.0011659
-0.001142
-0.0011181
-0.0010941
-0.0010701
-0.0010461
-0.001022
-0.00099785
-0.00097368
-0.00094949
-0.00092525
-0.00090099
-0.00087668
-0.00085236
-0.00082799
-0.0008036
-0.00077917
-0.00075472
-0.00073024
-0.00070574
-0.0006812
-0.00065665
-0.00063206
-0.00060747
-0.00058284
-0.0005582
-0.00053352
-0.00050884
-0.00048413
-0.00045942
-0.00043467
-0.00040992
-0.00038515
-0.00036037
-0.00033557
-0.00031077
-0.00028594
-0.00026112
-0.00023627
-0.00021143
-0.00018657
-0.00016171
-0.00013684
-0.00011197
-8.7086e-05
-6.2213e-05
-3.7323e-05
-1.2446e-05
1.2446e-05
3.7323e-05
6.2213e-05
8.7086e-05
0.00011197
0.00013684
0.00016171
0.00018657
0.00021143
0.00023627
0.00026112
0.00028594
0.00031077
0.00033557
0.00036037
0.00038515
0.00040992
0.00043467
0.00045942
0.00048413
0.00050884
0.00053352
0.0005582
0.00058284
0.00060747
0.00063206
0.00065665
0.0006812
0.00070574
0.00073024
0.00075472
0.00077917
0.0008036
0.00082799
0.00085236
0.00087668
0.00090099
0.00092525
0.00094949
0.00097368
0.00099785
0.001022
0.0010461
0.0010701
0.0010941
0.0011181
0.001142
0.0011659
0.0011898
0.0012136
0.0012373
0.001261
0.0012847
0.0013083
0.0013319
0.0013554
0.0013789
0.0014023
0.0014257
0.001449
0.0014722
0.0014954
0.0015186
0.0015417
0.0015647
0.0015877
0.0016106
0.0016335
0.0016563
0.001679
0.0017017
0.0017243
0.0017469
0.0017693
0.0017917
0.0018141
0.0018364
0.0018586
0.0018807
0.0019028
0.0019248
0.0019467
0.0019685
0.0019903
0.002012
0.0020336
0.0020552
0.0020766
0.002098
0.0021193
0.0021405
0.0021617
0.0021827
0.0022037
0.0022246
0.0022454
0.0022661
0.0022868
0.0023073
0.0023278
0.0023481
0.0023684
0.0023886
0.0024086
0.0024286
0.0024485
0.0024683
0.002488
0.0025076
0.0025271
0.0025466
0.0025659
0.0025851
0.0026042
0.0026232
0.0026421
0.0026609
0.0026795
0.0026981
0.0027166
0.0027349
0.0027532
0.0027713
0.0027893
0.0028073
0.0028251
0.0028427
0.0028603
0.0028778
0.0028951
0.0029123
0.0029294
0.0029464
0.0029633
0.00298
0.0029966
0.0030131
0.0030295
0.0030457
0.0030618
0.0030778
0.0030936
0.0031094
0.003125
0.0031404
0.0031557
0.0031709
0.003186
0.0032009
0.0032157
0.0032304
0.0032449
0.0032593
0.0032735
0.0032876
0.0033016
0.0033154
0.003329
0.0033426
0.0033559
0.0033692
0.0033822
0.0033952
0.003408
0.0034206
0.0034331
0.0034454
0.0034576
0.0034696
0.0034815
0.0034932
0.0035047
0.0035161
0.0035274
0.0035384
0.0035493
0.0035601
0.0035707
0.0035811
0.0035914
0.0036015
0.0036114
0.0036212
0.0036307
0.0036402
0.0036494
0.0036585
0.0036674
0.0036761
0.0036847
0.0036931
0.0037013
0.0037093
0.0037172
0.0037248
0.0037323
0.0037396
0.0037468
0.0037537
0.0037605
0.003767
0.0037734
0.0037796
0.0037856
0.0037914
0.0037971
0.0038025
0.0038078
0.0038128
0.0038177
0.0038223
0.0038268
0.0038311
0.0038352
0.003839
0.0038427
0.0038462
0.0038494
0.0038525
0.0038554
0.003858
0.0038605
0.0038627
0.0038648
0.0038666
0.0038682
0.0038696
0.0038708
0.0038718
0.0038726
0.0038731
0.0038735
0.0038736
0.0038735
0.0038732
0.0038727
0.0038719
0.0038709
0.0038697
0.0038683
0.0038667
0.0038648
0.0038627
0.0038603
0.0038578
0.003855
0.003852
0.0038487
0.0038453
0.0038415
0.0038376
0.0038334
0.003829
0.0038243
0.0038194
0.0038143
0.0038089
0.0038032
0.0037974
0.0037913
0.0037849
0.0037783
0.0037715
0.0037644
0.003757
0.0037494
0.0037416
0.0037335
0.0037251
0.0037165
0.0037076
0.0036985
0.0036891
0.0036795
0.0036696
0.0036595
0.0036491
0.0036384
0.0036274
0.0036162
0.0036048
0.003593
0.003581
0.0035687
0.0035562
0.0035434
0.0035303
0.003517
0.0035033
0.0034894
0.0034753
0.0034608
0.0034461
0.0034311
0.0034158
0.0034002
0.0033843
0.0033682
0.0033518
0.0033351
0.0033181
0.0033008
0.0032833
0.0032654
0.0032473
0.0032288
0.0032101
0.0031911
0.0031718
0.0031522
0.0031323
0.0031121
0.0030916
0.0030708
0.0030497
0.0030283
0.0030066
0.0029846
0.0029623
0.0029397
0.0029168
0.0028935
0.00287
0.0028462
0.002822
0.0027975
0.0027728
0.0027477
0.0027223
0.0026966
0.0026705
0.0026442
0.0026175
0.0025905
0.0025632
0.0025356
0.0025076
0.0024793
0.0024507
0.0024218
0.0023925
0.0023629
0.002333
0.0023028
0.0022722
0.0022413
0.0022101
0.0021785
0.0021466
0.0021143
0.0020818
0.0020488
0.0020156
0.001982
0.001948
0.0019137
0.0018791
0.0018441
0.0018088
0.0017732
0.0017372
0.0017008
0.0016641
0.001627
0.0015896
0.0015519
0.0015137
0.0014753
0.0014364
0.0013973
0.0013577
0.0013178
0.0012776
0.0012369
0.001196
0.0011546
0.0011129
0.0010708
0.0010284
0.00098557
0.0009424
0.00089885
0.00085494
0.00081065
0.00076599
0.00072096
0.00067556
0.00062977
0.00058362
0.00053708
0.00049017
0.00044288
0.0003952
0.00034715
0.00029871
0.00024989
0.00020069
0.0001511
0.00010112
5.0753e-05
