-0.00059575
-0.0011914
-0.0017869
-0.0023823
-0.0029775
-0.0035726
-0.0041676
-0.0047623
-0.0053569
-0.0059512
-0.0065454
-0.0071393
-0.007733
-0.0083264
-0.0089197
-0.0095126
-0.010105
-0.010698
-0.01129
-0.011881
-0.012473
-0.013064
-0.013655
-0.014245
-0.014835
-0.015425
-0.016014
-0.016603
-0.017192
-0.01778
-0.018367
-0.018954
-0.019541
-0.020127
-0.020713
-0.021299
-0.021884
-0.022468
-0.023052
-0.023635
-0.024218
-0.0248
-0.025381
-0.025962
-0.026543
-0.027123
-0.027702
-0.02828
-0.028859
-0.029436
-0.030013
-0.030589
-0.031164
-0.031739
-0.032313
-0.032886
-0.033459
-0.03403
-0.034602
-0.035172
-0.035742
-0.03631
-0.036879
-0.037446
-0.038013
-0.038578
-0.039143
-0.039707
-0.04027
-0.040832
-0.041394
-0.041954
-0.042515
-0.043073
-0.043631
-0.044188
-0.044745
-0.045299
-0.045854
-0.046407
-0.04696
-0.047511
-0.048061
-0.04861
-0.049159
-0.049706
-0.050253
-0.050798
-0.051342
-0.051885
-0.052428
-0.052968
-0.053509
-0.054047
-0.054585
-0.055122
-0.055658
-0.056192
-0.056725
-0.057257
-0.057788
-0.058318
-0.058847
-0.059374
-0.059901
-0.060425
-0.060949
-0.061471
-0.061993
-0.062513
-0.063032
-0.063549
-0.064066
-0.064581
-0.065095
-0.065607
-0.066119
-0.066628
-0.067137
-0.067643
-0.06815
-0.068654
-0.069157
-0.069658
-0.070159
-0.070658
-0.071156
-0.071651
-0.072147
-0.072639
-0.073132
-0.073622
-0.074112
-0.074598
-0.075085
-0.075569
-0.076053
-0.076534
-0.077015
-0.077492
-0.07797
-0.078445
-0.07892
-0.079392
-0.079863
-0.080332
-0.080801
-0.081266
-0.081732
-0.082194
-0.082656
-0.083116
-0.083575
-0.084031
-0.084486
-0.084939
-0.085392
-0.085841
-0.08629
-0.086736
-0.087182
-0.087625
-0.088068
-0.088507
-0.088946
-0.089382
-0.089818
-0.09025
-0.090683
-0.091112
-0.091541
-0.091966
-0.092392
-0.092814
-0.093236
-0.093654
-0.094073
-0.094487
-0.094902
-0.095313
-0.095725
-0.096132
-0.09654
-0.096944
-0.097348
-0.097748
-0.098149
-0.098545
-0.098942
-0.099335
-0.099728
-0.10012
-0.10051
-0.10089
-0.10128
-0.10166
-0.10204
-0.10242
-0.1028
-0.10317
-0.10354
-0.10391
-0.10428
-0.10465
-0.10502
-0.10538
-0.10574
-0.1061
-0.10646
-0.10681
-0.10717
-0.10752
-0.10787
-0.10821
-0.10856
-0.1089
-0.10925
-0.10958
-0.10992
-0.11026
-0.11059
-0.11092
-0.11125
-0.11158
-0.1119
-0.11223
-0.11255
-0.11287
-0.11319
-0.1135
-0.11381
-0.11412
-0.11443
-0.11474
-0.11505
-0.11535
-0.11565
-0.11595
-0.11624
-0.11654
-0.11683
-0.11712
-0.11741
-0.11769
-0.11798
-0.11826
-0.11854
-0.11882
-0.11909
-0.11936
-0.11964
-0.1199
-0.12017
-0.12043
-0.1207
-0.12096
-0.12122
-0.12147
-0.12173
-0.12198
-0.12223
-0.12247
-0.12272
-0.12296
-0.1232
-0.12344
-0.12368
-0.12391
-0.12415
-0.12438
-0.1246
-0.12483
-0.12505
-0.12527
-0.12549
-0.12571
-0.12593
-0.12614
-0.12635
-0.12656
-0.12676
-0.12697
-0.12717
-0.12737
-0.12756
-0.12776
-0.12795
-0.12814
-0.12833
-0.12852
-0.1287
-0.12888
-0.12906
-0.12924
-0.12941
-0.12959
-0.12976
-0.12992
-0.13009
-0.13026
-0.13042
-0.13058
-0.13073
-0.13089
-0.13104
-0.13119
-0.13134
-0.13149
-0.13163
-0.13177
-0.13191
-0.13205
-0.13219
-0.13232
-0.13245
-0.13258
-0.1327
-0.13283
-0.13295
-0.13307
-0.13319
-0.1333
-0.13341
-0.13352
-0.13363
-0.13374
-0.13384
-0.13395
-0.13405
-0.13414
-0.13424
-0.13433
-0.13442
-0.13451
-0.1346
-0.13468
-0.13476
-0.13484
-0.13492
-0.13499
-0.13507
-0.13514
-0.13521
-0.13527
-0.13534
-0.1354
-0.13546
-0.13552
-0.13557
-0.13563
-0.13568
-0.13573
-0.13577
-0.13582
-0.13586
-0.1359
-0.13594
-0.13597
-0.13601
-0.13604
-0.13607
-0.1361
-0.13612
-0.13614
-0.13617
-0.13618
-0.1362
-0.13621
-0.13623
-0.13624
-0.13624
-0.13625
-0.13625
-0.13625
-0.13625
-0.13625
-0.13625
-0.13624
-0.13623
-0.13622
-0.1362
-0.13619
-0.13617
-0.13615
-0.13613
-0.1361
-0.13608
-0.13605
-0.13602
-0.13598
-0.13595
-0.13591
-0.13588
-0.13583
-0.13579
-0.13574
-0.1357
-0.13565
-0.1356
-0.13554
-0.13549
-0.13543
-0.13537
-0.13531
-0.13525
-0.13518
-0.13511
-0.13504
-0.13497
-0.1349
-0.13482
-0.13474
-0.13466
-0.13458
-0.1345
-0.13441
-0.13432
-0.13423
-0.13414
-0.13404
-0.13395
-0.13385
-0.13375
-0.13365
-0.13355
-0.13344
-0.13333
-0.13322
-0.13311
-0.13299
-0.13288
-0.13276
-0.13264
-0.13252
-0.1324
-0.13227
-0.13214
-0.13201
-0.13188
-0.13175
-0.13161
-0.13148
-0.13134
-0.1312
-0.13105
-0.13091
-0.13076
-0.13061
-0.13047
-0.13031
-0.13016
-0.13
-0.12985
-0.12968
-0.12952
-0.12936
-0.1292
-0.12903
-0.12886
-0.12869
-0.12852
-0.12834
-0.12817
-0.12799
-0.12781
-0.12763
-0.12744
-0.12726
-0.12707
-0.12688
-0.12669
-0.1265
-0.12631
-0.12611
-0.12591
-0.12571
-0.12551
-0.12531
-0.12511
-0.1249
-0.12469
-0.12448
-0.12427
-0.12406
-0.12384
-0.12363
-0.12341
-0.12319
-0.12297
-0.12274
-0.12252
-0.12229
-0.12207
-0.12184
-0.1216
-0.12137
-0.12114
-0.1209
-0.12066
-0.12042
-0.12018
-0.11994
-0.11969
-0.11945
-0.1192
-0.11895
-0.1187
-0.11845
-0.11819
-0.11794
-0.11768
-0.11742
-0.11716
-0.1169
-0.11664
-0.11637
-0.11611
-0.11584
-0.11557
-0.1153
-0.11502
-0.11475
-0.11447
-0.1142
-0.11392
-0.11364
-0.11336
-0.11307
-0.11279
-0.1125
-0.11222
-0.11193
-0.11164
-0.11135
-0.11105
-0.11076
-0.11046
-0.11016
-0.10987
-0.10957
-0.10926
-0.10896
-0.10866
-0.10835
-0.10804
-0.10773
-0.10743
-0.10711
-0.1068
-0.10649
-0.10617
-0.10585
-0.10554
-0.10522
-0.1049
-0.10457
-0.10425
-0.10393
-0.1036
-0.10327
-0.10295
-0.10262
-0.10229
-0.10195
-0.10162
-0.10128
-0.10095
-0.10061
-0.10027
-0.099932
-0.099591
-0.099248
-0.098905
-0.09856
-0.098215
-0.097867
-0.097519
-0.097169
-0.096819
-0.096466
-0.096114
-0.095759
-0.095404
-0.095047
-0.09469
-0.09433
-0.093971
-0.093609
-0.093247
-0.092883
-0.092519
-0.092153
-0.091787
-0.091418
-0.09105
-0.090679
-0.090308
-0.089936
-0.089563
-0.089188
-0.088813
-0.088436
-0.088059
-0.08768
-0.087301
-0.086919
-0.086538
-0.086155
-0.085772
-0.085386
-0.085001
-0.084614
-0.084227
-0.083837
-0.083448
-0.083057
-0.082666
-0.082272
-0.081879
-0.081484
-0.081089
-0.080692
-0.080295
-0.079896
-0.079497
-0.079097
-0.078696
-0.078293
-0.077891
-0.077487
-0.077082
-0.076676
-0.07627
-0.075862
-0.075455
-0.075045
-0.074635
-0.074224
-0.073813
-0.0734
-0.072987
-0.072572
-0.072158
-0.071741
-0.071325
-0.070907
-0.070489
-0.070069
-0.06965
-0.069229
-0.068808
-0.068385
-0.067963
-0.067538
-0.067114
-0.066688
-0.066263
-0.065835
-0.065408
-0.06498
-0.064551
-0.064121
-0.063691
-0.063259
-0.062828
-0.062394
-0.061962
-0.061527
-0.061093
-0.060657
-0.060222
-0.059784
-0.059348
-0.058909
-0.058471
-0.058031
-0.057591
-0.05715
-0.05671
-0.056267
-0.055825
-0.055382
-0.054938
-0.054494
-0.054049
-0.053603
-0.053157
-0.05271
-0.052263
-0.051815
-0.051367
-0.050918
-0.050469
-0.050018
-0.049568
-0.049116
-0.048665
-0.048212
-0.04776
-0.047306
-0.046853
-0.046398
-0.045944
-0.045488
-0.045033
-0.044576
-0.044119
-0.043662
-0.043204
-0.042746
-0.042288
-0.041828
-0.041369
-0.040908
-0.040448
-0.039987
-0.039526
-0.039064
-0.038602
-0.038139
-0.037676
-0.037213
-0.036749
-0.036285
-0.03582
-0.035355
-0.03489
-0.034424
-0.033958
-0.033491
-0.033025
-0.032557
-0.03209
-0.031622
-0.031154
-0.030685
-0.030217
-0.029747
-0.029278
-0.028808
-0.028338
-0.027867
-0.027397
-0.026925
-0.026454
-0.025982
-0.025511
-0.025038
-0.024566
-0.024093
-0.023621
-0.023147
-0.022674
-0.0222
-0.021727
-0.021252
-0.020778
-0.020303
-0.019829
-0.019353
-0.018879
-0.018403
-0.017928
-0.017451
-0.016976
-0.016499
-0.016023
-0.015546
-0.01507
-0.014593
-0.014116
-0.013639
-0.013162
-0.012684
-0.012207
-0.011729
-0.011252
-0.010773
-0.010296
-0.0098171
-0.0093392
-0.0088605
-0.0083825
-0.0079036
-0.0074254
-0.0069463
-0.0064679
-0.0059887
-0.0055102
-0.0050309
-0.0045523
-0.0040729
-0.0035942
-0.0031147
-0.0026359
-0.0021563
-0.0016775
-0.0011979
-0.00071906
-0.00023942
0.00023942
0.00071906
0.0011979
0.0016775
0.0021563
0.0026359
0.0031147
0.0035942
0.0040729
0.0045523
0.0050309
0.0055102
0.0059887
0.0064679
0.0069463
0.0074254
0.0079036
0.0083825
0.0088605
0.0093392
0.0098171
0.010296
0.010773
0.011252
0.011729
0.012207
0.012684
0.013162
0.013639
0.014116
0.014593
0.01507
0.015546
0.016023
0.016499
0.016976
0.017451
0.017928
0.018403
0.018879
0.019353
0.019829
0.020303
0.020778
0.021252
0.021727
0.0222
0.022674
0.023147
0.023621
0.024093
0.024566
0.025038
0.025511
0.025982
0.026454
0.026925
0.027397
0.027867
0.028338
0.028808
0.029278
0.029747
0.030217
0.030685
0.031154
0.031622
0.03209
0.032557
0.033025
0.033491
0.033958
0.034424
0.03489
0.035355
0.03582
0.036285
0.036749
0.037213
0.037676
0.038139
0.038602
0.039064
0.039526
0.039987
0.040448
0.040908
0.041369
0.041828
0.042288
0.042746
0.043204
0.043662
0.044119
0.044576
0.045033
0.045488
0.045944
0.046398
0.046853
0.047306
0.04776
0.048212
0.048665
0.049116
0.049568
0.050018
0.050469
0.050918
0.051367
0.051815
0.052263
0.05271
0.053157
0.053603
0.054049
0.054494
0.054938
0.055382
0.055825
0.056267
0.05671
0.05715
0.057591
0.058031
0.058471
0.058909
0.059348
0.059784
0.060222
0.060657
0.061093
0.061527
0.061962
0.062394
0.062828
0.063259
0.063691
0.064121
0.064551
0.06498
0.065408
0.065835
0.066263
0.066688
0.067114
0.067538
0.067963
0.068385
0.068808
0.069229
0.06965
0.070069
0.070489
0.070907
0.071325
0.071741
0.072158
0.072572
0.072987
0.0734
0.073813
0.074224
0.074635
0.075045
0.075455
0.075862
0.07627
0.076676
0.077082
0.077487
0.077891
0.078293
0.078696
0.079097
0.079497
0.079896
0.080295
0.080692
0.081089
0.081484
0.081879
0.082272
0.082666
0.083057
0.083448
0.083837
0.084227
0.084614
0.085001
0.085386
0.085772
0.086155
0.086538
0.086919
0.087301
0.08768
0.088059
0.088436
0.088813
0.089188
0.089563
0.089936
0.090308
0.090679
0.09105
0.091418
0.091787
0.092153
0.092519
0.092883
0.093247
0.093609
0.093971
0.09433
0.09469
0.095047
0.095404
0.095759
0.096114
0.096466
0.096819
0.097169
0.097519
0.097867
0.098215
0.09856
0.098905
0.099248
0.099591
0.099932
0.10027
0.10061
0.10095
0.10128
0.10162
0.10195
0.10229
0.10262
0.10295
0.10327
0.1036
0.10393
0.10425
0.10457
0.1049
0.10522
0.10554
0.10585
0.10617
0.10649
0.1068
0.10711
0.10743
0.10773
0.10804
0.10835
0.10866
0.10896
0.10926
0.10957
0.10987
0.11016
0.11046
0.11076
0.11105
0.11135
0.11164
0.11193
0.11222
0.1125
0.11279
0.11307
0.11336
0.11364
0.11392
0.1142
0.11447
0.11475
0.11502
0.1153
0.11557
0.11584
0.11611
0.11637
0.11664
0.1169
0.11716
0.11742
0.11768
0.11794
0.11819
0.11845
0.1187
0.11895
0.1192
0.11945
0.11969
0.11994
0.12018
0.12042
0.12066
0.1209
0.12114
0.12137
0.1216
0.12184
0.12207
0.12229
0.12252
0.12274
0.12297
0.12319
0.12341
0.12363
0.12384
0.12406
0.12427
0.12448
0.12469
0.1249
0.12511
0.12531
0.12551
0.12571
0.12591
0.12611
0.12631
0.1265
0.12669
0.12688
0.12707
0.12726
0.12744
0.12763
0.12781
0.12799
0.12817
0.12834
0.12852
0.12869
0.12886
0.12903
0.1292
0.12936
0.12952
0.12968
0.12985
0.13
0.13016
0.13031
0.13047
0.13061
0.13076
0.13091
0.13105
0.1312
0.13134
0.13148
0.13161
0.13175
0.13188
0.13201
0.13214
0.13227
0.1324
0.13252
0.13264
0.13276
0.13288
0.13299
0.13311
0.13322
0.13333
0.13344
0.13355
0.13365
0.13375
0.13385
0.13395
0.13404
0.13414
0.13423
0.13432
0.13441
0.1345
0.13458
0.13466
0.13474
0.13482
0.1349
0.13497
0.13504
0.13511
0.13518
0.13525
0.13531
0.13537
0.13543
0.13549
0.13554
0.1356
0.13565
0.1357
0.13574
0.13579
0.13583
0.13588
0.13591
0.13595
0.13598
0.13602
0.13605
0.13608
0.1361
0.13613
0.13615
0.13617
0.13619
0.1362
0.13622
0.13623
0.13624
0.13625
0.13625
0.13625
0.13625
0.13625
0.13625
0.13624
0.13624
0.13623
0.13621
0.1362
0.13618
0.13617
0.13614
0.13612
0.1361
0.13607
0.13604
0.13601
0.13597
0.13594
0.1359
0.13586
0.13582
0.13577
0.13573
0.13568
0.13563
0.13557
0.13552
0.13546
0.1354
0.13534
0.13527
0.13521
0.13514
0.13507
0.13499
0.13492
0.13484
0.13476
0.13468
0.1346
0.13451
0.13442
0.13433
0.13424
0.13414
0.13405
0.13395
0.13384
0.13374
0.13363
0.13352
0.13341
0.1333
0.13319
0.13307
0.13295
0.13283
0.1327
0.13258
0.13245
0.13232
0.13219
0.13205
0.13191
0.13177
0.13163
0.13149
0.13134
0.13119
0.13104
0.13089
0.13073
0.13058
0.13042
0.13026
0.13009
0.12992
0.12976
0.12959
0.12941
0.12924
0.12906
0.12888
0.1287
0.12852
0.12833
0.12814
0.12795
0.12776
0.12756
0.12737
0.12717
0.12697
0.12676
0.12656
0.12635
0.12614
0.12593
0.12571
0.12549
0.12527
0.12505
0.12483
0.1246
0.12438
0.12415
0.12391
0.12368
0.12344
0.1232
0.12296
0.12272
0.12247
0.12223
0.12198
0.12173
0.12147
0.12122
0.12096
0.1207
0.12043
0.12017
0.1199
0.11964
0.11936
0.11909
0.11882
0.11854
0.11826
0.11798
0.11769
0.11741
0.11712
0.11683
0.11654
0.11624
0.11595
0.11565
0.11535
0.11505
0.11474
0.11443
0.11412
0.11381
0.1135
0.11319
0.11287
0.11255
0.11223
0.1119
0.11158
0.11125
0.11092
0.11059
0.11026
0.10992
0.10958
0.10925
0.1089
0.10856
0.10821
0.10787
0.10752
0.10717
0.10681
0.10646
0.1061
0.10574
0.10538
0.10502
0.10465
0.10428
0.10391
0.10354
0.10317
0.1028
0.10242
0.10204
0.10166
0.10128
0.10089
0.10051
0.10012
0.099728
0.099335
0.098942
0.098545
0.098149
0.097748
0.097348
0.096944
0.09654
0.096132
0.095725
0.095313
0.094902
0.094487
0.094073
0.093654
0.093236
0.092814
0.092392
0.091966
0.091541
0.091112
0.090683
0.09025
0.089818
0.089382
0.088946
0.088507
0.088068
0.087625
0.087182
0.086736
0.08629
0.085841
0.085392
0.084939
0.084486
0.084031
0.083575
0.083116
0.082656
0.082194
0.081732
0.081266
0.080801
0.080332
0.079863
0.079392
0.07892
0.078445
0.07797
0.077492
0.077015
0.076534
0.076053
0.075569
0.075085
0.074598
0.074112
0.073622
0.073132
0.072639
0.072147
0.071651
0.071156
0.070658
0.070159
0.069658
0.069157
0.068654
0.06815
0.067643
0.067137
0.066628
0.066119
0.065607
0.065095
0.064581
0.064066
0.063549
0.063032
0.062513
0.061993
0.061471
0.060949
0.060425
0.059901
0.059374
0.058847
0.058318
0.057788
0.057257
0.056725
0.056192
0.055658
0.055122
0.054585
0.054047
0.053509
0.052968
0.052428
0.051885
0.051342
0.050798
0.050253
0.049706
0.049159
0.04861
0.048061
0.047511
0.04696
0.046407
0.045854
0.045299
0.044745
0.044188
0.043631
0.043073
0.042515
0.041954
0.041394
0.040832
0.04027
0.039707
0.039143
0.038578
0.038013
0.037446
0.036879
0.03631
0.035742
0.035172
0.034602
0.03403
0.033459
0.032886
0.032313
0.031739
0.031164
0.030589
0.030013
0.029436
0.028859
0.02828
0.027702
0.027123
0.026543
0.025962
0.025381
0.0248
0.024218
0.023635
0.023052
0.022468
0.021884
0.021299
0.020713
0.020127
0.019541
0.018954
0.018367
0.01778
0.017192
0.016603
0.016014
0.015425
0.014835
0.014245
0.013655
0.013064
0.012473
0.011881
0.01129
0.010698
0.010105
0.0095126
0.0089197
0.0083264
0.007733
0.0071393
0.0065454
0.0059512
0.0053569
0.0047623
0.0041676
0.0035726
0.0029775
0.0023823
0.0017869
0.0011914
0.00059575
