-0.00066172
-0.0013233
-0.0019848
-0.0026462
-0.0033074
-0.0039684
-0.0046293
-0.0052899
-0.0059505
-0.0066107
-0.0072708
-0.0079306
-0.0085902
-0.0092495
-0.0099086
-0.010567
-0.011226
-0.011884
-0.012542
-0.013199
-0.013856
-0.014513
-0.01517
-0.015826
-0.016481
-0.017136
-0.017791
-0.018446
-0.0191
-0.019753
-0.020406
-0.021058
-0.021711
-0.022362
-0.023013
-0.023663
-0.024314
-0.024963
-0.025612
-0.02626
-0.026908
-0.027554
-0.028201
-0.028846
-0.029492
-0.030136
-0.03078
-0.031423
-0.032066
-0.032707
-0.033348
-0.033988
-0.034628
-0.035267
-0.035905
-0.036542
-0.037179
-0.037814
-0.038449
-0.039083
-0.039717
-0.040349
-0.040981
-0.041611
-0.042241
-0.04287
-0.043498
-0.044125
-0.044751
-0.045376
-0.046
-0.046623
-0.047246
-0.047867
-0.048488
-0.049107
-0.049725
-0.050342
-0.050959
-0.051573
-0.052188
-0.052801
-0.053413
-0.054023
-0.054634
-0.055242
-0.05585
-0.056455
-0.057061
-0.057665
-0.058268
-0.058869
-0.05947
-0.060069
-0.060667
-0.061264
-0.06186
-0.062453
-0.063047
-0.063638
-0.064229
-0.064818
-0.065406
-0.065992
-0.066578
-0.067161
-0.067744
-0.068325
-0.068905
-0.069483
-0.070061
-0.070636
-0.071211
-0.071783
-0.072355
-0.072924
-0.073493
-0.07406
-0.074626
-0.075189
-0.075752
-0.076313
-0.076873
-0.07743
-0.077988
-0.078542
-0.079096
-0.079647
-0.080198
-0.080746
-0.081294
-0.081839
-0.082384
-0.082925
-0.083467
-0.084005
-0.084543
-0.085078
-0.085613
-0.086144
-0.086676
-0.087204
-0.087732
-0.088257
-0.088782
-0.089303
-0.089825
-0.090343
-0.09086
-0.091375
-0.091889
-0.0924
-0.09291
-0.093418
-0.093925
-0.094428
-0.094932
-0.095432
-0.095932
-0.096428
-0.096924
-0.097417
-0.097909
-0.098398
-0.098887
-0.099372
-0.099856
-0.10034
-0.10082
-0.1013
-0.10177
-0.10225
-0.10272
-0.10319
-0.10366
-0.10412
-0.10459
-0.10505
-0.10551
-0.10597
-0.10643
-0.10688
-0.10734
-0.10779
-0.10823
-0.10868
-0.10913
-0.10957
-0.11001
-0.11045
-0.11088
-0.11132
-0.11175
-0.11218
-0.11261
-0.11303
-0.11346
-0.11388
-0.1143
-0.11471
-0.11513
-0.11554
-0.11595
-0.11636
-0.11677
-0.11717
-0.11757
-0.11797
-0.11837
-0.11877
-0.11916
-0.11955
-0.11994
-0.12033
-0.12071
-0.12109
-0.12147
-0.12185
-0.12223
-0.1226
-0.12297
-0.12334
-0.12371
-0.12407
-0.12443
-0.12479
-0.12515
-0.12551
-0.12586
-0.12621
-0.12656
-0.1269
-0.12725
-0.12759
-0.12793
-0.12827
-0.1286
-0.12893
-0.12926
-0.12959
-0.12992
-0.13024
-0.13056
-0.13088
-0.13119
-0.13151
-0.13182
-0.13213
-0.13243
-0.13274
-0.13304
-0.13334
-0.13364
-0.13393
-0.13422
-0.13451
-0.1348
-0.13508
-0.13537
-0.13565
-0.13593
-0.1362
-0.13647
-0.13674
-0.13701
-0.13728
-0.13754
-0.1378
-0.13806
-0.13832
-0.13857
-0.13882
-0.13907
-0.13932
-0.13956
-0.1398
-0.14004
-0.14028
-0.14051
-0.14074
-0.14098
-0.1412
-0.14143
-0.14165
-0.14187
-0.14208
-0.1423
-0.14251
-0.14272
-0.14293
-0.14313
-0.14333
-0.14354
-0.14373
-0.14393
-0.14412
-0.14431
-0.1445
-0.14468
-0.14486
-0.14505
-0.14522
-0.1454
-0.14557
-0.14574
-0.14591
-0.14608
-0.14624
-0.1464
-0.14656
-0.14671
-0.14686
-0.14702
-0.14716
-0.14731
-0.14745
-0.14759
-0.14773
-0.14787
-0.148
-0.14813
-0.14826
-0.14839
-0.14851
-0.14863
-0.14875
-0.14886
-0.14898
-0.14909
-0.1492
-0.1493
-0.14941
-0.14951
-0.14961
-0.1497
-0.1498
-0.14989
-0.14998
-0.15006
-0.15015
-0.15023
-0.15031
-0.15038
-0.15046
-0.15053
-0.1506
-0.15067
-0.15073
-0.15079
-0.15085
-0.15091
-0.15096
-0.15102
-0.15107
-0.15111
-0.15116
-0.1512
-0.15124
-0.15128
-0.15131
-0.15135
-0.15138
-0.15141
-0.15143
-0.15145
-0.15147
-0.15149
-0.15151
-0.15152
-0.15153
-0.15154
-0.15155
-0.15155
-0.15155
-0.15155
-0.15155
-0.15155
-0.15154
-0.15153
-0.15151
-0.1515
-0.15148
-0.15146
-0.15144
-0.15142
-0.15139
-0.15136
-0.15133
-0.1513
-0.15126
-0.15122
-0.15118
-0.15114
-0.15109
-0.15104
-0.15099
-0.15094
-0.15089
-0.15083
-0.15077
-0.15071
-0.15064
-0.15058
-0.15051
-0.15044
-0.15037
-0.15029
-0.15021
-0.15013
-0.15005
-0.14997
-0.14988
-0.14979
-0.1497
-0.14961
-0.14951
-0.14941
-0.14931
-0.14921
-0.14911
-0.149
-0.14889
-0.14878
-0.14867
-0.14855
-0.14843
-0.14831
-0.14819
-0.14807
-0.14794
-0.14781
-0.14768
-0.14755
-0.14741
-0.14728
-0.14713
-0.14699
-0.14685
-0.1467
-0.14656
-0.14641
-0.14625
-0.1461
-0.14594
-0.14578
-0.14562
-0.14546
-0.14529
-0.14513
-0.14496
-0.14479
-0.14461
-0.14444
-0.14426
-0.14408
-0.1439
-0.14372
-0.14353
-0.14334
-0.14315
-0.14296
-0.14277
-0.14257
-0.14238
-0.14218
-0.14197
-0.14177
-0.14156
-0.14136
-0.14115
-0.14094
-0.14072
-0.14051
-0.14029
-0.14007
-0.13985
-0.13962
-0.1394
-0.13917
-0.13894
-0.13871
-0.13848
-0.13824
-0.13801
-0.13777
-0.13753
-0.13729
-0.13704
-0.13679
-0.13655
-0.1363
-0.13604
-0.13579
-0.13553
-0.13528
-0.13502
-0.13476
-0.13449
-0.13423
-0.13396
-0.1337
-0.13342
-0.13315
-0.13288
-0.1326
-0.13233
-0.13205
-0.13177
-0.13148
-0.1312
-0.13091
-0.13063
-0.13034
-0.13005
-0.12975
-0.12946
-0.12916
-0.12886
-0.12856
-0.12826
-0.12796
-0.12765
-0.12735
-0.12704
-0.12673
-0.12642
-0.12611
-0.12579
-0.12548
-0.12516
-0.12484
-0.12452
-0.12419
-0.12387
-0.12354
-0.12321
-0.12289
-0.12255
-0.12222
-0.12189
-0.12155
-0.12122
-0.12088
-0.12054
-0.1202
-0.11985
-0.11951
-0.11916
-0.11881
-0.11846
-0.11811
-0.11776
-0.11741
-0.11705
-0.1167
-0.11634
-0.11598
-0.11562
-0.11526
-0.11489
-0.11453
-0.11416
-0.11379
-0.11342
-0.11305
-0.11268
-0.1123
-0.11193
-0.11155
-0.11117
-0.11079
-0.11041
-0.11003
-0.10965
-0.10926
-0.10888
-0.10849
-0.1081
-0.10771
-0.10732
-0.10693
-0.10653
-0.10614
-0.10574
-0.10534
-0.10494
-0.10454
-0.10414
-0.10374
-0.10333
-0.10293
-0.10252
-0.10211
-0.1017
-0.10129
-0.10088
-0.10047
-0.10005
-0.099639
-0.099222
-0.098805
-0.098386
-0.097966
-0.097545
-0.097123
-0.096699
-0.096275
-0.095848
-0.095422
-0.094993
-0.094565
-0.094134
-0.093703
-0.09327
-0.092837
-0.092402
-0.091967
-0.091529
-0.091092
-0.090652
-0.090213
-0.089771
-0.08933
-0.088886
-0.088442
-0.087997
-0.087551
-0.087103
-0.086655
-0.086206
-0.085756
-0.085304
-0.084852
-0.084399
-0.083945
-0.083489
-0.083034
-0.082576
-0.082119
-0.081659
-0.0812
-0.080738
-0.080277
-0.079814
-0.079351
-0.078886
-0.078421
-0.077954
-0.077488
-0.077019
-0.076551
-0.07608
-0.07561
-0.075138
-0.074667
-0.074193
-0.073719
-0.073244
-0.072769
-0.072292
-0.071815
-0.071336
-0.070858
-0.070378
-0.069898
-0.069416
-0.068935
-0.068451
-0.067968
-0.067483
-0.066999
-0.066512
-0.066026
-0.065538
-0.065051
-0.064562
-0.064073
-0.063582
-0.063092
-0.062599
-0.062108
-0.061614
-0.061121
-0.060626
-0.060132
-0.059636
-0.05914
-0.058642
-0.058145
-0.057646
-0.057148
-0.056648
-0.056148
-0.055647
-0.055146
-0.054644
-0.054142
-0.053638
-0.053135
-0.05263
-0.052126
-0.05162
-0.051114
-0.050607
-0.050101
-0.049593
-0.049085
-0.048576
-0.048067
-0.047557
-0.047047
-0.046536
-0.046025
-0.045512
-0.045001
-0.044487
-0.043975
-0.04346
-0.042947
-0.042431
-0.041917
-0.041401
-0.040885
-0.040368
-0.039852
-0.039334
-0.038817
-0.038298
-0.03778
-0.037261
-0.036742
-0.036222
-0.035702
-0.035181
-0.03466
-0.034139
-0.033617
-0.033095
-0.032573
-0.03205
-0.031527
-0.031003
-0.03048
-0.029956
-0.029432
-0.028907
-0.028382
-0.027856
-0.027331
-0.026805
-0.026279
-0.025752
-0.025226
-0.024699
-0.024172
-0.023644
-0.023117
-0.022588
-0.02206
-0.021532
-0.021003
-0.020474
-0.019945
-0.019416
-0.018886
-0.018356
-0.017827
-0.017296
-0.016766
-0.016235
-0.015705
-0.015174
-0.014643
-0.014112
-0.013581
-0.013049
-0.012518
-0.011986
-0.011454
-0.010922
-0.01039
-0.0098578
-0.0093259
-0.0087932
-0.0082611
-0.0077281
-0.0071959
-0.0066628
-0.0061304
-0.0055972
-0.0050647
-0.0045313
-0.0039987
-0.0034653
-0.0029326
-0.0023991
-0.0018663
-0.0013328
-0.00079997
-0.0002664
0.0002664
0.00079997
0.0013328
0.0018663
0.0023991
0.0029326
0.0034653
0.0039987
0.0045313
0.0050647
0.0055972
0.0061304
0.0066628
0.0071959
0.0077281
0.0082611
0.0087932
0.0093259
0.0098578
0.01039
0.010922
0.011454
0.011986
0.012518
0.013049
0.013581
0.014112
0.014643
0.015174
0.015705
0.016235
0.016766
0.017296
0.017827
0.018356
0.018886
0.019416
0.019945
0.020474
0.021003
0.021532
0.02206
0.022588
0.023117
0.023644
0.024172
0.024699
0.025226
0.025752
0.026279
0.026805
0.027331
0.027856
0.028382
0.028907
0.029432
0.029956
0.03048
0.031003
0.031527
0.03205
0.032573
0.033095
0.033617
0.034139
0.03466
0.035181
0.035702
0.036222
0.036742
0.037261
0.03778
0.038298
0.038817
0.039334
0.039852
0.040368
0.040885
0.041401
0.041917
0.042431
0.042947
0.04346
0.043975
0.044487
0.045001
0.045512
0.046025
0.046536
0.047047
0.047557
0.048067
0.048576
0.049085
0.049593
0.050101
0.050607
0.051114
0.05162
0.052126
0.05263
0.053135
0.053638
0.054142
0.054644
0.055146
0.055647
0.056148
0.056648
0.057148
0.057646
0.058145
0.058642
0.05914
0.059636
0.060132
0.060626
0.061121
0.061614
0.062108
0.062599
0.063092
0.063582
0.064073
0.064562
0.065051
0.065538
0.066026
0.066512
0.066999
0.067483
0.067968
0.068451
0.068935
0.069416
0.069898
0.070378
0.070858
0.071336
0.071815
0.072292
0.072769
0.073244
0.073719
0.074193
0.074667
0.075138
0.07561
0.07608
0.076551
0.077019
0.077488
0.077954
0.078421
0.078886
0.079351
0.079814
0.080277
0.080738
0.0812
0.081659
0.082119
0.082576
0.083034
0.083489
0.083945
0.084399
0.084852
0.085304
0.085756
0.086206
0.086655
0.087103
0.087551
0.087997
0.088442
0.088886
0.08933
0.089771
0.090213
0.090652
0.091092
0.091529
0.091967
0.092402
0.092837
0.09327
0.093703
0.094134
0.094565
0.094993
0.095422
0.095848
0.096275
0.096699
0.097123
0.097545
0.097966
0.098386
0.098805
0.099222
0.099639
0.10005
0.10047
0.10088
0.10129
0.1017
0.10211
0.10252
0.10293
0.10333
0.10374
0.10414
0.10454
0.10494
0.10534
0.10574
0.10614
0.10653
0.10693
0.10732
0.10771
0.1081
0.10849
0.10888
0.10926
0.10965
0.11003
0.11041
0.11079
0.11117
0.11155
0.11193
0.1123
0.11268
0.11305
0.11342
0.11379
0.11416
0.11453
0.11489
0.11526
0.11562
0.11598
0.11634
0.1167
0.11705
0.11741
0.11776
0.11811
0.11846
0.11881
0.11916
0.11951
0.11985
0.1202
0.12054
0.12088
0.12122
0.12155
0.12189
0.12222
0.12255
0.12289
0.12321
0.12354
0.12387
0.12419
0.12452
0.12484
0.12516
0.12548
0.12579
0.12611
0.12642
0.12673
0.12704
0.12735
0.12765
0.12796
0.12826
0.12856
0.12886
0.12916
0.12946
0.12975
0.13005
0.13034
0.13063
0.13091
0.1312
0.13148
0.13177
0.13205
0.13233
0.1326
0.13288
0.13315
0.13342
0.1337
0.13396
0.13423
0.13449
0.13476
0.13502
0.13528
0.13553
0.13579
0.13604
0.1363
0.13655
0.13679
0.13704
0.13729
0.13753
0.13777
0.13801
0.13824
0.13848
0.13871
0.13894
0.13917
0.1394
0.13962
0.13985
0.14007
0.14029
0.14051
0.14072
0.14094
0.14115
0.14136
0.14156
0.14177
0.14197
0.14218
0.14238
0.14257
0.14277
0.14296
0.14315
0.14334
0.14353
0.14372
0.1439
0.14408
0.14426
0.14444
0.14461
0.14479
0.14496
0.14513
0.14529
0.14546
0.14562
0.14578
0.14594
0.1461
0.14625
0.14641
0.14656
0.1467
0.14685
0.14699
0.14713
0.14728
0.14741
0.14755
0.14768
0.14781
0.14794
0.14807
0.14819
0.14831
0.14843
0.14855
0.14867
0.14878
0.14889
0.149
0.14911
0.14921
0.14931
0.14941
0.14951
0.14961
0.1497
0.14979
0.14988
0.14997
0.15005
0.15013
0.15021
0.15029
0.15037
0.15044
0.15051
0.15058
0.15064
0.15071
0.15077
0.15083
0.15089
0.15094
0.15099
0.15104
0.15109
0.15114
0.15118
0.15122
0.15126
0.1513
0.15133
0.15136
0.15139
0.15142
0.15144
0.15146
0.15148
0.1515
0.15151
0.15153
0.15154
0.15155
0.15155
0.15155
0.15155
0.15155
0.15155
0.15154
0.15153
0.15152
0.15151
0.15149
0.15147
0.15145
0.15143
0.15141
0.15138
0.15135
0.15131
0.15128
0.15124
0.1512
0.15116
0.15111
0.15107
0.15102
0.15096
0.15091
0.15085
0.15079
0.15073
0.15067
0.1506
0.15053
0.15046
0.15038
0.15031
0.15023
0.15015
0.15006
0.14998
0.14989
0.1498
0.1497
0.14961
0.14951
0.14941
0.1493
0.1492
0.14909
0.14898
0.14886
0.14875
0.14863
0.14851
0.14839
0.14826
0.14813
0.148
0.14787
0.14773
0.14759
0.14745
0.14731
0.14716
0.14702
0.14686
0.14671
0.14656
0.1464
0.14624
0.14608
0.14591
0.14574
0.14557
0.1454
0.14522
0.14505
0.14486
0.14468
0.1445
0.14431
0.14412
0.14393
0.14373
0.14354
0.14333
0.14313
0.14293
0.14272
0.14251
0.1423
0.14208
0.14187
0.14165
0.14143
0.1412
0.14098
0.14074
0.14051
0.14028
0.14004
0.1398
0.13956
0.13932
0.13907
0.13882
0.13857
0.13832
0.13806
0.1378
0.13754
0.13728
0.13701
0.13674
0.13647
0.1362
0.13593
0.13565
0.13537
0.13508
0.1348
0.13451
0.13422
0.13393
0.13364
0.13334
0.13304
0.13274
0.13243
0.13213
0.13182
0.13151
0.13119
0.13088
0.13056
0.13024
0.12992
0.12959
0.12926
0.12893
0.1286
0.12827
0.12793
0.12759
0.12725
0.1269
0.12656
0.12621
0.12586
0.12551
0.12515
0.12479
0.12443
0.12407
0.12371
0.12334
0.12297
0.1226
0.12223
0.12185
0.12147
0.12109
0.12071
0.12033
0.11994
0.11955
0.11916
0.11877
0.11837
0.11797
0.11757
0.11717
0.11677
0.11636
0.11595
0.11554
0.11513
0.11471
0.1143
0.11388
0.11346
0.11303
0.11261
0.11218
0.11175
0.11132
0.11088
0.11045
0.11001
0.10957
0.10913
0.10868
0.10823
0.10779
0.10734
0.10688
0.10643
0.10597
0.10551
0.10505
0.10459
0.10412
0.10366
0.10319
0.10272
0.10225
0.10177
0.1013
0.10082
0.10034
0.099856
0.099372
0.098887
0.098398
0.097909
0.097417
0.096924
0.096428
0.095932
0.095432
0.094932
0.094428
0.093925
0.093418
0.09291
0.0924
0.091889
0.091375
0.09086
0.090343
0.089825
0.089303
0.088782
0.088257
0.087732
0.087204
0.086676
0.086144
0.085613
0.085078
0.084543
0.084005
0.083467
0.082925
0.082384
0.081839
0.081294
0.080746
0.080198
0.079647
0.079096
0.078542
0.077988
0.07743
0.076873
0.076313
0.075752
0.075189
0.074626
0.07406
0.073493
0.072924
0.072355
0.071783
0.071211
0.070636
0.070061
0.069483
0.068905
0.068325
0.067744
0.067161
0.066578
0.065992
0.065406
0.064818
0.064229
0.063638
0.063047
0.062453
0.06186
0.061264
0.060667
0.060069
0.05947
0.058869
0.058268
0.057665
0.057061
0.056455
0.05585
0.055242
0.054634
0.054023
0.053413
0.052801
0.052188
0.051573
0.050959
0.050342
0.049725
0.049107
0.048488
0.047867
0.047246
0.046623
0.046
0.045376
0.044751
0.044125
0.043498
0.04287
0.042241
0.041611
0.040981
0.040349
0.039717
0.039083
0.038449
0.037814
0.037179
0.036542
0.035905
0.035267
0.034628
0.033988
0.033348
0.032707
0.032066
0.031423
0.03078
0.030136
0.029492
0.028846
0.028201
0.027554
0.026908
0.02626
0.025612
0.024963
0.024314
0.023663
0.023013
0.022362
0.021711
0.021058
0.020406
0.019753
0.0191
0.018446
0.017791
0.017136
0.016481
0.015826
0.01517
0.014513
0.013856
0.013199
0.012542
0.011884
0.011226
0.010567
0.0099086
0.0092495
0.0085902
0.0079306
0.0072708
0.0066107
0.0059505
0.0052899
0.0046293
0.0039684
0.0033074
0.0026462
0.0019848
0.0013233
0.00066172
