-0.0006492
-0.0012983
-0.0019472
-0.0025961
-0.0032448
-0.0038932
-0.0045416
-0.0051898
-0.0058378
-0.0064855
-0.0071331
-0.0077803
-0.0084275
-0.0090742
-0.0097208
-0.010367
-0.011013
-0.011659
-0.012304
-0.012949
-0.013594
-0.014238
-0.014882
-0.015526
-0.016169
-0.016811
-0.017454
-0.018096
-0.018737
-0.019378
-0.020019
-0.020659
-0.021299
-0.021938
-0.022577
-0.023214
-0.023852
-0.024489
-0.025126
-0.025761
-0.026397
-0.027031
-0.027666
-0.028299
-0.028932
-0.029564
-0.030196
-0.030826
-0.031457
-0.032086
-0.032715
-0.033343
-0.033971
-0.034597
-0.035223
-0.035848
-0.036473
-0.037096
-0.037719
-0.038341
-0.038962
-0.039582
-0.040202
-0.04082
-0.041438
-0.042055
-0.042671
-0.043286
-0.0439
-0.044513
-0.045126
-0.045737
-0.046348
-0.046957
-0.047566
-0.048173
-0.04878
-0.049385
-0.04999
-0.050593
-0.051195
-0.051796
-0.052397
-0.052996
-0.053594
-0.054191
-0.054787
-0.055381
-0.055975
-0.056567
-0.057159
-0.057749
-0.058338
-0.058925
-0.059513
-0.060097
-0.060682
-0.061264
-0.061847
-0.062427
-0.063006
-0.063584
-0.064161
-0.064736
-0.06531
-0.065882
-0.066454
-0.067024
-0.067593
-0.06816
-0.068726
-0.06929
-0.069854
-0.070415
-0.070976
-0.071535
-0.072093
-0.072649
-0.073204
-0.073757
-0.074309
-0.074859
-0.075408
-0.075955
-0.076501
-0.077045
-0.077589
-0.078129
-0.07867
-0.079207
-0.079744
-0.080279
-0.080813
-0.081344
-0.081875
-0.082403
-0.082931
-0.083456
-0.08398
-0.084502
-0.085023
-0.085541
-0.086059
-0.086574
-0.087089
-0.0876
-0.088111
-0.088619
-0.089127
-0.089632
-0.090136
-0.090637
-0.091138
-0.091635
-0.092133
-0.092627
-0.093121
-0.093611
-0.094101
-0.094588
-0.095075
-0.095558
-0.096041
-0.09652
-0.096999
-0.097475
-0.097951
-0.098422
-0.098894
-0.099362
-0.09983
-0.10029
-0.10076
-0.10122
-0.10168
-0.10214
-0.10259
-0.10305
-0.1035
-0.10395
-0.1044
-0.10484
-0.10529
-0.10573
-0.10617
-0.1066
-0.10704
-0.10747
-0.10791
-0.10834
-0.10876
-0.10919
-0.10961
-0.11003
-0.11046
-0.11087
-0.11129
-0.1117
-0.11211
-0.11252
-0.11293
-0.11333
-0.11374
-0.11414
-0.11454
-0.11493
-0.11533
-0.11572
-0.11611
-0.1165
-0.11688
-0.11727
-0.11765
-0.11803
-0.1184
-0.11878
-0.11915
-0.11952
-0.11989
-0.12026
-0.12062
-0.12098
-0.12134
-0.1217
-0.12206
-0.12241
-0.12276
-0.12311
-0.12345
-0.1238
-0.12414
-0.12448
-0.12482
-0.12515
-0.12548
-0.12581
-0.12614
-0.12647
-0.12679
-0.12711
-0.12743
-0.12775
-0.12806
-0.12837
-0.12868
-0.12899
-0.1293
-0.1296
-0.1299
-0.1302
-0.1305
-0.13079
-0.13108
-0.13137
-0.13166
-0.13194
-0.13222
-0.1325
-0.13278
-0.13305
-0.13333
-0.13359
-0.13386
-0.13413
-0.13439
-0.13465
-0.13491
-0.13517
-0.13542
-0.13567
-0.13592
-0.13617
-0.13641
-0.13665
-0.13689
-0.13713
-0.13736
-0.13759
-0.13782
-0.13805
-0.13828
-0.1385
-0.13872
-0.13894
-0.13915
-0.13936
-0.13958
-0.13978
-0.13999
-0.14019
-0.14039
-0.14059
-0.14079
-0.14098
-0.14117
-0.14136
-0.14155
-0.14173
-0.14191
-0.14209
-0.14227
-0.14244
-0.14261
-0.14278
-0.14295
-0.14311
-0.14328
-0.14344
-0.1436
-0.14375
-0.1439
-0.14405
-0.1442
-0.14434
-0.14449
-0.14463
-0.14477
-0.1449
-0.14503
-0.14516
-0.14529
-0.14542
-0.14554
-0.14566
-0.14578
-0.1459
-0.14601
-0.14612
-0.14623
-0.14634
-0.14644
-0.14654
-0.14664
-0.14674
-0.14683
-0.14693
-0.14702
-0.1471
-0.14719
-0.14727
-0.14735
-0.14743
-0.1475
-0.14757
-0.14765
-0.14771
-0.14778
-0.14784
-0.1479
-0.14796
-0.14802
-0.14807
-0.14812
-0.14817
-0.14822
-0.14826
-0.1483
-0.14834
-0.14838
-0.14841
-0.14845
-0.14848
-0.1485
-0.14853
-0.14855
-0.14857
-0.14859
-0.1486
-0.14862
-0.14863
-0.14864
-0.14864
-0.14865
-0.14865
-0.14865
-0.14865
-0.14864
-0.14863
-0.14862
-0.14861
-0.1486
-0.14858
-0.14856
-0.14854
-0.14851
-0.14849
-0.14846
-0.14843
-0.1484
-0.14836
-0.14832
-0.14828
-0.14824
-0.14819
-0.14815
-0.1481
-0.14805
-0.14799
-0.14794
-0.14788
-0.14782
-0.14776
-0.14769
-0.14762
-0.14756
-0.14748
-0.14741
-0.14733
-0.14726
-0.14717
-0.14709
-0.14701
-0.14692
-0.14683
-0.14674
-0.14664
-0.14655
-0.14645
-0.14635
-0.14625
-0.14614
-0.14603
-0.14593
-0.14581
-0.1457
-0.14559
-0.14547
-0.14535
-0.14523
-0.1451
-0.14498
-0.14485
-0.14472
-0.14458
-0.14445
-0.14431
-0.14417
-0.14403
-0.14389
-0.14374
-0.1436
-0.14345
-0.1433
-0.14314
-0.14299
-0.14283
-0.14267
-0.14251
-0.14234
-0.14218
-0.14201
-0.14184
-0.14167
-0.14149
-0.14132
-0.14114
-0.14096
-0.14078
-0.14059
-0.14041
-0.14022
-0.14003
-0.13984
-0.13964
-0.13945
-0.13925
-0.13905
-0.13885
-0.13864
-0.13844
-0.13823
-0.13802
-0.13781
-0.1376
-0.13738
-0.13716
-0.13695
-0.13672
-0.1365
-0.13628
-0.13605
-0.13582
-0.13559
-0.13536
-0.13512
-0.13489
-0.13465
-0.13441
-0.13417
-0.13392
-0.13368
-0.13343
-0.13318
-0.13293
-0.13268
-0.13243
-0.13217
-0.13191
-0.13165
-0.13139
-0.13113
-0.13086
-0.1306
-0.13033
-0.13006
-0.12979
-0.12951
-0.12924
-0.12896
-0.12868
-0.1284
-0.12812
-0.12784
-0.12755
-0.12726
-0.12697
-0.12668
-0.12639
-0.1261
-0.1258
-0.1255
-0.1252
-0.1249
-0.1246
-0.1243
-0.12399
-0.12369
-0.12338
-0.12307
-0.12275
-0.12244
-0.12213
-0.12181
-0.12149
-0.12117
-0.12085
-0.12053
-0.1202
-0.11988
-0.11955
-0.11922
-0.11889
-0.11856
-0.11822
-0.11789
-0.11755
-0.11721
-0.11687
-0.11653
-0.11619
-0.11585
-0.1155
-0.11515
-0.11481
-0.11446
-0.1141
-0.11375
-0.1134
-0.11304
-0.11268
-0.11233
-0.11197
-0.11161
-0.11124
-0.11088
-0.11051
-0.11015
-0.10978
-0.10941
-0.10904
-0.10867
-0.10829
-0.10792
-0.10754
-0.10717
-0.10679
-0.10641
-0.10602
-0.10564
-0.10526
-0.10487
-0.10449
-0.1041
-0.10371
-0.10332
-0.10293
-0.10254
-0.10214
-0.10175
-0.10135
-0.10095
-0.10055
-0.10015
-0.09975
-0.099348
-0.098944
-0.09854
-0.098133
-0.097726
-0.097317
-0.096908
-0.096497
-0.096085
-0.095672
-0.095258
-0.094842
-0.094426
-0.094008
-0.09359
-0.093169
-0.092749
-0.092326
-0.091904
-0.091479
-0.091054
-0.090628
-0.090201
-0.089772
-0.089343
-0.088912
-0.088481
-0.088047
-0.087614
-0.087179
-0.086744
-0.086307
-0.08587
-0.08543
-0.084991
-0.08455
-0.084109
-0.083666
-0.083223
-0.082778
-0.082333
-0.081886
-0.081439
-0.08099
-0.080542
-0.080091
-0.07964
-0.079188
-0.078736
-0.078281
-0.077827
-0.077371
-0.076915
-0.076457
-0.076
-0.07554
-0.075081
-0.074619
-0.074158
-0.073695
-0.073233
-0.072768
-0.072304
-0.071837
-0.071371
-0.070903
-0.070436
-0.069966
-0.069497
-0.069026
-0.068555
-0.068083
-0.067611
-0.067137
-0.066663
-0.066187
-0.065712
-0.065235
-0.064758
-0.06428
-0.063802
-0.063322
-0.062842
-0.062361
-0.06188
-0.061397
-0.060915
-0.060431
-0.059947
-0.059462
-0.058977
-0.05849
-0.058004
-0.057516
-0.057028
-0.056539
-0.05605
-0.05556
-0.05507
-0.054578
-0.054087
-0.053594
-0.053102
-0.052608
-0.052114
-0.051619
-0.051125
-0.050628
-0.050133
-0.049635
-0.049138
-0.04864
-0.048142
-0.047643
-0.047144
-0.046643
-0.046143
-0.045642
-0.045141
-0.044638
-0.044136
-0.043633
-0.04313
-0.042626
-0.042122
-0.041616
-0.041112
-0.040606
-0.0401
-0.039593
-0.039086
-0.038579
-0.038071
-0.037563
-0.037054
-0.036545
-0.036036
-0.035526
-0.035016
-0.034505
-0.033995
-0.033483
-0.032972
-0.032459
-0.031947
-0.031434
-0.030922
-0.030408
-0.029895
-0.02938
-0.028866
-0.028351
-0.027837
-0.027321
-0.026806
-0.02629
-0.025774
-0.025258
-0.024742
-0.024224
-0.023708
-0.02319
-0.022673
-0.022154
-0.021637
-0.021118
-0.0206
-0.020081
-0.019562
-0.019043
-0.018524
-0.018004
-0.017484
-0.016964
-0.016444
-0.015924
-0.015403
-0.014882
-0.014362
-0.013841
-0.01332
-0.012798
-0.012277
-0.011756
-0.011234
-0.010712
-0.010191
-0.0096685
-0.0091468
-0.0086243
-0.0081024
-0.0075797
-0.0070577
-0.0065348
-0.0060127
-0.0054897
-0.0049674
-0.0044443
-0.0039219
-0.0033987
-0.0028762
-0.002353
-0.0018305
-0.0013071
-0.00078461
-0.00026128
0.00026128
0.00078461
0.0013071
0.0018305
0.002353
0.0028762
0.0033987
0.0039219
0.0044443
0.0049674
0.0054897
0.0060127
0.0065348
0.0070577
0.0075797
0.0081024
0.0086243
0.0091468
0.0096685
0.010191
0.010712
0.011234
0.011756
0.012277
0.012798
0.01332
0.013841
0.014362
0.014882
0.015403
0.015924
0.016444
0.016964
0.017484
0.018004
0.018524
0.019043
0.019562
0.020081
0.0206
0.021118
0.021637
0.022154
0.022673
0.02319
0.023708
0.024224
0.024742
0.025258
0.025774
0.02629
0.026806
0.027321
0.027837
0.028351
0.028866
0.02938
0.029895
0.030408
0.030922
0.031434
0.031947
0.032459
0.032972
0.033483
0.033995
0.034505
0.035016
0.035526
0.036036
0.036545
0.037054
0.037563
0.038071
0.038579
0.039086
0.039593
0.0401
0.040606
0.041112
0.041616
0.042122
0.042626
0.04313
0.043633
0.044136
0.044638
0.045141
0.045642
0.046143
0.046643
0.047144
0.047643
0.048142
0.04864
0.049138
0.049635
0.050133
0.050628
0.051125
0.051619
0.052114
0.052608
0.053102
0.053594
0.054087
0.054578
0.05507
0.05556
0.05605
0.056539
0.057028
0.057516
0.058004
0.05849
0.058977
0.059462
0.059947
0.060431
0.060915
0.061397
0.06188
0.062361
0.062842
0.063322
0.063802
0.06428
0.064758
0.065235
0.065712
0.066187
0.066663
0.067137
0.067611
0.068083
0.068555
0.069026
0.069497
0.069966
0.070436
0.070903
0.071371
0.071837
0.072304
0.072768
0.073233
0.073695
0.074158
0.074619
0.075081
0.07554
0.076
0.076457
0.076915
0.077371
0.077827
0.078281
0.078736
0.079188
0.07964
0.080091
0.080542
0.08099
0.081439
0.081886
0.082333
0.082778
0.083223
0.083666
0.084109
0.08455
0.084991
0.08543
0.08587
0.086307
0.086744
0.087179
0.087614
0.088047
0.088481
0.088912
0.089343
0.089772
0.090201
0.090628
0.091054
0.091479
0.091904
0.092326
0.092749
0.093169
0.09359
0.094008
0.094426
0.094842
0.095258
0.095672
0.096085
0.096497
0.096908
0.097317
0.097726
0.098133
0.09854
0.098944
0.099348
0.09975
0.10015
0.10055
0.10095
0.10135
0.10175
0.10214
0.10254
0.10293
0.10332
0.10371
0.1041
0.10449
0.10487
0.10526
0.10564
0.10602
0.10641
0.10679
0.10717
0.10754
0.10792
0.10829
0.10867
0.10904
0.10941
0.10978
0.11015
0.11051
0.11088
0.11124
0.11161
0.11197
0.11233
0.11268
0.11304
0.1134
0.11375
0.1141
0.11446
0.11481
0.11515
0.1155
0.11585
0.11619
0.11653
0.11687
0.11721
0.11755
0.11789
0.11822
0.11856
0.11889
0.11922
0.11955
0.11988
0.1202
0.12053
0.12085
0.12117
0.12149
0.12181
0.12213
0.12244
0.12275
0.12307
0.12338
0.12369
0.12399
0.1243
0.1246
0.1249
0.1252
0.1255
0.1258
0.1261
0.12639
0.12668
0.12697
0.12726
0.12755
0.12784
0.12812
0.1284
0.12868
0.12896
0.12924
0.12951
0.12979
0.13006
0.13033
0.1306
0.13086
0.13113
0.13139
0.13165
0.13191
0.13217
0.13243
0.13268
0.13293
0.13318
0.13343
0.13368
0.13392
0.13417
0.13441
0.13465
0.13489
0.13512
0.13536
0.13559
0.13582
0.13605
0.13628
0.1365
0.13672
0.13695
0.13716
0.13738
0.1376
0.13781
0.13802
0.13823
0.13844
0.13864
0.13885
0.13905
0.13925
0.13945
0.13964
0.13984
0.14003
0.14022
0.14041
0.14059
0.14078
0.14096
0.14114
0.14132
0.14149
0.14167
0.14184
0.14201
0.14218
0.14234
0.14251
0.14267
0.14283
0.14299
0.14314
0.1433
0.14345
0.1436
0.14374
0.14389
0.14403
0.14417
0.14431
0.14445
0.14458
0.14472
0.14485
0.14498
0.1451
0.14523
0.14535
0.14547
0.14559
0.1457
0.14581
0.14593
0.14603
0.14614
0.14625
0.14635
0.14645
0.14655
0.14664
0.14674
0.14683
0.14692
0.14701
0.14709
0.14717
0.14726
0.14733
0.14741
0.14748
0.14756
0.14762
0.14769
0.14776
0.14782
0.14788
0.14794
0.14799
0.14805
0.1481
0.14815
0.14819
0.14824
0.14828
0.14832
0.14836
0.1484
0.14843
0.14846
0.14849
0.14851
0.14854
0.14856
0.14858
0.1486
0.14861
0.14862
0.14863
0.14864
0.14865
0.14865
0.14865
0.14865
0.14864
0.14864
0.14863
0.14862
0.1486
0.14859
0.14857
0.14855
0.14853
0.1485
0.14848
0.14845
0.14841
0.14838
0.14834
0.1483
0.14826
0.14822
0.14817
0.14812
0.14807
0.14802
0.14796
0.1479
0.14784
0.14778
0.14771
0.14765
0.14757
0.1475
0.14743
0.14735
0.14727
0.14719
0.1471
0.14702
0.14693
0.14683
0.14674
0.14664
0.14654
0.14644
0.14634
0.14623
0.14612
0.14601
0.1459
0.14578
0.14566
0.14554
0.14542
0.14529
0.14516
0.14503
0.1449
0.14477
0.14463
0.14449
0.14434
0.1442
0.14405
0.1439
0.14375
0.1436
0.14344
0.14328
0.14311
0.14295
0.14278
0.14261
0.14244
0.14227
0.14209
0.14191
0.14173
0.14155
0.14136
0.14117
0.14098
0.14079
0.14059
0.14039
0.14019
0.13999
0.13978
0.13958
0.13936
0.13915
0.13894
0.13872
0.1385
0.13828
0.13805
0.13782
0.13759
0.13736
0.13713
0.13689
0.13665
0.13641
0.13617
0.13592
0.13567
0.13542
0.13517
0.13491
0.13465
0.13439
0.13413
0.13386
0.13359
0.13333
0.13305
0.13278
0.1325
0.13222
0.13194
0.13166
0.13137
0.13108
0.13079
0.1305
0.1302
0.1299
0.1296
0.1293
0.12899
0.12868
0.12837
0.12806
0.12775
0.12743
0.12711
0.12679
0.12647
0.12614
0.12581
0.12548
0.12515
0.12482
0.12448
0.12414
0.1238
0.12345
0.12311
0.12276
0.12241
0.12206
0.1217
0.12134
0.12098
0.12062
0.12026
0.11989
0.11952
0.11915
0.11878
0.1184
0.11803
0.11765
0.11727
0.11688
0.1165
0.11611
0.11572
0.11533
0.11493
0.11454
0.11414
0.11374
0.11333
0.11293
0.11252
0.11211
0.1117
0.11129
0.11087
0.11046
0.11003
0.10961
0.10919
0.10876
0.10834
0.10791
0.10747
0.10704
0.1066
0.10617
0.10573
0.10529
0.10484
0.1044
0.10395
0.1035
0.10305
0.10259
0.10214
0.10168
0.10122
0.10076
0.10029
0.09983
0.099362
0.098894
0.098422
0.097951
0.097475
0.096999
0.09652
0.096041
0.095558
0.095075
0.094588
0.094101
0.093611
0.093121
0.092627
0.092133
0.091635
0.091138
0.090637
0.090136
0.089632
0.089127
0.088619
0.088111
0.0876
0.087089
0.086574
0.086059
0.085541
0.085023
0.084502
0.08398
0.083456
0.082931
0.082403
0.081875
0.081344
0.080813
0.080279
0.079744
0.079207
0.07867
0.078129
0.077589
0.077045
0.076501
0.075955
0.075408
0.074859
0.074309
0.073757
0.073204
0.072649
0.072093
0.071535
0.070976
0.070415
0.069854
0.06929
0.068726
0.06816
0.067593
0.067024
0.066454
0.065882
0.06531
0.064736
0.064161
0.063584
0.063006
0.062427
0.061847
0.061264
0.060682
0.060097
0.059513
0.058925
0.058338
0.057749
0.057159
0.056567
0.055975
0.055381
0.054787
0.054191
0.053594
0.052996
0.052397
0.051796
0.051195
0.050593
0.04999
0.049385
0.04878
0.048173
0.047566
0.046957
0.046348
0.045737
0.045126
0.044513
0.0439
0.043286
0.042671
0.042055
0.041438
0.04082
0.040202
0.039582
0.038962
0.038341
0.037719
0.037096
0.036473
0.035848
0.035223
0.034597
0.033971
0.033343
0.032715
0.032086
0.031457
0.030826
0.030196
0.029564
0.028932
0.028299
0.027666
0.027031
0.026397
0.025761
0.025126
0.024489
0.023852
0.023214
0.022577
0.021938
0.021299
0.020659
0.020019
0.019378
0.018737
0.018096
0.017454
0.016811
0.016169
0.015526
0.014882
0.014238
0.013594
0.012949
0.012304
0.011659
0.011013
0.010367
0.0097208
0.0090742
0.0084275
0.0077803
0.0071331
0.0064855
0.0058378
0.0051898
0.0045416
0.0038932
0.0032448
0.0025961
0.0019472
0.0012983
0.0006492
