-0.0022014
-0.0028287
-0.0031589
-0.0033686
-0.0035148
-0.0036226
-0.003705
-0.0037698
-0.0038217
-0.0038638
-0.0038984
-0.0039271
-0.0039509
-0.0039709
-0.0039876
-0.0040017
-0.0040134
-0.0040233
-0.0040314
-0.0040382
-0.0040437
-0.0040481
-0.0040516
-0.0040542
-0.0040561
-0.0040574
-0.004058
-0.0040582
-0.0040578
-0.0040571
-0.004056
-0.0040545
-0.0040528
-0.0040507
-0.0040484
-0.0040459
-0.0040431
-0.0040402
-0.0040371
-0.0040338
-0.0040304
-0.0040268
-0.0040231
-0.0040193
-0.0040154
-0.0040114
-0.0040073
-0.0040031
-0.0039989
-0.0039945
-0.0039901
-0.0039856
-0.0039811
-0.0039765
-0.0039719
-0.0039672
-0.0039625
-0.0039578
-0.003953
-0.0039481
-0.0039432
-0.0039383
-0.0039334
-0.0039285
-0.0039235
-0.0039185
-0.0039134
-0.0039084
-0.0039033
-0.0038982
-0.0038931
-0.003888
-0.0038828
-0.0038777
-0.0038725
-0.0038673
-0.0038621
-0.0038569
-0.0038517
-0.0038464
-0.0038412
-0.003836
-0.0038307
-0.0038254
-0.0038202
-0.0038149
-0.0038096
-0.0038043
-0.003799
-0.0037937
-0.0037884
-0.003783
-0.0037777
-0.0037724
-0.003767
-0.0037617
-0.0037564
-0.003751
-0.0037457
-0.0037403
-0.0037349
-0.0037296
-0.0037242
-0.0037189
-0.0037135
-0.0037081
-0.0037027
-0.0036974
-0.003692
-0.0036866
-0.0036812
-0.0036758
-0.0036704
-0.003665
-0.0036597
-0.0036543
-0.0036489
-0.0036435
-0.0036381
-0.0036327
-0.0036273
-0.0036219
-0.0036165
-0.0036111
-0.0036057
-0.0036003
-0.0035948
-0.0035894
-0.003584
-0.0035786
-0.0035732
-0.0035678
-0.0035624
-0.003557
-0.0035516
-0.0035462
-0.0035407
-0.0035353
-0.0035299
-0.0035245
-0.0035191
-0.0035137
-0.0035082
-0.0035028
-0.0034974
-0.003492
-0.0034866
-0.0034812
-0.0034757
-0.0034703
-0.0034649
-0.0034595
-0.0034541
-0.0034486
-0.0034432
-0.0034378
-0.0034324
-0.0034269
-0.0034215
-0.0034161
-0.0034107
-0.0034053
-0.0033998
-0.0033944
-0.003389
-0.0033836
-0.0033781
-0.0033727
-0.0033673
-0.0033619
-0.0033564
-0.003351
-0.0033456
-0.0033402
-0.0033347
-0.0033293
-0.0033239
-0.0033185
-0.003313
-0.0033076
-0.0033022
-0.0032968
-0.0032913
-0.0032859
-0.0032805
-0.0032751
-0.0032696
-0.0032642
-0.0032588
-0.0032534
-0.0032479
-0.0032425
-0.0032371
-0.0032316
-0.0032262
-0.0032208
-0.0032154
-0.0032099
-0.0032045
-0.0031991
-0.0031937
-0.0031882
-0.0031828
-0.0031774
-0.003172
-0.0031665
-0.0031611
-0.0031557
-0.0031502
-0.0031448
-0.0031394
-0.003134
-0.0031285
-0.0031231
-0.0031177
-0.0031123
-0.0031068
-0.0031014
-0.003096
-0.0030905
-0.0030851
-0.0030797
-0.0030743
-0.0030688
-0.0030634
-0.003058
-0.0030526
-0.0030471
-0.0030417
-0.0030363
-0.0030308
-0.0030254
-0.00302
-0.0030146
-0.0030091
-0.0030037
-0.0029983
-0.0029929
-0.0029874
-0.002982
-0.0029766
-0.0029711
-0.0029657
-0.0029603
-0.0029549
-0.0029494
-0.002944
-0.0029386
-0.0029332
-0.0029277
-0.0029223
-0.0029169
-0.0029114
-0.002906
-0.0029006
-0.0028952
-0.0028897
-0.0028843
-0.0028789
-0.0028734
-0.002868
-0.0028626
-0.0028572
-0.0028517
-0.0028463
-0.0028409
-0.0028355
-0.00283
-0.0028246
-0.0028192
-0.0028137
-0.0028083
-0.0028029
-0.0027975
-0.002792
-0.0027866
-0.0027812
-0.0027757
-0.0027703
-0.0027649
-0.0027595
-0.002754
-0.0027486
-0.0027432
-0.0027378
-0.0027323
-0.0027269
-0.0027215
-0.002716
-0.0027106
-0.0027052
-0.0026998
-0.0026943
-0.0026889
-0.0026835
-0.002678
-0.0026726
-0.0026672
-0.0026618
-0.0026563
-0.0026509
-0.0026455
-0.0026401
-0.0026346
-0.0026292
-0.0026238
-0.0026183
-0.0026129
-0.0026075
-0.0026021
-0.0025966
-0.0025912
-0.0025858
-0.0025803
-0.0025749
-0.0025695
-0.0025641
-0.0025586
-0.0025532
-0.0025478
-0.0025424
-0.0025369
-0.0025315
-0.0025261
-0.0025206
-0.0025152
-0.0025098
-0.0025044
-0.0024989
-0.0024935
-0.0024881
-0.0024826
-0.0024772
-0.0024718
-0.0024664
-0.0024609
-0.0024555
-0.0024501
-0.0024447
-0.0024392
-0.0024338
-0.0024284
-0.0024229
-0.0024175
-0.0024121
-0.0024067
-0.0024012
-0.0023958
-0.0023904
-0.002385
-0.0023795
-0.0023741
-0.0023687
-0.0023632
-0.0023578
-0.0023524
-0.002347
-0.0023415
-0.0023361
-0.0023307
-0.0023252
-0.0023198
-0.0023144
-0.002309
-0.0023035
-0.0022981
-0.0022927
-0.0022873
-0.0022818
-0.0022764
-0.002271
-0.0022655
-0.0022601
-0.0022547
-0.0022493
-0.0022438
-0.0022384
-0.002233
-0.0022275
-0.0022221
-0.0022167
-0.0022113
-0.0022058
-0.0022004
-0.002195
-0.0021896
-0.0021841
-0.0021787
-0.0021733
-0.0021678
-0.0021624
-0.002157
-0.0021516
-0.0021461
-0.0021407
-0.0021353
-0.0021298
-0.0021244
-0.002119
-0.0021136
-0.0021081
-0.0021027
-0.0020973
-0.0020919
-0.0020864
-0.002081
-0.0020756
-0.0020701
-0.0020647
-0.0020593
-0.0020539
-0.0020484
-0.002043
-0.0020376
-0.0020321
-0.0020267
-0.0020213
-0.0020159
-0.0020104
-0.002005
-0.0019996
-0.0019942
-0.0019887
-0.0019833
-0.0019779
-0.0019724
-0.001967
-0.0019616
-0.0019562
-0.0019507
-0.0019453
-0.0019399
-0.0019344
-0.001929
-0.0019236
-0.0019182
-0.0019127
-0.0019073
-0.0019019
-0.0018965
-0.001891
-0.0018856
-0.0018802
-0.0018747
-0.0018693
-0.0018639
-0.0018585
-0.001853
-0.0018476
-0.0018422
-0.0018367
-0.0018313
-0.0018259
-0.0018205
-0.001815
-0.0018096
-0.0018042
-0.0017988
-0.0017933
-0.0017879
-0.0017825
-0.001777
-0.0017716
-0.0017662
-0.0017608
-0.0017553
-0.0017499
-0.0017445
-0.001739
-0.0017336
-0.0017282
-0.0017228
-0.0017173
-0.0017119
-0.0017065
-0.0017011
-0.0016956
-0.0016902
-0.0016848
-0.0016793
-0.0016739
-0.0016685
-0.0016631
-0.0016576
-0.0016522
-0.0016468
-0.0016413
-0.0016359
-0.0016305
-0.0016251
-0.0016196
-0.0016142
-0.0016088
-0.0016034
-0.0015979
-0.0015925
-0.0015871
-0.0015816
-0.0015762
-0.0015708
-0.0015654
-0.0015599
-0.0015545
-0.0015491
-0.0015436
-0.0015382
-0.0015328
-0.0015274
-0.0015219
-0.0015165
-0.0015111
-0.0015057
-0.0015002
-0.0014948
-0.0014894
-0.0014839
-0.0014785
-0.0014731
-0.0014677
-0.0014622
-0.0014568
-0.0014514
-0.001446
-0.0014405
-0.0014351
-0.0014297
-0.0014242
-0.0014188
-0.0014134
-0.001408
-0.0014025
-0.0013971
-0.0013917
-0.0013862
-0.0013808
-0.0013754
-0.00137
-0.0013645
-0.0013591
-0.0013537
-0.0013483
-0.0013428
-0.0013374
-0.001332
-0.0013265
-0.0013211
-0.0013157
-0.0013103
-0.0013048
-0.0012994
-0.001294
-0.0012885
-0.0012831
-0.0012777
-0.0012723
-0.0012668
-0.0012614
-0.001256
-0.0012506
-0.0012451
-0.0012397
-0.0012343
-0.0012288
-0.0012234
-0.001218
-0.0012126
-0.0012071
-0.0012017
-0.0011963
-0.0011909
-0.0011854
-0.00118
-0.0011746
-0.0011691
-0.0011637
-0.0011583
-0.0011529
-0.0011474
-0.001142
-0.0011366
-0.0011312
-0.0011257
-0.0011203
-0.0011149
-0.0011094
-0.001104
-0.0010986
-0.0010932
-0.0010877
-0.0010823
-0.0010769
-0.0010715
-0.001066
-0.0010606
-0.0010552
-0.0010497
-0.0010443
-0.0010389
-0.0010335
-0.001028
-0.0010226
-0.0010172
-0.0010118
-0.0010063
-0.0010009
-0.00099547
-0.00099004
-0.00098462
-0.00097919
-0.00097376
-0.00096834
-0.00096291
-0.00095748
-0.00095205
-0.00094663
-0.0009412
-0.00093577
-0.00093035
-0.00092492
-0.00091949
-0.00091407
-0.00090864
-0.00090321
-0.00089779
-0.00089236
-0.00088693
-0.0008815
-0.00087608
-0.00087065
-0.00086522
-0.0008598
-0.00085437
-0.00084894
-0.00084352
-0.00083809
-0.00083266
-0.00082724
-0.00082181
-0.00081639
-0.00081096
-0.00080553
-0.00080011
-0.00079468
-0.00078925
-0.00078383
-0.0007784
-0.00077297
-0.00076755
-0.00076212
-0.0007567
-0.00075127
-0.00074584
-0.00074042
-0.00073499
-0.00072956
-0.00072414
-0.00071871
-0.00071329
-0.00070786
-0.00070244
-0.00069701
-0.00069158
-0.00068616
-0.00068073
-0.00067531
-0.00066988
-0.00066445
-0.00065903
-0.0006536
-0.00064818
-0.00064275
-0.00063733
-0.0006319
-0.00062648
-0.00062105
-0.00061563
-0.0006102
-0.00060478
-0.00059935
-0.00059393
-0.0005885
-0.00058308
-0.00057765
-0.00057223
-0.0005668
-0.00056138
-0.00055595
-0.00055053
-0.0005451
-0.00053968
-0.00053425
-0.00052883
-0.00052341
-0.00051798
-0.00051256
-0.00050713
-0.00050171
-0.00049628
-0.00049086
-0.00048544
-0.00048001
-0.00047459
-0.00046917
-0.00046374
-0.00045832
-0.00045289
-0.00044747
-0.00044205
-0.00043662
-0.0004312
-0.00042578
-0.00042036
-0.00041493
-0.00040951
-0.00040409
-0.00039866
-0.00039324
-0.00038782
-0.0003824
-0.00037698
-0.00037155
-0.00036613
-0.00036071
-0.00035529
-0.00034987
-0.00034444
-0.00033902
-0.0003336
-0.00032818
-0.00032276
-0.00031734
-0.00031192
-0.00030649
-0.00030107
-0.00029565
-0.00029023
-0.00028481
-0.00027939
-0.00027397
-0.00026855
-0.00026313
-0.00025771
-0.00025229
-0.00024687
-0.00024145
-0.00023603
-0.00023061
-0.0002252
-0.00021978
-0.00021436
-0.00020894
-0.00020352
-0.0001981
-0.00019268
-0.00018727
-0.00018185
-0.00017643
-0.00017101
-0.0001656
-0.00016018
-0.00015476
-0.00014934
-0.00014393
-0.00013851
-0.0001331
-0.00012768
-0.00012226
-0.00011685
-0.00011143
-0.00010602
-0.0001006
-9.5186e-05
-8.9772e-05
-8.4357e-05
-7.8943e-05
-7.3528e-05
-6.8114e-05
-6.2701e-05
-5.7287e-05
-5.1874e-05
-4.6461e-05
-4.1048e-05
-3.5635e-05
-3.0223e-05
-2.4811e-05
-1.9399e-05
-1.3987e-05
-8.5758e-06
-3.1646e-06
2.2463e-06
7.657e-06
1.3067e-05
1.8478e-05
2.3887e-05
2.9297e-05
3.4706e-05
4.0115e-05
4.5524e-05
5.0933e-05
5.6341e-05
6.1749e-05
6.7156e-05
7.2564e-05
7.7971e-05
8.3377e-05
8.8784e-05
9.419e-05
9.9596e-05
0.000105
0.00011041
0.00011581
0.00012122
0.00012662
0.00013202
0.00013743
0.00014283
0.00014823
0.00015363
0.00015904
0.00016444
0.00016984
0.00017524
0.00018064
0.00018604
0.00019144
0.00019684
0.00020224
0.00020764
0.00021303
0.00021843
0.00022383
0.00022923
0.00023462
0.00024002
0.00024541
0.00025081
0.0002562
0.0002616
0.00026699
0.00027238
0.00027778
0.00028317
0.00028856
0.00029395
0.00029934
0.00030473
0.00031012
0.00031551
0.0003209
0.00032628
0.00033167
0.00033706
0.00034244
0.00034783
0.00035322
0.0003586
0.00036398
0.00036937
0.00037475
0.00038013
0.00038551
0.00039089
0.00039627
0.00040165
0.00040703
0.00041241
0.00041779
0.00042316
0.00042854
0.00043392
0.00043929
0.00044466
0.00045004
0.00045541
0.00046078
0.00046615
0.00047152
0.00047689
0.00048226
0.00048763
0.000493
0.00049836
0.00050373
0.00050909
0.00051446
0.00051982
0.00052518
0.00053055
0.00053591
0.00054127
0.00054663
0.00055198
0.00055734
0.0005627
0.00056805
0.00057341
0.00057876
0.00058411
0.00058946
0.00059481
0.00060016
0.00060551
0.00061086
0.00061621
0.00062155
0.0006269
0.00063224
0.00063758
0.00064292
0.00064826
0.0006536
0.00065894
0.00066428
0.00066961
0.00067495
0.00068028
0.00068561
0.00069094
0.00069627
0.0007016
0.00070693
0.00071225
0.00071758
0.0007229
0.00072822
0.00073354
0.00073886
0.00074418
0.0007495
0.00075481
0.00076013
0.00076544
0.00077075
0.00077606
0.00078137
0.00078668
0.00079198
0.00079729
0.00080259
0.00080789
0.00081319
0.00081849
0.00082379
0.00082908
0.00083437
0.00083967
0.00084496
0.00085025
0.00085553
0.00086082
0.0008661
0.00087138
0.00087666
0.00088194
0.00088722
0.00089249
0.00089777
0.00090304
0.00090831
0.00091357
0.00091884
0.0009241
0.00092936
0.00093462
0.00093988
0.00094514
0.00095039
0.00095564
0.00096089
0.00096614
0.00097139
0.00097663
0.00098187
0.00098711
0.00099235
0.00099758
0.0010028
0.001008
0.0010133
0.0010185
0.0010237
0.0010289
0.0010342
0.0010394
0.0010446
0.0010498
0.001055
0.0010602
0.0010654
0.0010706
0.0010758
0.001081
0.0010862
0.0010914
0.0010966
0.0011018
0.001107
0.0011122
0.0011173
0.0011225
0.0011277
0.0011329
0.001138
0.0011432
0.0011484
0.0011535
0.0011587
0.0011638
0.001169
0.0011741
0.0011793
0.0011844
0.0011895
0.0011947
0.0011998
0.0012049
0.0012101
0.0012152
0.0012203
0.0012254
0.0012305
0.0012356
0.0012407
0.0012458
0.0012509
0.001256
0.0012611
0.0012662
0.0012713
0.0012764
0.0012814
0.0012865
0.0012916
0.0012967
0.0013017
0.0013068
0.0013118
0.0013169
0.0013219
0.001327
0.001332
0.001337
0.0013421
0.0013471
0.0013521
0.0013571
0.0013621
0.0013671
0.0013721
0.0013771
0.0013821
0.0013871
0.0013921
0.0013971
0.0014021
0.0014071
0.001412
0.001417
0.0014219
0.0014269
0.0014318
0.0014368
0.0014417
0.0014467
0.0014516
0.0014565
0.0014614
0.0014663
0.0014713
0.0014762
0.0014811
0.0014859
0.0014908
0.0014957
0.0015006
0.0015055
0.0015103
0.0015152
0.00152
0.0015249
0.0015297
0.0015346
0.0015394
0.0015442
0.0015491
0.0015539
0.0015587
0.0015635
0.0015683
0.0015731
0.0015778
0.0015826
0.0015874
0.0015922
0.0015969
0.0016017
0.0016064
0.0016111
0.0016159
0.0016206
0.0016253
0.00163
0.0016347
0.0016394
0.0016441
0.0016488
0.0016535
0.0016581
0.0016628
0.0016675
0.0016721
0.0016768
0.0016814
0.001686
0.0016906
0.0016952
0.0016998
0.0017044
0.001709
0.0017136
0.0017182
0.0017227
0.0017273
0.0017318
0.0017364
0.0017409
0.0017454
0.0017499
0.0017544
0.0017589
0.0017634
0.0017679
0.0017724
0.0017768
0.0017813
0.0017857
0.0017901
0.0017946
0.001799
0.0018034
0.0018078
0.0018122
0.0018165
0.0018209
0.0018253
0.0018296
0.001834
0.0018383
0.0018426
0.0018469
0.0018512
0.0018555
0.0018598
0.001864
0.0018683
0.0018725
0.0018768
0.001881
0.0018852
0.0018894
0.0018936
0.0018978
0.001902
0.0019061
0.0019103
0.0019144
0.0019185
0.0019226
0.0019267
0.0019308
0.0019349
0.001939
0.001943
0.0019471
0.0019511
0.0019551
0.0019591
0.0019631
0.0019671
0.0019711
0.001975
0.001979
0.0019829
0.0019868
0.0019907
0.0019946
0.0019985
0.0020023
0.0020062
0.00201
0.0020138
0.0020177
0.0020214
0.0020252
0.002029
0.0020327
0.0020365
0.0020402
0.0020439
0.0020476
0.0020513
0.0020549
0.0020586
0.0020622
0.0020658
0.0020695
0.002073
0.0020766
0.0020802
0.0020837
0.0020872
0.0020907
0.0020942
0.0020977
0.0021012
0.0021046
0.002108
0.0021114
0.0021148
0.0021182
0.0021216
0.0021249
0.0021282
0.0021316
0.0021348
0.0021381
0.0021414
0.0021446
0.0021478
0.002151
0.0021542
0.0021574
0.0021605
0.0021636
0.0021667
0.0021698
0.0021729
0.0021759
0.002179
0.002182
0.002185
0.0021879
0.0021909
0.0021938
0.0021967
0.0021996
0.0022025
0.0022053
0.0022082
0.002211
0.0022138
0.0022165
0.0022193
0.002222
0.0022247
0.0022274
0.00223
0.0022326
0.0022353
0.0022378
0.0022404
0.002243
0.0022455
0.002248
0.0022504
0.0022529
0.0022553
0.0022577
0.0022601
0.0022625
0.0022648
0.0022671
0.0022694
0.0022716
0.0022739
0.0022761
0.0022782
0.0022804
0.0022825
0.0022846
0.0022867
0.0022888
0.0022908
0.0022928
0.0022948
0.0022967
0.0022986
0.0023005
0.0023024
0.0023042
0.002306
0.0023078
0.0023096
0.0023113
0.002313
0.0023146
0.0023163
0.0023179
0.0023195
0.002321
0.0023225
0.002324
0.0023255
0.0023269
0.0023283
0.0023297
0.002331
0.0023323
0.0023336
0.0023348
0.0023361
0.0023372
0.0023384
0.0023395
0.0023406
0.0023416
0.0023426
0.0023436
0.0023446
0.0023455
0.0023464
0.0023472
0.002348
0.0023488
0.0023496
0.0023503
0.002351
0.0023516
0.0023522
0.0023528
0.0023533
0.0023538
0.0023543
0.0023547
0.0023551
0.0023554
0.0023557
0.002356
0.0023562
0.0023564
0.0023566
0.0023567
0.0023568
0.0023568
0.0023568
0.0023568
0.0023567
0.0023566
0.0023564
0.0023562
0.002356
0.0023557
0.0023554
0.002355
0.0023546
0.0023541
0.0023536
0.0023531
0.0023525
0.0023519
0.0023512
0.0023505
0.0023498
0.002349
0.0023481
0.0023472
0.0023463
0.0023453
0.0023443
0.0023432
0.0023421
0.0023409
0.0023397
0.0023384
0.0023371
0.0023358
0.0023344
0.0023329
0.0023314
0.0023298
0.0023282
0.0023266
0.0023249
0.0023231
0.0023213
0.0023195
0.0023176
0.0023156
0.0023136
0.0023115
0.0023094
0.0023072
0.002305
0.0023027
0.0023004
0.002298
0.0022956
0.0022931
0.0022905
0.0022879
0.0022853
0.0022825
0.0022798
0.0022769
0.002274
0.0022711
0.0022681
0.002265
0.0022619
0.0022587
0.0022555
0.0022522
0.0022488
0.0022454
0.0022419
0.0022383
0.0022347
0.0022311
0.0022273
0.0022235
0.0022197
0.0022157
0.0022117
0.0022077
0.0022036
0.0021994
0.0021951
0.0021908
0.0021864
0.002182
0.0021775
0.0021729
0.0021682
0.0021635
0.0021587
0.0021539
0.0021489
0.0021439
0.0021389
0.0021337
0.0021285
0.0021232
0.0021179
0.0021124
0.0021069
0.0021014
0.0020957
0.00209
0.0020842
0.0020783
0.0020723
0.0020663
0.0020602
0.002054
0.0020478
0.0020414
0.002035
0.0020285
0.0020219
0.0020153
0.0020086
0.0020017
0.0019948
0.0019879
0.0019808
0.0019736
0.0019664
0.0019591
0.0019517
0.0019442
0.0019366
0.001929
0.0019213
0.0019134
0.0019055
0.0018975
0.0018894
0.0018812
0.001873
0.0018646
0.0018562
0.0018476
0.001839
0.0018303
0.0018214
0.0018125
0.0018035
0.0017944
0.0017852
0.0017759
0.0017665
0.0017571
0.0017475
0.0017378
0.001728
0.0017182
0.0017082
0.0016981
0.0016879
0.0016777
0.0016673
0.0016568
0.0016462
0.0016355
0.0016247
0.0016138
0.0016028
0.0015917
0.0015805
0.0015692
0.0015578
0.0015462
0.0015346
0.0015228
0.001511
0.001499
0.0014869
0.0014747
0.0014624
0.00145
0.0014374
0.0014248
0.001412
0.0013991
0.0013861
0.001373
0.0013598
0.0013464
0.0013329
0.0013193
0.0013056
0.0012918
0.0012778
0.0012637
0.0012495
0.0012352
0.0012207
0.0012062
0.0011915
0.0011766
0.0011616
0.0011466
0.0011313
0.001116
0.0011005
0.0010849
0.0010691
0.0010533
0.0010372
0.0010211
0.0010048
0.00098839
0.00097183
0.00095514
0.00093831
0.00092133
0.00090422
0.00088697
0.00086958
0.00085204
0.00083436
0.00081653
0.00079857
0.00078045
0.0007622
0.00074377
0.00072524
0.00070651
0.00068768
0.00066865
0.00064952
0.00063018
0.00061075
0.0005911
0.00057136
0.0005514
0.00053135
0.00051107
0.00049071
0.00047012
0.00044943
0.00042852
0.00040751
0.00038628
0.00036493
0.00034339
0.00032169
0.00029984
0.00027778
0.00025561
0.0002332
0.00021071
0.00018794
0.00016512
0.000142
0.00011883
9.5371e-05
7.183e-05
4.804e-05
2.4122e-05
