-0.049641
-0.064716
-0.072917
-0.078193
-0.081854
-0.084496
-0.086439
-0.087873
-0.088921
-0.089669
-0.090177
-0.090487
-0.090635
-0.090646
-0.09054
-0.090335
-0.090044
-0.089677
-0.089245
-0.088755
-0.088214
-0.087628
-0.087002
-0.08634
-0.085645
-0.084922
-0.084173
-0.083401
-0.082608
-0.081796
-0.080968
-0.080124
-0.079268
-0.078399
-0.077519
-0.076629
-0.075731
-0.074826
-0.073914
-0.072996
-0.072073
-0.071146
-0.070215
-0.069282
-0.068346
-0.067408
-0.066468
-0.065528
-0.064588
-0.063647
-0.062707
-0.061768
-0.06083
-0.059893
-0.058958
-0.058026
-0.057095
-0.056167
-0.055242
-0.054321
-0.053402
-0.052487
-0.051576
-0.050669
-0.049766
-0.048867
-0.047973
-0.047083
-0.046199
-0.045319
-0.044445
-0.043575
-0.042712
-0.041853
-0.041001
-0.040154
-0.039313
-0.038478
-0.037649
-0.036827
-0.03601
-0.035201
-0.034397
-0.033601
-0.032811
-0.032027
-0.031251
-0.030482
-0.029719
-0.028964
-0.028216
-0.027475
-0.026741
-0.026015
-0.025297
-0.024585
-0.023882
-0.023186
-0.022498
-0.021817
-0.021144
-0.02048
-0.019823
-0.019174
-0.018533
-0.0179
-0.017276
-0.016659
-0.016051
-0.015451
-0.014859
-0.014276
-0.013701
-0.013135
-0.012577
-0.012028
-0.011487
-0.010955
-0.010431
-0.0099166
-0.0094106
-0.0089133
-0.0084249
-0.0079454
-0.0074747
-0.007013
-0.0065602
-0.0061165
-0.0056818
-0.0052561
-0.0048396
-0.0044322
-0.0040339
-0.0036449
-0.0032651
-0.0028945
-0.0025333
-0.0021814
-0.0018388
-0.0015056
-0.0011819
-0.00086759
-0.00056277
-0.00026746
1.8318e-05
0.00029453
0.00056115
0.00081814
0.0010655
0.0013032
0.0015311
0.0017494
0.0019578
0.0021565
0.0023454
0.0025244
0.0026936
0.0028529
0.0030022
0.0031417
0.0032711
0.0033906
0.0035
0.0035994
0.0036888
0.003768
0.0038371
0.0038961
0.0039449
0.0039836
0.004012
0.0040302
0.0040381
0.0040357
0.004023
0.004
0.0039666
0.0039229
0.0038687
0.0038042
0.0037291
0.0036437
0.0035477
0.0034412
0.0033241
0.0031965
0.0030583
0.0029095
0.0027501
0.00258
0.0023993
0.0022078
0.0020057
0.0017928
0.0015692
0.0013346
0.0010895
0.00083332
0.00056652
0.00028865
