-0.15187
-0.20167
-0.23095
-0.25138
-0.26689
-0.27924
-0.2894
-0.29796
-0.30529
-0.31164
-0.3172
-0.32212
-0.32649
-0.33039
-0.3339
-0.33706
-0.33991
-0.3425
-0.34484
-0.34698
-0.34892
-0.3507
-0.35231
-0.35379
-0.35514
-0.35636
-0.35748
-0.3585
-0.35943
-0.36027
-0.36104
-0.36173
-0.36235
-0.36291
-0.36342
-0.36386
-0.36426
-0.36461
-0.36491
-0.36517
-0.36539
-0.36558
-0.36573
-0.36584
-0.36593
-0.36598
-0.36601
-0.36601
-0.36599
-0.36595
-0.36588
-0.36579
-0.36568
-0.36555
-0.36541
-0.36525
-0.36507
-0.36487
-0.36467
-0.36444
-0.36421
-0.36396
-0.3637
-0.36343
-0.36315
-0.36286
-0.36256
-0.36224
-0.36192
-0.3616
-0.36126
-0.36092
-0.36056
-0.3602
-0.35984
-0.35947
-0.35909
-0.35871
-0.35832
-0.35792
-0.35752
-0.35712
-0.35671
-0.35629
-0.35587
-0.35545
-0.35502
-0.35459
-0.35416
-0.35372
-0.35328
-0.35283
-0.35239
-0.35194
-0.35148
-0.35103
-0.35057
-0.35011
-0.34964
-0.34918
-0.34871
-0.34824
-0.34777
-0.34729
-0.34682
-0.34634
-0.34586
-0.34538
-0.34489
-0.34441
-0.34392
-0.34344
-0.34295
-0.34246
-0.34197
-0.34147
-0.34098
-0.34049
-0.33999
-0.33949
-0.339
-0.3385
-0.338
-0.3375
-0.337
-0.33649
-0.33599
-0.33549
-0.33498
-0.33448
-0.33397
-0.33346
-0.33296
-0.33245
-0.33194
-0.33143
-0.33092
-0.33041
-0.3299
-0.32939
-0.32888
-0.32837
-0.32785
-0.32734
-0.32683
-0.32631
-0.3258
-0.32529
-0.32477
-0.32426
-0.32374
-0.32323
-0.32271
-0.32219
-0.32168
-0.32116
-0.32064
-0.32013
-0.31961
-0.31909
-0.31857
-0.31806
-0.31754
-0.31702
-0.3165
-0.31598
-0.31546
-0.31494
-0.31442
-0.3139
-0.31338
-0.31286
-0.31234
-0.31182
-0.3113
-0.31078
-0.31026
-0.30974
-0.30922
-0.3087
-0.30818
-0.30766
-0.30714
-0.30661
-0.30609
-0.30557
-0.30505
-0.30453
-0.30401
-0.30349
-0.30296
-0.30244
-0.30192
-0.3014
-0.30088
-0.30035
-0.29983
-0.29931
-0.29879
-0.29826
-0.29774
-0.29722
-0.2967
-0.29617
-0.29565
-0.29513
-0.2946
-0.29408
-0.29356
-0.29304
-0.29251
-0.29199
-0.29147
-0.29094
-0.29042
-0.2899
-0.28937
-0.28885
-0.28833
-0.2878
-0.28728
-0.28676
-0.28624
-0.28571
-0.28519
-0.28466
-0.28414
-0.28362
-0.28309
-0.28257
-0.28205
-0.28152
-0.281
-0.28048
-0.27995
-0.27943
-0.27891
-0.27838
-0.27786
-0.27734
-0.27681
-0.27629
-0.27576
-0.27524
-0.27472
-0.27419
-0.27367
-0.27315
-0.27262
-0.2721
-0.27158
-0.27105
-0.27053
-0.27
-0.26948
-0.26896
-0.26843
-0.26791
-0.26738
-0.26686
-0.26634
-0.26581
-0.26529
-0.26477
-0.26424
-0.26372
-0.26319
-0.26267
-0.26215
-0.26162
-0.2611
-0.26057
-0.26005
-0.25953
-0.259
-0.25848
-0.25796
-0.25743
-0.25691
-0.25638
-0.25586
-0.25534
-0.25481
-0.25429
-0.25376
-0.25324
-0.25272
-0.25219
-0.25167
-0.25114
-0.25062
-0.2501
-0.24957
-0.24905
-0.24852
-0.248
-0.24748
-0.24695
-0.24643
-0.2459
-0.24538
-0.24486
-0.24433
-0.24381
-0.24329
-0.24276
-0.24224
-0.24171
-0.24119
-0.24067
-0.24014
-0.23962
-0.23909
-0.23857
-0.23805
-0.23752
-0.237
-0.23647
-0.23595
-0.23543
-0.2349
-0.23438
-0.23385
-0.23333
-0.23281
-0.23228
-0.23176
-0.23123
-0.23071
-0.23019
-0.22966
-0.22914
-0.22861
-0.22809
-0.22757
-0.22704
-0.22652
-0.22599
-0.22547
-0.22495
-0.22442
-0.2239
-0.22337
-0.22285
-0.22233
-0.2218
-0.22128
-0.22075
-0.22023
-0.21971
-0.21918
-0.21866
-0.21813
-0.21761
-0.21709
-0.21656
-0.21604
-0.21551
-0.21499
-0.21447
-0.21394
-0.21342
-0.21289
-0.21237
-0.21185
-0.21132
-0.2108
-0.21027
-0.20975
-0.20923
-0.2087
-0.20818
-0.20765
-0.20713
-0.20661
-0.20608
-0.20556
-0.20503
-0.20451
-0.20399
-0.20346
-0.20294
-0.20241
-0.20189
-0.20137
-0.20084
-0.20032
-0.19979
-0.19927
-0.19875
-0.19822
-0.1977
-0.19717
-0.19665
-0.19613
-0.1956
-0.19508
-0.19455
-0.19403
-0.19351
-0.19298
-0.19246
-0.19193
-0.19141
-0.19089
-0.19036
-0.18984
-0.18931
-0.18879
-0.18827
-0.18774
-0.18722
-0.18669
-0.18617
-0.18565
-0.18512
-0.1846
-0.18407
-0.18355
-0.18303
-0.1825
-0.18198
-0.18145
-0.18093
-0.18041
-0.17988
-0.17936
-0.17883
-0.17831
-0.17779
-0.17726
-0.17674
-0.17621
-0.17569
-0.17517
-0.17464
-0.17412
-0.17359
-0.17307
-0.17255
-0.17202
-0.1715
-0.17097
-0.17045
-0.16993
-0.1694
-0.16888
-0.16835
-0.16783
-0.16731
-0.16678
-0.16626
-0.16573
-0.16521
-0.16469
-0.16416
-0.16364
-0.16311
-0.16259
-0.16207
-0.16154
-0.16102
-0.16049
-0.15997
-0.15945
-0.15892
-0.1584
-0.15788
-0.15735
-0.15683
-0.1563
-0.15578
-0.15526
-0.15473
-0.15421
-0.15368
-0.15316
-0.15264
-0.15211
-0.15159
-0.15106
-0.15054
-0.15002
-0.14949
-0.14897
-0.14844
-0.14792
-0.1474
-0.14687
-0.14635
-0.14582
-0.1453
-0.14478
-0.14425
-0.14373
-0.14321
-0.14268
-0.14216
-0.14163
-0.14111
-0.14059
-0.14006
-0.13954
-0.13901
-0.13849
-0.13797
-0.13744
-0.13692
-0.13639
-0.13587
-0.13535
-0.13482
-0.1343
-0.13378
-0.13325
-0.13273
-0.1322
-0.13168
-0.13116
-0.13063
-0.13011
-0.12959
-0.12906
-0.12854
-0.12801
-0.12749
-0.12697
-0.12644
-0.12592
-0.12539
-0.12487
-0.12435
-0.12382
-0.1233
-0.12278
-0.12225
-0.12173
-0.1212
-0.12068
-0.12016
-0.11963
-0.11911
-0.11859
-0.11806
-0.11754
-0.11702
-0.11649
-0.11597
-0.11544
-0.11492
-0.1144
-0.11387
-0.11335
-0.11283
-0.1123
-0.11178
-0.11126
-0.11073
-0.11021
-0.10969
-0.10916
-0.10864
-0.10811
-0.10759
-0.10707
-0.10654
-0.10602
-0.1055
-0.10497
-0.10445
-0.10393
-0.1034
-0.10288
-0.10236
-0.10183
-0.10131
-0.10079
-0.10026
-0.09974
-0.099216
-0.098693
-0.09817
-0.097647
-0.097123
-0.0966
-0.096077
-0.095554
-0.09503
-0.094507
-0.093984
-0.093461
-0.092938
-0.092415
-0.091892
-0.091369
-0.090846
-0.090322
-0.089799
-0.089276
-0.088753
-0.088231
-0.087708
-0.087185
-0.086662
-0.086139
-0.085616
-0.085093
-0.08457
-0.084048
-0.083525
-0.083002
-0.082479
-0.081957
-0.081434
-0.080911
-0.080389
-0.079866
-0.079343
-0.078821
-0.078298
-0.077776
-0.077253
-0.076731
-0.076209
-0.075686
-0.075164
-0.074641
-0.074119
-0.073597
-0.073075
-0.072552
-0.07203
-0.071508
-0.070986
-0.070464
-0.069942
-0.06942
-0.068898
-0.068376
-0.067854
-0.067332
-0.06681
-0.066289
-0.065767
-0.065245
-0.064723
-0.064202
-0.06368
-0.063159
-0.062637
-0.062116
-0.061594
-0.061073
-0.060552
-0.06003
-0.059509
-0.058988
-0.058467
-0.057946
-0.057425
-0.056904
-0.056383
-0.055862
-0.055341
-0.05482
-0.054299
-0.053779
-0.053258
-0.052737
-0.052217
-0.051697
-0.051176
-0.050656
-0.050135
-0.049615
-0.049095
-0.048575
-0.048055
-0.047535
-0.047015
-0.046495
-0.045975
-0.045456
-0.044936
-0.044416
-0.043897
-0.043377
-0.042858
-0.042339
-0.04182
-0.0413
-0.040781
-0.040262
-0.039743
-0.039225
-0.038706
-0.038187
-0.037669
-0.03715
-0.036632
-0.036113
-0.035595
-0.035077
-0.034559
-0.034041
-0.033523
-0.033005
-0.032487
-0.03197
-0.031452
-0.030935
-0.030417
-0.0299
-0.029383
-0.028866
-0.028349
-0.027832
-0.027316
-0.026799
-0.026283
-0.025766
-0.02525
-0.024734
-0.024218
-0.023702
-0.023186
-0.02267
-0.022155
-0.021639
-0.021124
-0.020609
-0.020094
-0.019579
-0.019064
-0.018549
-0.018035
-0.01752
-0.017006
-0.016492
-0.015978
-0.015464
-0.01495
-0.014436
-0.013923
-0.01341
-0.012896
-0.012383
-0.011871
-0.011358
-0.010845
-0.010333
-0.0098207
-0.0093086
-0.0087967
-0.008285
-0.0077734
-0.007262
-0.0067508
-0.0062397
-0.0057288
-0.0052181
-0.0047075
-0.0041972
-0.003687
-0.003177
-0.0026672
-0.0021576
-0.0016481
-0.0011389
-0.00062987
-0.00012102
0.00038763
0.00089608
0.0014043
0.0019124
0.0024202
0.0029278
0.0034352
0.0039424
0.0044494
0.0049562
0.0054627
0.0059691
0.0064751
0.006981
0.0074867
0.0079921
0.0084972
0.0090022
0.0095068
0.010011
0.010515
0.011019
0.011523
0.012027
0.01253
0.013033
0.013535
0.014038
0.01454
0.015042
0.015543
0.016045
0.016546
0.017047
0.017547
0.018047
0.018547
0.019047
0.019546
0.020045
0.020544
0.021043
0.021541
0.022038
0.022536
0.023033
0.02353
0.024027
0.024523
0.025019
0.025514
0.02601
0.026505
0.026999
0.027493
0.027987
0.028481
0.028974
0.029467
0.029959
0.030452
0.030943
0.031435
0.031926
0.032416
0.032907
0.033396
0.033886
0.034375
0.034864
0.035352
0.03584
0.036328
0.036815
0.037301
0.037788
0.038274
0.038759
0.039244
0.039729
0.040213
0.040697
0.04118
0.041663
0.042145
0.042627
0.043109
0.04359
0.04407
0.04455
0.04503
0.045509
0.045988
0.046466
0.046944
0.047421
0.047898
0.048374
0.04885
0.049325
0.0498
0.050274
0.050747
0.051221
0.051693
0.052165
0.052637
0.053108
0.053578
0.054048
0.054518
0.054986
0.055455
0.055922
0.056389
0.056856
0.057322
0.057787
0.058252
0.058716
0.05918
0.059643
0.060105
0.060567
0.061028
0.061489
0.061949
0.062408
0.062866
0.063324
0.063782
0.064238
0.064695
0.06515
0.065605
0.066059
0.066512
0.066965
0.067417
0.067868
0.068319
0.068769
0.069218
0.069666
0.070114
0.070561
0.071008
0.071453
0.071898
0.072342
0.072786
0.073228
0.07367
0.074111
0.074552
0.074991
0.07543
0.075868
0.076305
0.076742
0.077177
0.077612
0.078046
0.07848
0.078912
0.079344
0.079774
0.080204
0.080633
0.081062
0.081489
0.081915
0.082341
0.082766
0.08319
0.083613
0.084035
0.084456
0.084877
0.085296
0.085715
0.086132
0.086549
0.086965
0.08738
0.087794
0.088207
0.088619
0.08903
0.08944
0.089849
0.090257
0.090664
0.09107
0.091476
0.09188
0.092283
0.092685
0.093087
0.093487
0.093886
0.094284
0.094681
0.095077
0.095472
0.095866
0.096259
0.096651
0.097042
0.097431
0.09782
0.098207
0.098594
0.098979
0.099363
0.099746
0.10013
0.10051
0.10089
0.10127
0.10164
0.10202
0.1024
0.10277
0.10314
0.10351
0.10388
0.10425
0.10462
0.10499
0.10535
0.10572
0.10608
0.10644
0.1068
0.10716
0.10752
0.10788
0.10823
0.10859
0.10894
0.10929
0.10965
0.10999
0.11034
0.11069
0.11103
0.11138
0.11172
0.11206
0.1124
0.11274
0.11308
0.11342
0.11375
0.11408
0.11442
0.11475
0.11508
0.1154
0.11573
0.11605
0.11638
0.1167
0.11702
0.11734
0.11766
0.11798
0.11829
0.1186
0.11892
0.11923
0.11954
0.11984
0.12015
0.12045
0.12076
0.12106
0.12136
0.12166
0.12196
0.12225
0.12255
0.12284
0.12313
0.12342
0.12371
0.12399
0.12428
0.12456
0.12484
0.12512
0.1254
0.12568
0.12595
0.12623
0.1265
0.12677
0.12704
0.12731
0.12757
0.12783
0.1281
0.12836
0.12862
0.12887
0.12913
0.12938
0.12963
0.12989
0.13013
0.13038
0.13063
0.13087
0.13111
0.13135
0.13159
0.13183
0.13206
0.13229
0.13253
0.13276
0.13298
0.13321
0.13343
0.13366
0.13388
0.1341
0.13431
0.13453
0.13474
0.13495
0.13516
0.13537
0.13558
0.13578
0.13598
0.13618
0.13638
0.13658
0.13677
0.13697
0.13716
0.13735
0.13754
0.13772
0.1379
0.13809
0.13827
0.13844
0.13862
0.13879
0.13897
0.13914
0.1393
0.13947
0.13963
0.1398
0.13996
0.14012
0.14027
0.14043
0.14058
0.14073
0.14088
0.14102
0.14117
0.14131
0.14145
0.14159
0.14173
0.14186
0.14199
0.14212
0.14225
0.14238
0.1425
0.14263
0.14275
0.14286
0.14298
0.14309
0.14321
0.14331
0.14342
0.14353
0.14363
0.14373
0.14383
0.14393
0.14402
0.14412
0.14421
0.1443
0.14438
0.14447
0.14455
0.14463
0.14471
0.14479
0.14486
0.14493
0.145
0.14507
0.14513
0.1452
0.14526
0.14532
0.14537
0.14543
0.14548
0.14553
0.14558
0.14562
0.14567
0.14571
0.14575
0.14579
0.14582
0.14585
0.14588
0.14591
0.14594
0.14596
0.14598
0.146
0.14602
0.14603
0.14605
0.14606
0.14607
0.14607
0.14608
0.14608
0.14608
0.14607
0.14607
0.14606
0.14605
0.14604
0.14603
0.14601
0.14599
0.14597
0.14595
0.14592
0.1459
0.14587
0.14583
0.1458
0.14576
0.14572
0.14568
0.14564
0.14559
0.14555
0.1455
0.14544
0.14539
0.14533
0.14527
0.14521
0.14515
0.14508
0.14501
0.14494
0.14487
0.1448
0.14472
0.14464
0.14456
0.14447
0.14439
0.1443
0.14421
0.14411
0.14402
0.14392
0.14382
0.14372
0.14361
0.14351
0.1434
0.14329
0.14317
0.14306
0.14294
0.14282
0.1427
0.14257
0.14244
0.14231
0.14218
0.14205
0.14191
0.14177
0.14163
0.14149
0.14134
0.1412
0.14105
0.1409
0.14074
0.14058
0.14043
0.14026
0.1401
0.13994
0.13977
0.1396
0.13943
0.13925
0.13907
0.1389
0.13871
0.13853
0.13834
0.13816
0.13797
0.13777
0.13758
0.13738
0.13718
0.13698
0.13678
0.13657
0.13637
0.13616
0.13594
0.13573
0.13551
0.13529
0.13507
0.13485
0.13462
0.1344
0.13417
0.13394
0.1337
0.13347
0.13323
0.13299
0.13274
0.1325
0.13225
0.132
0.13175
0.1315
0.13124
0.13099
0.13073
0.13046
0.1302
0.12993
0.12967
0.1294
0.12912
0.12885
0.12857
0.12829
0.12801
0.12773
0.12745
0.12716
0.12687
0.12658
0.12629
0.12599
0.12569
0.12539
0.12509
0.12479
0.12448
0.12418
0.12387
0.12356
0.12324
0.12293
0.12261
0.12229
0.12197
0.12165
0.12132
0.12099
0.12066
0.12033
0.12
0.11967
0.11933
0.11899
0.11865
0.11831
0.11796
0.11761
0.11727
0.11692
0.11656
0.11621
0.11585
0.1155
0.11514
0.11477
0.11441
0.11405
0.11368
0.11331
0.11294
0.11257
0.11219
0.11182
0.11144
0.11106
0.11068
0.11029
0.10991
0.10952
0.10913
0.10874
0.10835
0.10796
0.10756
0.10716
0.10676
0.10636
0.10596
0.10556
0.10515
0.10474
0.10433
0.10392
0.10351
0.1031
0.10268
0.10226
0.10184
0.10142
0.101
0.10058
0.10015
0.099723
0.099294
0.098864
0.098432
0.097999
0.097564
0.097127
0.096689
0.09625
0.095809
0.095366
0.094922
0.094476
0.094029
0.093581
0.093131
0.092679
0.092226
0.091772
0.091316
0.090859
0.0904
0.08994
0.089479
0.089016
0.088551
0.088086
0.087619
0.08715
0.086681
0.08621
0.085737
0.085264
0.084789
0.084312
0.083835
0.083356
0.082876
0.082394
0.081911
0.081427
0.080942
0.080456
0.079968
0.079479
0.078989
0.078498
0.078005
0.077511
0.077017
0.076521
0.076023
0.075525
0.075026
0.074525
0.074023
0.073521
0.073017
0.072512
0.072005
0.071498
0.07099
0.070481
0.069971
0.069459
0.068947
0.068433
0.067919
0.067404
0.066887
0.06637
0.065851
0.065332
0.064812
0.064291
0.063769
0.063246
0.062722
0.062197
0.061671
0.061144
0.060617
0.060088
0.059559
0.059029
0.058498
0.057967
0.057434
0.056901
0.056366
0.055831
0.055296
0.054759
0.054222
0.053684
0.053145
0.052606
0.052066
0.051525
0.050983
0.050441
0.049898
0.049354
0.04881
0.048265
0.047719
0.047173
0.046626
0.046078
0.04553
0.044982
0.044432
0.043883
0.043332
0.042781
0.04223
0.041678
0.041125
0.040572
0.040018
0.039464
0.038909
0.038354
0.037799
0.037243
0.036686
0.036129
0.035572
0.035014
0.034456
0.033897
0.033338
0.032779
0.032219
0.031659
0.031099
0.030538
0.029977
0.029415
0.028853
0.028291
0.027729
0.027166
0.026603
0.02604
0.025477
0.024913
0.024349
0.023785
0.02322
0.022655
0.022091
0.021525
0.02096
0.020395
0.019829
0.019263
0.018698
0.018131
0.017566
0.016999
0.016433
0.015866
0.0153
0.014732
0.014167
0.013598
0.013034
0.012464
0.0119
0.01133
0.010767
0.010195
0.0096333
0.0090609
0.0084998
0.0079265
0.0073663
0.0067923
0.0062329
0.0056585
0.0050995
0.0045253
0.003966
0.0033928
0.0028326
0.0022611
0.0016994
0.0011302
0.00056634
