-5.0035e-05
-9.9681e-05
-0.00014894
-0.00019781
-0.0002463
-0.0002944
-0.00034212
-0.00038946
-0.00043642
-0.000483
-0.00052919
-0.00057502
-0.00062046
-0.00066553
-0.00071022
-0.00075455
-0.00079849
-0.00084207
-0.00088528
-0.00092812
-0.00097059
-0.0010127
-0.0010544
-0.0010958
-0.0011368
-0.0011775
-0.0012178
-0.0012577
-0.0012973
-0.0013365
-0.0013753
-0.0014138
-0.001452
-0.0014898
-0.0015272
-0.0015643
-0.001601
-0.0016374
-0.0016734
-0.0017091
-0.0017445
-0.0017795
-0.0018141
-0.0018484
-0.0018824
-0.001916
-0.0019493
-0.0019823
-0.0020149
-0.0020472
-0.0020791
-0.0021107
-0.002142
-0.0021729
-0.0022036
-0.0022338
-0.0022638
-0.0022934
-0.0023227
-0.0023517
-0.0023803
-0.0024087
-0.0024367
-0.0024644
-0.0024917
-0.0025188
-0.0025455
-0.0025719
-0.002598
-0.0026238
-0.0026492
-0.0026744
-0.0026992
-0.0027237
-0.002748
-0.0027719
-0.0027955
-0.0028188
-0.0028418
-0.0028644
-0.0028868
-0.0029089
-0.0029307
-0.0029522
-0.0029733
-0.0029942
-0.0030148
-0.0030351
-0.0030551
-0.0030748
-0.0030942
-0.0031133
-0.0031321
-0.0031507
-0.0031689
-0.0031869
-0.0032046
-0.003222
-0.0032391
-0.0032559
-0.0032724
-0.0032887
-0.0033047
-0.0033204
-0.0033358
-0.0033509
-0.0033658
-0.0033804
-0.0033947
-0.0034088
-0.0034225
-0.003436
-0.0034493
-0.0034622
-0.0034749
-0.0034874
-0.0034995
-0.0035114
-0.0035231
-0.0035344
-0.0035456
-0.0035564
-0.003567
-0.0035773
-0.0035874
-0.0035972
-0.0036068
-0.0036161
-0.0036252
-0.003634
-0.0036425
-0.0036509
-0.0036589
-0.0036667
-0.0036743
-0.0036816
-0.0036887
-0.0036955
-0.0037021
-0.0037084
-0.0037145
-0.0037204
-0.003726
-0.0037314
-0.0037365
-0.0037415
-0.0037461
-0.0037506
-0.0037548
-0.0037588
-0.0037625
-0.003766
-0.0037693
-0.0037724
-0.0037752
-0.0037778
-0.0037802
-0.0037824
-0.0037843
-0.003786
-0.0037875
-0.0037888
-0.0037899
-0.0037907
-0.0037913
-0.0037917
-0.0037919
-0.0037919
-0.0037917
-0.0037912
-0.0037905
-0.0037897
-0.0037886
-0.0037873
-0.0037858
-0.0037841
-0.0037822
-0.0037801
-0.0037778
-0.0037753
-0.0037726
-0.0037697
-0.0037666
-0.0037633
-0.0037598
-0.0037561
-0.0037522
-0.0037481
-0.0037438
-0.0037393
-0.0037347
-0.0037298
-0.0037248
-0.0037195
-0.0037141
-0.0037085
-0.0037027
-0.0036967
-0.0036906
-0.0036842
-0.0036777
-0.003671
-0.0036641
-0.003657
-0.0036498
-0.0036424
-0.0036348
-0.003627
-0.0036191
-0.003611
-0.0036027
-0.0035942
-0.0035856
-0.0035768
-0.0035679
-0.0035587
-0.0035494
-0.00354
-0.0035303
-0.0035206
-0.0035106
-0.0035005
-0.0034902
-0.0034798
-0.0034692
-0.0034585
-0.0034476
-0.0034365
-0.0034253
-0.0034139
-0.0034024
-0.0033907
-0.0033789
-0.0033669
-0.0033548
-0.0033426
-0.0033301
-0.0033176
-0.0033049
-0.003292
-0.003279
-0.0032659
-0.0032526
-0.0032392
-0.0032256
-0.0032119
-0.0031981
-0.0031841
-0.00317
-0.0031558
-0.0031414
-0.0031269
-0.0031122
-0.0030975
-0.0030826
-0.0030675
-0.0030524
-0.0030371
-0.0030217
-0.0030061
-0.0029905
-0.0029747
-0.0029588
-0.0029427
-0.0029266
-0.0029103
-0.0028939
-0.0028774
-0.0028608
-0.002844
-0.0028272
-0.0028102
-0.0027931
-0.0027759
-0.0027586
-0.0027412
-0.0027236
-0.002706
-0.0026882
-0.0026704
-0.0026524
-0.0026343
-0.0026162
-0.0025979
-0.0025795
-0.002561
-0.0025424
-0.0025237
-0.0025049
-0.0024861
-0.0024671
-0.002448
-0.0024288
-0.0024096
-0.0023902
-0.0023708
-0.0023512
-0.0023316
-0.0023118
-0.002292
-0.0022721
-0.0022521
-0.0022321
-0.0022119
-0.0021916
-0.0021713
-0.0021509
-0.0021304
-0.0021098
-0.0020892
-0.0020684
-0.0020476
-0.0020267
-0.0020057
-0.0019847
-0.0019636
-0.0019424
-0.0019211
-0.0018998
-0.0018784
-0.0018569
-0.0018353
-0.0018137
-0.001792
-0.0017703
-0.0017484
-0.0017265
-0.0017046
-0.0016826
-0.0016605
-0.0016384
-0.0016162
-0.0015939
-0.0015716
-0.0015492
-0.0015268
-0.0015043
-0.0014817
-0.0014591
-0.0014365
-0.0014138
-0.001391
-0.0013682
-0.0013454
-0.0013224
-0.0012995
-0.0012765
-0.0012534
-0.0012303
-0.0012072
-0.001184
-0.0011608
-0.0011375
-0.0011142
-0.0010908
-0.0010674
-0.001044
-0.0010205
-0.00099703
-0.00097349
-0.00094991
-0.0009263
-0.00090265
-0.00087897
-0.00085526
-0.00083152
-0.00080774
-0.00078395
-0.00076011
-0.00073626
-0.00071237
-0.00068847
-0.00066453
-0.00064058
-0.00061659
-0.0005926
-0.00056857
-0.00054453
-0.00052046
-0.00049638
-0.00047228
-0.00044816
-0.00042402
-0.00039988
-0.00037571
-0.00035154
-0.00032735
-0.00030315
-0.00027893
-0.00025472
-0.00023048
-0.00020625
-0.00018199
-0.00015775
-0.00013348
-0.00010922
-8.4952e-05
-6.0687e-05
-3.6408e-05
-1.214e-05
1.214e-05
3.6408e-05
6.0687e-05
8.4952e-05
0.00010922
0.00013348
0.00015775
0.00018199
0.00020625
0.00023048
0.00025472
0.00027893
0.00030315
0.00032735
0.00035154
0.00037571
0.00039988
0.00042402
0.00044816
0.00047228
0.00049638
0.00052046
0.00054453
0.00056857
0.0005926
0.00061659
0.00064058
0.00066453
0.00068847
0.00071237
0.00073626
0.00076011
0.00078395
0.00080774
0.00083152
0.00085526
0.00087897
0.00090265
0.0009263
0.00094991
0.00097349
0.00099703
0.0010205
0.001044
0.0010674
0.0010908
0.0011142
0.0011375
0.0011608
0.001184
0.0012072
0.0012303
0.0012534
0.0012765
0.0012995
0.0013224
0.0013454
0.0013682
0.001391
0.0014138
0.0014365
0.0014591
0.0014817
0.0015043
0.0015268
0.0015492
0.0015716
0.0015939
0.0016162
0.0016384
0.0016605
0.0016826
0.0017046
0.0017265
0.0017484
0.0017703
0.001792
0.0018137
0.0018353
0.0018569
0.0018784
0.0018998
0.0019211
0.0019424
0.0019636
0.0019847
0.0020057
0.0020267
0.0020476
0.0020684
0.0020892
0.0021098
0.0021304
0.0021509
0.0021713
0.0021916
0.0022119
0.0022321
0.0022521
0.0022721
0.002292
0.0023118
0.0023316
0.0023512
0.0023708
0.0023902
0.0024096
0.0024288
0.002448
0.0024671
0.0024861
0.0025049
0.0025237
0.0025424
0.002561
0.0025795
0.0025979
0.0026162
0.0026343
0.0026524
0.0026704
0.0026882
0.002706
0.0027236
0.0027412
0.0027586
0.0027759
0.0027931
0.0028102
0.0028272
0.002844
0.0028608
0.0028774
0.0028939
0.0029103
0.0029266
0.0029427
0.0029588
0.0029747
0.0029905
0.0030061
0.0030217
0.0030371
0.0030524
0.0030675
0.0030826
0.0030975
0.0031122
0.0031269
0.0031414
0.0031558
0.00317
0.0031841
0.0031981
0.0032119
0.0032256
0.0032392
0.0032526
0.0032659
0.003279
0.003292
0.0033049
0.0033176
0.0033301
0.0033426
0.0033548
0.0033669
0.0033789
0.0033907
0.0034024
0.0034139
0.0034253
0.0034365
0.0034476
0.0034585
0.0034692
0.0034798
0.0034902
0.0035005
0.0035106
0.0035206
0.0035303
0.00354
0.0035494
0.0035587
0.0035679
0.0035768
0.0035856
0.0035942
0.0036027
0.003611
0.0036191
0.003627
0.0036348
0.0036424
0.0036498
0.003657
0.0036641
0.003671
0.0036777
0.0036842
0.0036906
0.0036967
0.0037027
0.0037085
0.0037141
0.0037195
0.0037248
0.0037298
0.0037347
0.0037393
0.0037438
0.0037481
0.0037522
0.0037561
0.0037598
0.0037633
0.0037666
0.0037697
0.0037726
0.0037753
0.0037778
0.0037801
0.0037822
0.0037841
0.0037858
0.0037873
0.0037886
0.0037897
0.0037905
0.0037912
0.0037917
0.0037919
0.0037919
0.0037917
0.0037913
0.0037907
0.0037899
0.0037888
0.0037875
0.003786
0.0037843
0.0037824
0.0037802
0.0037778
0.0037752
0.0037724
0.0037693
0.003766
0.0037625
0.0037588
0.0037548
0.0037506
0.0037461
0.0037415
0.0037365
0.0037314
0.003726
0.0037204
0.0037145
0.0037084
0.0037021
0.0036955
0.0036887
0.0036816
0.0036743
0.0036667
0.0036589
0.0036509
0.0036425
0.003634
0.0036252
0.0036161
0.0036068
0.0035972
0.0035874
0.0035773
0.003567
0.0035564
0.0035456
0.0035344
0.0035231
0.0035114
0.0034995
0.0034874
0.0034749
0.0034622
0.0034493
0.003436
0.0034225
0.0034088
0.0033947
0.0033804
0.0033658
0.0033509
0.0033358
0.0033204
0.0033047
0.0032887
0.0032724
0.0032559
0.0032391
0.003222
0.0032046
0.0031869
0.0031689
0.0031507
0.0031321
0.0031133
0.0030942
0.0030748
0.0030551
0.0030351
0.0030148
0.0029942
0.0029733
0.0029522
0.0029307
0.0029089
0.0028868
0.0028644
0.0028418
0.0028188
0.0027955
0.0027719
0.002748
0.0027237
0.0026992
0.0026744
0.0026492
0.0026238
0.002598
0.0025719
0.0025455
0.0025188
0.0024917
0.0024644
0.0024367
0.0024087
0.0023803
0.0023517
0.0023227
0.0022934
0.0022638
0.0022338
0.0022036
0.0021729
0.002142
0.0021107
0.0020791
0.0020472
0.0020149
0.0019823
0.0019493
0.001916
0.0018824
0.0018484
0.0018141
0.0017795
0.0017445
0.0017091
0.0016734
0.0016374
0.001601
0.0015643
0.0015272
0.0014898
0.001452
0.0014138
0.0013753
0.0013365
0.0012973
0.0012577
0.0012178
0.0011775
0.0011368
0.0010958
0.0010544
0.0010127
0.00097059
0.00092812
0.00088528
0.00084207
0.00079849
0.00075455
0.00071022
0.00066553
0.00062046
0.00057502
0.00052919
0.000483
0.00043642
0.00038946
0.00034212
0.0002944
0.0002463
0.00019781
0.00014894
9.9681e-05
5.0035e-05
