-0.00095223
-0.0019044
-0.0028566
-0.0038086
-0.0047606
-0.0057125
-0.0066644
-0.007616
-0.0085676
-0.009519
-0.01047
-0.011421
-0.012372
-0.013323
-0.014274
-0.015224
-0.016174
-0.017124
-0.018074
-0.019023
-0.019972
-0.020921
-0.02187
-0.022818
-0.023766
-0.024713
-0.025661
-0.026607
-0.027554
-0.0285
-0.029446
-0.030391
-0.031336
-0.03228
-0.033224
-0.034167
-0.035111
-0.036053
-0.036995
-0.037937
-0.038878
-0.039818
-0.040758
-0.041697
-0.042636
-0.043574
-0.044512
-0.045449
-0.046386
-0.047321
-0.048257
-0.049191
-0.050125
-0.051058
-0.051991
-0.052922
-0.053853
-0.054783
-0.055713
-0.056642
-0.05757
-0.058497
-0.059424
-0.060349
-0.061274
-0.062198
-0.063122
-0.064044
-0.064966
-0.065886
-0.066806
-0.067725
-0.068643
-0.06956
-0.070476
-0.071391
-0.072306
-0.073219
-0.074131
-0.075042
-0.075953
-0.076862
-0.077771
-0.078677
-0.079584
-0.080489
-0.081394
-0.082296
-0.083199
-0.084099
-0.084999
-0.085897
-0.086796
-0.087691
-0.088587
-0.089481
-0.090374
-0.091265
-0.092156
-0.093045
-0.093934
-0.09482
-0.095706
-0.09659
-0.097474
-0.098355
-0.099237
-0.10012
-0.10099
-0.10187
-0.10275
-0.10362
-0.10449
-0.10536
-0.10623
-0.1071
-0.10797
-0.10884
-0.1097
-0.11056
-0.11142
-0.11228
-0.11314
-0.114
-0.11486
-0.11571
-0.11656
-0.11741
-0.11827
-0.11911
-0.11996
-0.12081
-0.12165
-0.12249
-0.12333
-0.12417
-0.12501
-0.12584
-0.12668
-0.12751
-0.12834
-0.12917
-0.13
-0.13083
-0.13165
-0.13247
-0.1333
-0.13411
-0.13493
-0.13575
-0.13656
-0.13738
-0.13819
-0.139
-0.1398
-0.14061
-0.14141
-0.14222
-0.14302
-0.14382
-0.14461
-0.14541
-0.1462
-0.14699
-0.14778
-0.14857
-0.14936
-0.15014
-0.15092
-0.1517
-0.15248
-0.15326
-0.15404
-0.15481
-0.15558
-0.15635
-0.15712
-0.15788
-0.15865
-0.15941
-0.16017
-0.16092
-0.16168
-0.16243
-0.16319
-0.16393
-0.16468
-0.16543
-0.16617
-0.16691
-0.16765
-0.16839
-0.16913
-0.16986
-0.17059
-0.17132
-0.17205
-0.17278
-0.1735
-0.17422
-0.17494
-0.17566
-0.17637
-0.17709
-0.1778
-0.17851
-0.17921
-0.17992
-0.18062
-0.18132
-0.18202
-0.18271
-0.18341
-0.1841
-0.18479
-0.18548
-0.18616
-0.18685
-0.18753
-0.18821
-0.18888
-0.18956
-0.19023
-0.1909
-0.19157
-0.19223
-0.1929
-0.19356
-0.19422
-0.19487
-0.19553
-0.19618
-0.19683
-0.19748
-0.19813
-0.19877
-0.19941
-0.20005
-0.20069
-0.20132
-0.20195
-0.20258
-0.20321
-0.20383
-0.20446
-0.20508
-0.2057
-0.20631
-0.20693
-0.20754
-0.20815
-0.20875
-0.20936
-0.20996
-0.21056
-0.21116
-0.21175
-0.21234
-0.21294
-0.21352
-0.21411
-0.21469
-0.21527
-0.21585
-0.21643
-0.217
-0.21757
-0.21814
-0.21871
-0.21927
-0.21984
-0.2204
-0.22095
-0.22151
-0.22206
-0.22261
-0.22316
-0.2237
-0.22425
-0.22479
-0.22533
-0.22586
-0.2264
-0.22693
-0.22746
-0.22798
-0.22851
-0.22903
-0.22955
-0.23006
-0.23058
-0.23109
-0.2316
-0.23211
-0.23261
-0.23311
-0.23362
-0.23411
-0.23461
-0.2351
-0.23559
-0.23608
-0.23656
-0.23705
-0.23753
-0.238
-0.23848
-0.23895
-0.23943
-0.23989
-0.24036
-0.24082
-0.24129
-0.24174
-0.2422
-0.24265
-0.24311
-0.24355
-0.244
-0.24444
-0.24489
-0.24533
-0.24576
-0.2462
-0.24663
-0.24706
-0.24749
-0.24791
-0.24834
-0.24875
-0.24917
-0.24959
-0.25
-0.25041
-0.25082
-0.25122
-0.25163
-0.25203
-0.25243
-0.25282
-0.25322
-0.25361
-0.254
-0.25438
-0.25477
-0.25515
-0.25553
-0.2559
-0.25628
-0.25665
-0.25702
-0.25739
-0.25775
-0.25811
-0.25847
-0.25883
-0.25919
-0.25954
-0.25989
-0.26024
-0.26058
-0.26093
-0.26127
-0.26161
-0.26194
-0.26228
-0.26261
-0.26294
-0.26327
-0.26359
-0.26391
-0.26423
-0.26455
-0.26486
-0.26518
-0.26549
-0.26579
-0.2661
-0.2664
-0.2667
-0.267
-0.2673
-0.26759
-0.26788
-0.26817
-0.26846
-0.26875
-0.26903
-0.26931
-0.26959
-0.26986
-0.27013
-0.27041
-0.27067
-0.27094
-0.2712
-0.27147
-0.27173
-0.27198
-0.27224
-0.27249
-0.27274
-0.27299
-0.27323
-0.27348
-0.27372
-0.27396
-0.2742
-0.27443
-0.27466
-0.27489
-0.27512
-0.27535
-0.27557
-0.27579
-0.27601
-0.27623
-0.27644
-0.27666
-0.27687
-0.27707
-0.27728
-0.27748
-0.27769
-0.27789
-0.27808
-0.27828
-0.27847
-0.27866
-0.27885
-0.27904
-0.27922
-0.2794
-0.27958
-0.27976
-0.27994
-0.28011
-0.28028
-0.28045
-0.28062
-0.28078
-0.28095
-0.28111
-0.28127
-0.28142
-0.28158
-0.28173
-0.28188
-0.28203
-0.28217
-0.28232
-0.28246
-0.2826
-0.28274
-0.28288
-0.28301
-0.28314
-0.28327
-0.2834
-0.28353
-0.28365
-0.28377
-0.28389
-0.28401
-0.28413
-0.28424
-0.28435
-0.28446
-0.28457
-0.28468
-0.28478
-0.28488
-0.28498
-0.28508
-0.28518
-0.28527
-0.28536
-0.28545
-0.28554
-0.28563
-0.28572
-0.2858
-0.28588
-0.28596
-0.28604
-0.28611
-0.28618
-0.28625
-0.28633
-0.28639
-0.28646
-0.28652
-0.28659
-0.28664
-0.2867
-0.28676
-0.28682
-0.28687
-0.28692
-0.28697
-0.28702
-0.28706
-0.28711
-0.28715
-0.28719
-0.28723
-0.28727
-0.2873
-0.28733
-0.28736
-0.2874
-0.28742
-0.28745
-0.28747
-0.2875
-0.28752
-0.28754
-0.28756
-0.28757
-0.28759
-0.2876
-0.28761
-0.28762
-0.28763
-0.28763
-0.28764
-0.28764
-0.28764
-0.28764
-0.28764
-0.28763
-0.28763
-0.28762
-0.28761
-0.2876
-0.28759
-0.28758
-0.28756
-0.28754
-0.28752
-0.28751
-0.28748
-0.28746
-0.28743
-0.28741
-0.28738
-0.28735
-0.28732
-0.28729
-0.28725
-0.28722
-0.28718
-0.28714
-0.2871
-0.28706
-0.28702
-0.28697
-0.28693
-0.28688
-0.28683
-0.28678
-0.28673
-0.28667
-0.28662
-0.28656
-0.2865
-0.28645
-0.28638
-0.28632
-0.28626
-0.28619
-0.28613
-0.28606
-0.28599
-0.28592
-0.28585
-0.28578
-0.2857
-0.28562
-0.28555
-0.28547
-0.28539
-0.28531
-0.28522
-0.28514
-0.28505
-0.28497
-0.28488
-0.28479
-0.2847
-0.28461
-0.28451
-0.28442
-0.28432
-0.28423
-0.28413
-0.28403
-0.28393
-0.28382
-0.28372
-0.28362
-0.28351
-0.2834
-0.28329
-0.28318
-0.28307
-0.28296
-0.28285
-0.28273
-0.28262
-0.2825
-0.28238
-0.28226
-0.28214
-0.28202
-0.2819
-0.28177
-0.28165
-0.28152
-0.28139
-0.28127
-0.28113
-0.281
-0.28087
-0.28074
-0.2806
-0.28047
-0.28033
-0.28019
-0.28006
-0.27992
-0.27977
-0.27963
-0.27949
-0.27935
-0.2792
-0.27905
-0.27891
-0.27876
-0.27861
-0.27846
-0.27831
-0.27816
-0.278
-0.27785
-0.27769
-0.27753
-0.27738
-0.27722
-0.27706
-0.2769
-0.27674
-0.27657
-0.27641
-0.27625
-0.27608
-0.27591
-0.27575
-0.27558
-0.27541
-0.27524
-0.27507
-0.2749
-0.27472
-0.27455
-0.27437
-0.2742
-0.27402
-0.27384
-0.27367
-0.27349
-0.27331
-0.27312
-0.27294
-0.27276
-0.27258
-0.27239
-0.27221
-0.27202
-0.27183
-0.27164
-0.27145
-0.27127
-0.27107
-0.27088
-0.27069
-0.2705
-0.2703
-0.27011
-0.26991
-0.26972
-0.26952
-0.26932
-0.26912
-0.26892
-0.26872
-0.26852
-0.26832
-0.26812
-0.26792
-0.26771
-0.26751
-0.2673
-0.26709
-0.26689
-0.26668
-0.26647
-0.26626
-0.26605
-0.26584
-0.26563
-0.26542
-0.2652
-0.26499
-0.26478
-0.26456
-0.26435
-0.26413
-0.26391
-0.26369
-0.26348
-0.26326
-0.26304
-0.26282
-0.2626
-0.26237
-0.26215
-0.26193
-0.2617
-0.26148
-0.26125
-0.26103
-0.2608
-0.26058
-0.26035
-0.26012
-0.25989
-0.25966
-0.25943
-0.2592
-0.25897
-0.25874
-0.25851
-0.25827
-0.25804
-0.2578
-0.25757
-0.25733
-0.2571
-0.25686
-0.25663
-0.25639
-0.25615
-0.25591
-0.25567
-0.25543
-0.25519
-0.25495
-0.25471
-0.25447
-0.25422
-0.25398
-0.25374
-0.25349
-0.25325
-0.253
-0.25276
-0.25251
-0.25227
-0.25202
-0.25177
-0.25152
-0.25127
-0.25102
-0.25077
-0.25052
-0.25027
-0.25002
-0.24977
-0.24952
-0.24927
-0.24901
-0.24876
-0.24851
-0.24825
-0.248
-0.24774
-0.24749
-0.24723
-0.24697
-0.24672
-0.24646
-0.2462
-0.24594
-0.24568
-0.24542
-0.24516
-0.2449
-0.24464
-0.24438
-0.24412
-0.24386
-0.2436
-0.24334
-0.24307
-0.24281
-0.24255
-0.24228
-0.24202
-0.24175
-0.24149
-0.24122
-0.24096
-0.24069
-0.24042
-0.24016
-0.23989
-0.23962
-0.23935
-0.23908
-0.23881
-0.23855
-0.23828
-0.23801
-0.23774
-0.23746
-0.23719
-0.23692
-0.23665
-0.23638
-0.23611
-0.23583
-0.23556
-0.23529
-0.23501
-0.23474
-0.23446
-0.23419
-0.23392
-0.23364
-0.23336
-0.23309
-0.23281
-0.23254
-0.23226
-0.23198
-0.2317
-0.23143
-0.23115
-0.23087
-0.23059
-0.23031
-0.23003
-0.22975
-0.22947
-0.22919
-0.22891
-0.22863
-0.22835
-0.22807
-0.22779
-0.22751
-0.22723
-0.22695
-0.22666
-0.22638
-0.2261
-0.22581
-0.22553
-0.22525
-0.22496
-0.22468
-0.22439
-0.22411
-0.22382
-0.22354
-0.22325
-0.22297
-0.22268
-0.2224
-0.22211
-0.22182
-0.22154
-0.22125
-0.22096
-0.22068
-0.22039
-0.2201
-0.21981
-0.21952
-0.21924
-0.21895
-0.21866
-0.21837
-0.21808
-0.21779
-0.2175
-0.21721
-0.21692
-0.21663
-0.21634
-0.21605
-0.21576
-0.21547
-0.21517
-0.21488
-0.21459
-0.2143
-0.21401
-0.21371
-0.21342
-0.21313
-0.21284
-0.21254
-0.21225
-0.21196
-0.21166
-0.21137
-0.21108
-0.21078
-0.21049
-0.21019
-0.2099
-0.2096
-0.20931
-0.20901
-0.20872
-0.20842
-0.20813
-0.20783
-0.20754
-0.20724
-0.20695
-0.20665
-0.20635
-0.20606
-0.20576
-0.20546
-0.20517
-0.20487
-0.20457
-0.20427
-0.20398
-0.20368
-0.20338
-0.20308
-0.20278
-0.20249
-0.20219
-0.20189
-0.20159
-0.20129
-0.20099
-0.20069
-0.20039
-0.2001
-0.1998
-0.1995
-0.1992
-0.1989
-0.1986
-0.1983
-0.198
-0.1977
-0.1974
-0.1971
-0.19679
-0.19649
-0.19619
-0.19589
-0.19559
-0.19529
-0.19499
-0.19469
-0.19439
-0.19408
-0.19378
-0.19348
-0.19318
-0.19288
-0.19257
-0.19227
-0.19197
-0.19167
-0.19137
-0.19106
-0.19076
-0.19046
-0.19015
-0.18985
-0.18955
-0.18925
-0.18894
-0.18864
-0.18834
-0.18803
-0.18773
-0.18742
-0.18712
-0.18682
-0.18651
-0.18621
-0.1859
-0.1856
-0.1853
-0.18499
-0.18469
-0.18438
-0.18408
-0.18377
-0.18347
-0.18316
-0.18286
-0.18255
-0.18225
-0.18194
-0.18164
-0.18133
-0.18103
-0.18072
-0.18042
-0.18011
-0.17981
-0.1795
-0.17919
-0.17889
-0.17858
-0.17828
-0.17797
-0.17766
-0.17736
-0.17705
-0.17675
-0.17644
-0.17613
-0.17583
-0.17552
-0.17521
-0.17491
-0.1746
-0.17429
-0.17399
-0.17368
-0.17337
-0.17306
-0.17276
-0.17245
-0.17214
-0.17184
-0.17153
-0.17122
-0.17091
-0.17061
-0.1703
-0.16999
-0.16968
-0.16938
-0.16907
-0.16876
-0.16845
-0.16815
-0.16784
-0.16753
-0.16722
-0.16691
-0.16661
-0.1663
-0.16599
-0.16568
-0.16537
-0.16506
-0.16476
-0.16445
-0.16414
-0.16383
-0.16352
-0.16321
-0.1629
-0.1626
-0.16229
-0.16198
-0.16167
-0.16136
-0.16105
-0.16074
-0.16043
-0.16013
-0.15982
-0.15951
-0.1592
-0.15889
-0.15858
-0.15827
-0.15796
-0.15765
-0.15734
-0.15703
-0.15672
-0.15642
-0.15611
-0.1558
-0.15549
-0.15518
-0.15487
-0.15456
-0.15425
-0.15394
-0.15363
-0.15332
-0.15301
-0.1527
-0.15239
-0.15208
-0.15177
-0.15146
-0.15115
-0.15084
-0.15053
-0.15022
-0.14991
-0.1496
-0.14929
-0.14898
-0.14867
-0.14836
-0.14805
-0.14774
-0.14743
-0.14712
-0.14681
-0.1465
-0.14619
-0.14588
-0.14557
-0.14526
-0.14495
-0.14464
-0.14433
-0.14402
-0.14371
-0.1434
-0.14308
-0.14277
-0.14246
-0.14215
-0.14184
-0.14153
-0.14122
-0.14091
-0.1406
-0.14029
-0.13998
-0.13967
-0.13936
-0.13905
-0.13873
-0.13842
-0.13811
-0.1378
-0.13749
-0.13718
-0.13687
-0.13656
-0.13625
-0.13594
-0.13563
-0.13531
-0.135
-0.13469
-0.13438
-0.13407
-0.13376
-0.13345
-0.13314
-0.13283
-0.13251
-0.1322
-0.13189
-0.13158
-0.13127
-0.13096
-0.13065
-0.13034
-0.13003
-0.12971
-0.1294
-0.12909
-0.12878
-0.12847
-0.12816
-0.12785
-0.12753
-0.12722
-0.12691
-0.1266
-0.12629
-0.12598
-0.12567
-0.12535
-0.12504
-0.12473
-0.12442
-0.12411
-0.1238
-0.12349
-0.12317
-0.12286
-0.12255
-0.12224
-0.12193
-0.12162
-0.12131
-0.12099
-0.12068
-0.12037
-0.12006
-0.11975
-0.11944
-0.11912
-0.11881
-0.1185
-0.11819
-0.11788
-0.11757
-0.11725
-0.11694
-0.11663
-0.11632
-0.11601
-0.11569
-0.11538
-0.11507
-0.11476
-0.11445
-0.11414
-0.11382
-0.11351
-0.1132
-0.11289
-0.11258
-0.11227
-0.11195
-0.11164
-0.11133
-0.11102
-0.11071
-0.11039
-0.11008
-0.10977
-0.10946
-0.10915
-0.10883
-0.10852
-0.10821
-0.1079
-0.10759
-0.10728
-0.10696
-0.10665
-0.10634
-0.10603
-0.10572
-0.1054
-0.10509
-0.10478
-0.10447
-0.10416
-0.10384
-0.10353
-0.10322
-0.10291
-0.1026
-0.10228
-0.10197
-0.10166
-0.10135
-0.10104
-0.10072
-0.10041
-0.1001
-0.099787
-0.099475
-0.099163
-0.098851
-0.098539
-0.098227
-0.097915
-0.097603
-0.097291
-0.096978
-0.096666
-0.096354
-0.096042
-0.09573
-0.095418
-0.095106
-0.094794
-0.094482
-0.094169
-0.093857
-0.093545
-0.093233
-0.092921
-0.092609
-0.092297
-0.091984
-0.091672
-0.09136
-0.091048
-0.090736
-0.090424
-0.090111
-0.089799
-0.089487
-0.089175
-0.088863
-0.088551
-0.088238
-0.087926
-0.087614
-0.087302
-0.08699
-0.086677
-0.086365
-0.086053
-0.085741
-0.085429
-0.085116
-0.084804
-0.084492
-0.08418
-0.083867
-0.083555
-0.083243
-0.082931
-0.082619
-0.082306
-0.081994
-0.081682
-0.08137
-0.081057
-0.080745
-0.080433
-0.080121
-0.079808
-0.079496
-0.079184
-0.078872
-0.078559
-0.078247
-0.077935
-0.077622
-0.07731
-0.076998
-0.076686
-0.076373
-0.076061
-0.075749
-0.075437
-0.075124
-0.074812
-0.0745
-0.074187
-0.073875
-0.073563
-0.073251
-0.072938
-0.072626
-0.072314
-0.072001
-0.071689
-0.071377
-0.071064
-0.070752
-0.07044
-0.070128
-0.069815
-0.069503
-0.069191
-0.068878
-0.068566
-0.068254
-0.067941
-0.067629
-0.067317
-0.067004
-0.066692
-0.06638
-0.066068
-0.065755
-0.065443
-0.065131
-0.064818
-0.064506
-0.064194
-0.063881
-0.063569
-0.063257
-0.062944
-0.062632
-0.06232
-0.062007
-0.061695
-0.061383
-0.06107
-0.060758
-0.060446
-0.060133
-0.059821
-0.059509
-0.059196
-0.058884
-0.058572
-0.058259
-0.057947
-0.057634
-0.057322
-0.05701
-0.056697
-0.056385
-0.056073
-0.05576
-0.055448
-0.055136
-0.054823
-0.054511
-0.054199
-0.053886
-0.053574
-0.053262
-0.052949
-0.052637
-0.052324
-0.052012
-0.0517
-0.051387
-0.051075
-0.050763
-0.05045
-0.050138
-0.049826
-0.049513
-0.049201
-0.048889
-0.048576
-0.048264
-0.047951
-0.047639
-0.047327
-0.047014
-0.046702
-0.04639
-0.046077
-0.045765
-0.045452
-0.04514
-0.044828
-0.044515
-0.044203
-0.043891
-0.043578
-0.043266
-0.042953
-0.042641
-0.042329
-0.042016
-0.041704
-0.041392
-0.041079
-0.040767
-0.040454
-0.040142
-0.03983
-0.039517
-0.039205
-0.038893
-0.03858
-0.038268
-0.037955
-0.037643
-0.037331
-0.037018
-0.036706
-0.036394
-0.036081
-0.035769
-0.035456
-0.035144
-0.034832
-0.034519
-0.034207
-0.033895
-0.033582
-0.03327
-0.032957
-0.032645
-0.032333
-0.03202
-0.031708
-0.031395
-0.031083
-0.030771
-0.030458
-0.030146
-0.029833
-0.029521
-0.029209
-0.028896
-0.028584
-0.028272
-0.027959
-0.027647
-0.027334
-0.027022
-0.02671
-0.026397
-0.026085
-0.025772
-0.02546
-0.025148
-0.024835
-0.024523
-0.024211
-0.023898
-0.023586
-0.023273
-0.022961
-0.022649
-0.022336
-0.022024
-0.021711
-0.021399
-0.021087
-0.020774
-0.020462
-0.020149
-0.019837
-0.019525
-0.019212
-0.0189
-0.018587
-0.018275
-0.017963
-0.01765
-0.017338
-0.017026
-0.016713
-0.016401
-0.016088
-0.015776
-0.015464
-0.015151
-0.014839
-0.014526
-0.014214
-0.013902
-0.013589
-0.013277
-0.012964
-0.012652
-0.01234
-0.012027
-0.011715
-0.011402
-0.01109
-0.010778
-0.010465
-0.010153
-0.0098404
-0.0095281
-0.0092157
-0.0089033
-0.0085909
-0.0082785
-0.0079661
-0.0076537
-0.0073413
-0.0070289
-0.0067165
-0.0064041
-0.0060917
-0.0057793
-0.0054669
-0.0051545
-0.0048421
-0.0045297
-0.0042173
-0.0039049
-0.0035925
-0.0032802
-0.0029678
-0.0026554
-0.002343
-0.0020306
-0.0017182
-0.0014058
-0.0010934
-0.00078099
-0.00046859
-0.0001562
0.0001562
0.00046859
0.00078099
0.0010934
0.0014058
0.0017182
0.0020306
0.002343
0.0026554
0.0029678
0.0032802
0.0035925
0.0039049
0.0042173
0.0045297
0.0048421
0.0051545
0.0054669
0.0057793
0.0060917
0.0064041
0.0067165
0.0070289
0.0073413
0.0076537
0.0079661
0.0082785
0.0085909
0.0089033
0.0092157
0.0095281
0.0098404
0.010153
0.010465
0.010778
0.01109
0.011402
0.011715
0.012027
0.01234
0.012652
0.012964
0.013277
0.013589
0.013902
0.014214
0.014526
0.014839
0.015151
0.015464
0.015776
0.016088
0.016401
0.016713
0.017026
0.017338
0.01765
0.017963
0.018275
0.018587
0.0189
0.019212
0.019525
0.019837
0.020149
0.020462
0.020774
0.021087
0.021399
0.021711
0.022024
0.022336
0.022649
0.022961
0.023273
0.023586
0.023898
0.024211
0.024523
0.024835
0.025148
0.02546
0.025772
0.026085
0.026397
0.02671
0.027022
0.027334
0.027647
0.027959
0.028272
0.028584
0.028896
0.029209
0.029521
0.029833
0.030146
0.030458
0.030771
0.031083
0.031395
0.031708
0.03202
0.032333
0.032645
0.032957
0.03327
0.033582
0.033895
0.034207
0.034519
0.034832
0.035144
0.035456
0.035769
0.036081
0.036394
0.036706
0.037018
0.037331
0.037643
0.037955
0.038268
0.03858
0.038893
0.039205
0.039517
0.03983
0.040142
0.040454
0.040767
0.041079
0.041392
0.041704
0.042016
0.042329
0.042641
0.042953
0.043266
0.043578
0.043891
0.044203
0.044515
0.044828
0.04514
0.045452
0.045765
0.046077
0.04639
0.046702
0.047014
0.047327
0.047639
0.047951
0.048264
0.048576
0.048889
0.049201
0.049513
0.049826
0.050138
0.05045
0.050763
0.051075
0.051387
0.0517
0.052012
0.052324
0.052637
0.052949
0.053262
0.053574
0.053886
0.054199
0.054511
0.054823
0.055136
0.055448
0.05576
0.056073
0.056385
0.056697
0.05701
0.057322
0.057634
0.057947
0.058259
0.058572
0.058884
0.059196
0.059509
0.059821
0.060133
0.060446
0.060758
0.06107
0.061383
0.061695
0.062007
0.06232
0.062632
0.062944
0.063257
0.063569
0.063881
0.064194
0.064506
0.064818
0.065131
0.065443
0.065755
0.066068
0.06638
0.066692
0.067004
0.067317
0.067629
0.067941
0.068254
0.068566
0.068878
0.069191
0.069503
0.069815
0.070128
0.07044
0.070752
0.071064
0.071377
0.071689
0.072001
0.072314
0.072626
0.072938
0.073251
0.073563
0.073875
0.074187
0.0745
0.074812
0.075124
0.075437
0.075749
0.076061
0.076373
0.076686
0.076998
0.07731
0.077622
0.077935
0.078247
0.078559
0.078872
0.079184
0.079496
0.079808
0.080121
0.080433
0.080745
0.081057
0.08137
0.081682
0.081994
0.082306
0.082619
0.082931
0.083243
0.083555
0.083867
0.08418
0.084492
0.084804
0.085116
0.085429
0.085741
0.086053
0.086365
0.086677
0.08699
0.087302
0.087614
0.087926
0.088238
0.088551
0.088863
0.089175
0.089487
0.089799
0.090111
0.090424
0.090736
0.091048
0.09136
0.091672
0.091984
0.092297
0.092609
0.092921
0.093233
0.093545
0.093857
0.094169
0.094482
0.094794
0.095106
0.095418
0.09573
0.096042
0.096354
0.096666
0.096978
0.097291
0.097603
0.097915
0.098227
0.098539
0.098851
0.099163
0.099475
0.099787
0.1001
0.10041
0.10072
0.10104
0.10135
0.10166
0.10197
0.10228
0.1026
0.10291
0.10322
0.10353
0.10384
0.10416
0.10447
0.10478
0.10509
0.1054
0.10572
0.10603
0.10634
0.10665
0.10696
0.10728
0.10759
0.1079
0.10821
0.10852
0.10883
0.10915
0.10946
0.10977
0.11008
0.11039
0.11071
0.11102
0.11133
0.11164
0.11195
0.11227
0.11258
0.11289
0.1132
0.11351
0.11382
0.11414
0.11445
0.11476
0.11507
0.11538
0.11569
0.11601
0.11632
0.11663
0.11694
0.11725
0.11757
0.11788
0.11819
0.1185
0.11881
0.11912
0.11944
0.11975
0.12006
0.12037
0.12068
0.12099
0.12131
0.12162
0.12193
0.12224
0.12255
0.12286
0.12317
0.12349
0.1238
0.12411
0.12442
0.12473
0.12504
0.12535
0.12567
0.12598
0.12629
0.1266
0.12691
0.12722
0.12753
0.12785
0.12816
0.12847
0.12878
0.12909
0.1294
0.12971
0.13003
0.13034
0.13065
0.13096
0.13127
0.13158
0.13189
0.1322
0.13251
0.13283
0.13314
0.13345
0.13376
0.13407
0.13438
0.13469
0.135
0.13531
0.13563
0.13594
0.13625
0.13656
0.13687
0.13718
0.13749
0.1378
0.13811
0.13842
0.13873
0.13905
0.13936
0.13967
0.13998
0.14029
0.1406
0.14091
0.14122
0.14153
0.14184
0.14215
0.14246
0.14277
0.14308
0.1434
0.14371
0.14402
0.14433
0.14464
0.14495
0.14526
0.14557
0.14588
0.14619
0.1465
0.14681
0.14712
0.14743
0.14774
0.14805
0.14836
0.14867
0.14898
0.14929
0.1496
0.14991
0.15022
0.15053
0.15084
0.15115
0.15146
0.15177
0.15208
0.15239
0.1527
0.15301
0.15332
0.15363
0.15394
0.15425
0.15456
0.15487
0.15518
0.15549
0.1558
0.15611
0.15642
0.15672
0.15703
0.15734
0.15765
0.15796
0.15827
0.15858
0.15889
0.1592
0.15951
0.15982
0.16013
0.16043
0.16074
0.16105
0.16136
0.16167
0.16198
0.16229
0.1626
0.1629
0.16321
0.16352
0.16383
0.16414
0.16445
0.16476
0.16506
0.16537
0.16568
0.16599
0.1663
0.16661
0.16691
0.16722
0.16753
0.16784
0.16815
0.16845
0.16876
0.16907
0.16938
0.16968
0.16999
0.1703
0.17061
0.17091
0.17122
0.17153
0.17184
0.17214
0.17245
0.17276
0.17306
0.17337
0.17368
0.17399
0.17429
0.1746
0.17491
0.17521
0.17552
0.17583
0.17613
0.17644
0.17675
0.17705
0.17736
0.17766
0.17797
0.17828
0.17858
0.17889
0.17919
0.1795
0.17981
0.18011
0.18042
0.18072
0.18103
0.18133
0.18164
0.18194
0.18225
0.18255
0.18286
0.18316
0.18347
0.18377
0.18408
0.18438
0.18469
0.18499
0.1853
0.1856
0.1859
0.18621
0.18651
0.18682
0.18712
0.18742
0.18773
0.18803
0.18834
0.18864
0.18894
0.18925
0.18955
0.18985
0.19015
0.19046
0.19076
0.19106
0.19137
0.19167
0.19197
0.19227
0.19257
0.19288
0.19318
0.19348
0.19378
0.19408
0.19439
0.19469
0.19499
0.19529
0.19559
0.19589
0.19619
0.19649
0.19679
0.1971
0.1974
0.1977
0.198
0.1983
0.1986
0.1989
0.1992
0.1995
0.1998
0.2001
0.20039
0.20069
0.20099
0.20129
0.20159
0.20189
0.20219
0.20249
0.20278
0.20308
0.20338
0.20368
0.20398
0.20427
0.20457
0.20487
0.20517
0.20546
0.20576
0.20606
0.20635
0.20665
0.20695
0.20724
0.20754
0.20783
0.20813
0.20842
0.20872
0.20901
0.20931
0.2096
0.2099
0.21019
0.21049
0.21078
0.21108
0.21137
0.21166
0.21196
0.21225
0.21254
0.21284
0.21313
0.21342
0.21371
0.21401
0.2143
0.21459
0.21488
0.21517
0.21547
0.21576
0.21605
0.21634
0.21663
0.21692
0.21721
0.2175
0.21779
0.21808
0.21837
0.21866
0.21895
0.21924
0.21952
0.21981
0.2201
0.22039
0.22068
0.22096
0.22125
0.22154
0.22182
0.22211
0.2224
0.22268
0.22297
0.22325
0.22354
0.22382
0.22411
0.22439
0.22468
0.22496
0.22525
0.22553
0.22581
0.2261
0.22638
0.22666
0.22695
0.22723
0.22751
0.22779
0.22807
0.22835
0.22863
0.22891
0.22919
0.22947
0.22975
0.23003
0.23031
0.23059
0.23087
0.23115
0.23143
0.2317
0.23198
0.23226
0.23254
0.23281
0.23309
0.23336
0.23364
0.23392
0.23419
0.23446
0.23474
0.23501
0.23529
0.23556
0.23583
0.23611
0.23638
0.23665
0.23692
0.23719
0.23746
0.23774
0.23801
0.23828
0.23855
0.23881
0.23908
0.23935
0.23962
0.23989
0.24016
0.24042
0.24069
0.24096
0.24122
0.24149
0.24175
0.24202
0.24228
0.24255
0.24281
0.24307
0.24334
0.2436
0.24386
0.24412
0.24438
0.24464
0.2449
0.24516
0.24542
0.24568
0.24594
0.2462
0.24646
0.24672
0.24697
0.24723
0.24749
0.24774
0.248
0.24825
0.24851
0.24876
0.24901
0.24927
0.24952
0.24977
0.25002
0.25027
0.25052
0.25077
0.25102
0.25127
0.25152
0.25177
0.25202
0.25227
0.25251
0.25276
0.253
0.25325
0.25349
0.25374
0.25398
0.25422
0.25447
0.25471
0.25495
0.25519
0.25543
0.25567
0.25591
0.25615
0.25639
0.25663
0.25686
0.2571
0.25733
0.25757
0.2578
0.25804
0.25827
0.25851
0.25874
0.25897
0.2592
0.25943
0.25966
0.25989
0.26012
0.26035
0.26058
0.2608
0.26103
0.26125
0.26148
0.2617
0.26193
0.26215
0.26237
0.2626
0.26282
0.26304
0.26326
0.26348
0.26369
0.26391
0.26413
0.26435
0.26456
0.26478
0.26499
0.2652
0.26542
0.26563
0.26584
0.26605
0.26626
0.26647
0.26668
0.26689
0.26709
0.2673
0.26751
0.26771
0.26792
0.26812
0.26832
0.26852
0.26872
0.26892
0.26912
0.26932
0.26952
0.26972
0.26991
0.27011
0.2703
0.2705
0.27069
0.27088
0.27107
0.27127
0.27145
0.27164
0.27183
0.27202
0.27221
0.27239
0.27258
0.27276
0.27294
0.27312
0.27331
0.27349
0.27367
0.27384
0.27402
0.2742
0.27437
0.27455
0.27472
0.2749
0.27507
0.27524
0.27541
0.27558
0.27575
0.27591
0.27608
0.27625
0.27641
0.27657
0.27674
0.2769
0.27706
0.27722
0.27738
0.27753
0.27769
0.27785
0.278
0.27816
0.27831
0.27846
0.27861
0.27876
0.27891
0.27905
0.2792
0.27935
0.27949
0.27963
0.27977
0.27992
0.28006
0.28019
0.28033
0.28047
0.2806
0.28074
0.28087
0.281
0.28113
0.28127
0.28139
0.28152
0.28165
0.28177
0.2819
0.28202
0.28214
0.28226
0.28238
0.2825
0.28262
0.28273
0.28285
0.28296
0.28307
0.28318
0.28329
0.2834
0.28351
0.28362
0.28372
0.28382
0.28393
0.28403
0.28413
0.28423
0.28432
0.28442
0.28451
0.28461
0.2847
0.28479
0.28488
0.28497
0.28505
0.28514
0.28522
0.28531
0.28539
0.28547
0.28555
0.28562
0.2857
0.28578
0.28585
0.28592
0.28599
0.28606
0.28613
0.28619
0.28626
0.28632
0.28638
0.28645
0.2865
0.28656
0.28662
0.28667
0.28673
0.28678
0.28683
0.28688
0.28693
0.28697
0.28702
0.28706
0.2871
0.28714
0.28718
0.28722
0.28725
0.28729
0.28732
0.28735
0.28738
0.28741
0.28743
0.28746
0.28748
0.28751
0.28752
0.28754
0.28756
0.28758
0.28759
0.2876
0.28761
0.28762
0.28763
0.28763
0.28764
0.28764
0.28764
0.28764
0.28764
0.28763
0.28763
0.28762
0.28761
0.2876
0.28759
0.28757
0.28756
0.28754
0.28752
0.2875
0.28747
0.28745
0.28742
0.2874
0.28736
0.28733
0.2873
0.28727
0.28723
0.28719
0.28715
0.28711
0.28706
0.28702
0.28697
0.28692
0.28687
0.28682
0.28676
0.2867
0.28664
0.28659
0.28652
0.28646
0.28639
0.28633
0.28625
0.28618
0.28611
0.28604
0.28596
0.28588
0.2858
0.28572
0.28563
0.28554
0.28545
0.28536
0.28527
0.28518
0.28508
0.28498
0.28488
0.28478
0.28468
0.28457
0.28446
0.28435
0.28424
0.28413
0.28401
0.28389
0.28377
0.28365
0.28353
0.2834
0.28327
0.28314
0.28301
0.28288
0.28274
0.2826
0.28246
0.28232
0.28217
0.28203
0.28188
0.28173
0.28158
0.28142
0.28127
0.28111
0.28095
0.28078
0.28062
0.28045
0.28028
0.28011
0.27994
0.27976
0.27958
0.2794
0.27922
0.27904
0.27885
0.27866
0.27847
0.27828
0.27808
0.27789
0.27769
0.27748
0.27728
0.27707
0.27687
0.27666
0.27644
0.27623
0.27601
0.27579
0.27557
0.27535
0.27512
0.27489
0.27466
0.27443
0.2742
0.27396
0.27372
0.27348
0.27323
0.27299
0.27274
0.27249
0.27224
0.27198
0.27173
0.27147
0.2712
0.27094
0.27067
0.27041
0.27013
0.26986
0.26959
0.26931
0.26903
0.26875
0.26846
0.26817
0.26788
0.26759
0.2673
0.267
0.2667
0.2664
0.2661
0.26579
0.26549
0.26518
0.26486
0.26455
0.26423
0.26391
0.26359
0.26327
0.26294
0.26261
0.26228
0.26194
0.26161
0.26127
0.26093
0.26058
0.26024
0.25989
0.25954
0.25919
0.25883
0.25847
0.25811
0.25775
0.25739
0.25702
0.25665
0.25628
0.2559
0.25553
0.25515
0.25477
0.25438
0.254
0.25361
0.25322
0.25282
0.25243
0.25203
0.25163
0.25122
0.25082
0.25041
0.25
0.24959
0.24917
0.24875
0.24834
0.24791
0.24749
0.24706
0.24663
0.2462
0.24576
0.24533
0.24489
0.24444
0.244
0.24355
0.24311
0.24265
0.2422
0.24174
0.24129
0.24082
0.24036
0.23989
0.23943
0.23895
0.23848
0.238
0.23753
0.23705
0.23656
0.23608
0.23559
0.2351
0.23461
0.23411
0.23362
0.23311
0.23261
0.23211
0.2316
0.23109
0.23058
0.23006
0.22955
0.22903
0.22851
0.22798
0.22746
0.22693
0.2264
0.22586
0.22533
0.22479
0.22425
0.2237
0.22316
0.22261
0.22206
0.22151
0.22095
0.2204
0.21984
0.21927
0.21871
0.21814
0.21757
0.217
0.21643
0.21585
0.21527
0.21469
0.21411
0.21352
0.21294
0.21234
0.21175
0.21116
0.21056
0.20996
0.20936
0.20875
0.20815
0.20754
0.20693
0.20631
0.2057
0.20508
0.20446
0.20383
0.20321
0.20258
0.20195
0.20132
0.20069
0.20005
0.19941
0.19877
0.19813
0.19748
0.19683
0.19618
0.19553
0.19487
0.19422
0.19356
0.1929
0.19223
0.19157
0.1909
0.19023
0.18956
0.18888
0.18821
0.18753
0.18685
0.18616
0.18548
0.18479
0.1841
0.18341
0.18271
0.18202
0.18132
0.18062
0.17992
0.17921
0.17851
0.1778
0.17709
0.17637
0.17566
0.17494
0.17422
0.1735
0.17278
0.17205
0.17132
0.17059
0.16986
0.16913
0.16839
0.16765
0.16691
0.16617
0.16543
0.16468
0.16393
0.16319
0.16243
0.16168
0.16092
0.16017
0.15941
0.15865
0.15788
0.15712
0.15635
0.15558
0.15481
0.15404
0.15326
0.15248
0.1517
0.15092
0.15014
0.14936
0.14857
0.14778
0.14699
0.1462
0.14541
0.14461
0.14382
0.14302
0.14222
0.14141
0.14061
0.1398
0.139
0.13819
0.13738
0.13656
0.13575
0.13493
0.13411
0.1333
0.13247
0.13165
0.13083
0.13
0.12917
0.12834
0.12751
0.12668
0.12584
0.12501
0.12417
0.12333
0.12249
0.12165
0.12081
0.11996
0.11911
0.11827
0.11741
0.11656
0.11571
0.11486
0.114
0.11314
0.11228
0.11142
0.11056
0.1097
0.10884
0.10797
0.1071
0.10623
0.10536
0.10449
0.10362
0.10275
0.10187
0.10099
0.10012
0.099237
0.098355
0.097474
0.09659
0.095706
0.09482
0.093934
0.093045
0.092156
0.091265
0.090374
0.089481
0.088587
0.087691
0.086796
0.085897
0.084999
0.084099
0.083199
0.082296
0.081394
0.080489
0.079584
0.078677
0.077771
0.076862
0.075953
0.075042
0.074131
0.073219
0.072306
0.071391
0.070476
0.06956
0.068643
0.067725
0.066806
0.065886
0.064966
0.064044
0.063122
0.062198
0.061274
0.060349
0.059424
0.058497
0.05757
0.056642
0.055713
0.054783
0.053853
0.052922
0.051991
0.051058
0.050125
0.049191
0.048257
0.047321
0.046386
0.045449
0.044512
0.043574
0.042636
0.041697
0.040758
0.039818
0.038878
0.037937
0.036995
0.036053
0.035111
0.034167
0.033224
0.03228
0.031336
0.030391
0.029446
0.0285
0.027554
0.026607
0.025661
0.024713
0.023766
0.022818
0.02187
0.020921
0.019972
0.019023
0.018074
0.017124
0.016174
0.015224
0.014274
0.013323
0.012372
0.011421
0.01047
0.009519
0.0085676
0.007616
0.0066644
0.0057125
0.0047606
0.0038086
0.0028566
0.0019044
0.00095223
