-0.00017046
-0.00034053
-0.00051019
-0.00067944
-0.00084829
-0.0010167
-0.0011847
-0.0013522
-0.0015194
-0.001686
-0.0018523
-0.002018
-0.0021833
-0.0023481
-0.0025125
-0.0026763
-0.0028397
-0.0030025
-0.0031649
-0.0033268
-0.0034881
-0.0036489
-0.0038092
-0.003969
-0.0041282
-0.0042868
-0.004445
-0.0046025
-0.0047596
-0.0049159
-0.0050718
-0.005227
-0.0053817
-0.0055357
-0.0056893
-0.0058421
-0.0059944
-0.0061459
-0.006297
-0.0064473
-0.0065971
-0.0067461
-0.0068946
-0.0070423
-0.0071895
-0.0073359
-0.0074817
-0.0076267
-0.0077712
-0.0079149
-0.008058
-0.0082002
-0.0083419
-0.0084827
-0.008623
-0.0087623
-0.0089011
-0.009039
-0.0091763
-0.0093127
-0.0094486
-0.0095834
-0.0097178
-0.0098511
-0.0099839
-0.010116
-0.010247
-0.010377
-0.010507
-0.010635
-0.010763
-0.01089
-0.011017
-0.011142
-0.011267
-0.01139
-0.011513
-0.011635
-0.011757
-0.011877
-0.011997
-0.012115
-0.012233
-0.01235
-0.012466
-0.012581
-0.012696
-0.012809
-0.012921
-0.013033
-0.013144
-0.013253
-0.013362
-0.01347
-0.013577
-0.013683
-0.013789
-0.013893
-0.013996
-0.014098
-0.0142
-0.0143
-0.0144
-0.014498
-0.014596
-0.014692
-0.014788
-0.014882
-0.014976
-0.015069
-0.01516
-0.015251
-0.015341
-0.015429
-0.015517
-0.015604
-0.015689
-0.015774
-0.015858
-0.01594
-0.016022
-0.016102
-0.016182
-0.01626
-0.016338
-0.016414
-0.016489
-0.016563
-0.016637
-0.016709
-0.01678
-0.01685
-0.016919
-0.016987
-0.017054
-0.01712
-0.017185
-0.017248
-0.017311
-0.017372
-0.017433
-0.017492
-0.01755
-0.017607
-0.017664
-0.017718
-0.017772
-0.017825
-0.017877
-0.017927
-0.017977
-0.018025
-0.018073
-0.018119
-0.018164
-0.018208
-0.018251
-0.018292
-0.018333
-0.018372
-0.018411
-0.018448
-0.018484
-0.018519
-0.018553
-0.018585
-0.018617
-0.018648
-0.018677
-0.018705
-0.018733
-0.018758
-0.018783
-0.018807
-0.01883
-0.018851
-0.018872
-0.01889
-0.018909
-0.018925
-0.018942
-0.018956
-0.01897
-0.018982
-0.018993
-0.019003
-0.019013
-0.01902
-0.019027
-0.019032
-0.019037
-0.01904
-0.019043
-0.019044
-0.019044
-0.019042
-0.01904
-0.019037
-0.019032
-0.019026
-0.01902
-0.019012
-0.019003
-0.018992
-0.018981
-0.018969
-0.018955
-0.01894
-0.018925
-0.018908
-0.01889
-0.018871
-0.018851
-0.018829
-0.018807
-0.018783
-0.018759
-0.018733
-0.018706
-0.018678
-0.018649
-0.018619
-0.018588
-0.018555
-0.018522
-0.018487
-0.018452
-0.018415
-0.018378
-0.018338
-0.018299
-0.018258
-0.018216
-0.018173
-0.018129
-0.018083
-0.018038
-0.01799
-0.017942
-0.017892
-0.017842
-0.01779
-0.017738
-0.017684
-0.01763
-0.017574
-0.017518
-0.01746
-0.017402
-0.017342
-0.017282
-0.01722
-0.017157
-0.017093
-0.017029
-0.016963
-0.016897
-0.016829
-0.016761
-0.016691
-0.016621
-0.016549
-0.016477
-0.016403
-0.016329
-0.016254
-0.016178
-0.0161
-0.016023
-0.015943
-0.015864
-0.015783
-0.015701
-0.015618
-0.015535
-0.01545
-0.015365
-0.015279
-0.015192
-0.015104
-0.015015
-0.014925
-0.014835
-0.014743
-0.014651
-0.014558
-0.014464
-0.014369
-0.014274
-0.014177
-0.01408
-0.013982
-0.013883
-0.013783
-0.013683
-0.013582
-0.01348
-0.013377
-0.013274
-0.013169
-0.013064
-0.012958
-0.012852
-0.012744
-0.012636
-0.012527
-0.012418
-0.012308
-0.012197
-0.012085
-0.011973
-0.01186
-0.011746
-0.011632
-0.011517
-0.011401
-0.011285
-0.011168
-0.011051
-0.010932
-0.010813
-0.010693
-0.010574
-0.010453
-0.010332
-0.010209
-0.010087
-0.0099638
-0.0098406
-0.0097159
-0.0095916
-0.0094658
-0.0093404
-0.0092136
-0.0090871
-0.0089592
-0.0088317
-0.0087028
-0.0085742
-0.0084444
-0.0083149
-0.008184
-0.0080536
-0.0079218
-0.0077904
-0.0076577
-0.0075255
-0.0073919
-0.0072589
-0.0071245
-0.0069905
-0.0068553
-0.0067206
-0.0065847
-0.0064492
-0.0063125
-0.0061763
-0.0060388
-0.0059019
-0.0057638
-0.0056263
-0.0054875
-0.0053493
-0.0052099
-0.0050711
-0.0049311
-0.0047917
-0.0046512
-0.0045113
-0.0043702
-0.0042298
-0.0040882
-0.0039473
-0.0038053
-0.003664
-0.0035215
-0.0033798
-0.0032369
-0.0030948
-0.0029516
-0.0028092
-0.0026656
-0.0025228
-0.002379
-0.0022359
-0.0020919
-0.0019485
-0.0018042
-0.0016607
-0.0015162
-0.0013725
-0.0012278
-0.0010839
-0.0009391
-0.00079514
-0.00065022
-0.00050617
-0.00036118
-0.00021708
-7.2058e-05
7.2058e-05
0.00021708
0.00036118
0.00050617
0.00065022
0.00079514
0.0009391
0.0010839
0.0012278
0.0013725
0.0015162
0.0016607
0.0018042
0.0019485
0.0020919
0.0022359
0.002379
0.0025228
0.0026656
0.0028092
0.0029516
0.0030948
0.0032369
0.0033798
0.0035215
0.003664
0.0038053
0.0039473
0.0040882
0.0042298
0.0043702
0.0045113
0.0046512
0.0047917
0.0049311
0.0050711
0.0052099
0.0053493
0.0054875
0.0056263
0.0057638
0.0059019
0.0060388
0.0061763
0.0063125
0.0064492
0.0065847
0.0067206
0.0068553
0.0069905
0.0071245
0.0072589
0.0073919
0.0075255
0.0076577
0.0077904
0.0079218
0.0080536
0.008184
0.0083149
0.0084444
0.0085742
0.0087028
0.0088317
0.0089592
0.0090871
0.0092136
0.0093404
0.0094658
0.0095916
0.0097159
0.0098406
0.0099638
0.010087
0.010209
0.010332
0.010453
0.010574
0.010693
0.010813
0.010932
0.011051
0.011168
0.011285
0.011401
0.011517
0.011632
0.011746
0.01186
0.011973
0.012085
0.012197
0.012308
0.012418
0.012527
0.012636
0.012744
0.012852
0.012958
0.013064
0.013169
0.013274
0.013377
0.01348
0.013582
0.013683
0.013783
0.013883
0.013982
0.01408
0.014177
0.014274
0.014369
0.014464
0.014558
0.014651
0.014743
0.014835
0.014925
0.015015
0.015104
0.015192
0.015279
0.015365
0.01545
0.015535
0.015618
0.015701
0.015783
0.015864
0.015943
0.016023
0.0161
0.016178
0.016254
0.016329
0.016403
0.016477
0.016549
0.016621
0.016691
0.016761
0.016829
0.016897
0.016963
0.017029
0.017093
0.017157
0.01722
0.017282
0.017342
0.017402
0.01746
0.017518
0.017574
0.01763
0.017684
0.017738
0.01779
0.017842
0.017892
0.017942
0.01799
0.018038
0.018083
0.018129
0.018173
0.018216
0.018258
0.018299
0.018338
0.018378
0.018415
0.018452
0.018487
0.018522
0.018555
0.018588
0.018619
0.018649
0.018678
0.018706
0.018733
0.018759
0.018783
0.018807
0.018829
0.018851
0.018871
0.01889
0.018908
0.018925
0.01894
0.018955
0.018969
0.018981
0.018992
0.019003
0.019012
0.01902
0.019026
0.019032
0.019037
0.01904
0.019042
0.019044
0.019044
0.019043
0.01904
0.019037
0.019032
0.019027
0.01902
0.019013
0.019003
0.018993
0.018982
0.01897
0.018956
0.018942
0.018925
0.018909
0.01889
0.018872
0.018851
0.01883
0.018807
0.018783
0.018758
0.018733
0.018705
0.018677
0.018648
0.018617
0.018585
0.018553
0.018519
0.018484
0.018448
0.018411
0.018372
0.018333
0.018292
0.018251
0.018208
0.018164
0.018119
0.018073
0.018025
0.017977
0.017927
0.017877
0.017825
0.017772
0.017718
0.017664
0.017607
0.01755
0.017492
0.017433
0.017372
0.017311
0.017248
0.017185
0.01712
0.017054
0.016987
0.016919
0.01685
0.01678
0.016709
0.016637
0.016563
0.016489
0.016414
0.016338
0.01626
0.016182
0.016102
0.016022
0.01594
0.015858
0.015774
0.015689
0.015604
0.015517
0.015429
0.015341
0.015251
0.01516
0.015069
0.014976
0.014882
0.014788
0.014692
0.014596
0.014498
0.0144
0.0143
0.0142
0.014098
0.013996
0.013893
0.013789
0.013683
0.013577
0.01347
0.013362
0.013253
0.013144
0.013033
0.012921
0.012809
0.012696
0.012581
0.012466
0.01235
0.012233
0.012115
0.011997
0.011877
0.011757
0.011635
0.011513
0.01139
0.011267
0.011142
0.011017
0.01089
0.010763
0.010635
0.010507
0.010377
0.010247
0.010116
0.0099839
0.0098511
0.0097178
0.0095834
0.0094486
0.0093127
0.0091763
0.009039
0.0089011
0.0087623
0.008623
0.0084827
0.0083419
0.0082002
0.008058
0.0079149
0.0077712
0.0076267
0.0074817
0.0073359
0.0071895
0.0070423
0.0068946
0.0067461
0.0065971
0.0064473
0.006297
0.0061459
0.0059944
0.0058421
0.0056893
0.0055357
0.0053817
0.005227
0.0050718
0.0049159
0.0047596
0.0046025
0.004445
0.0042868
0.0041282
0.003969
0.0038092
0.0036489
0.0034881
0.0033268
0.0031649
0.0030025
0.0028397
0.0026763
0.0025125
0.0023481
0.0021833
0.002018
0.0018523
0.001686
0.0015194
0.0013522
0.0011847
0.0010167
0.00084829
0.00067944
0.00051019
0.00034053
0.00017046
