-5.4296e-06
-1.0835e-05
-1.6216e-05
-2.1573e-05
-2.6905e-05
-3.2214e-05
-3.7498e-05
-4.2759e-05
-4.7995e-05
-5.3208e-05
-5.8397e-05
-6.3563e-05
-6.8704e-05
-7.3822e-05
-7.8916e-05
-8.3988e-05
-8.9035e-05
-9.4059e-05
-9.906e-05
-0.00010404
-0.00010899
-0.00011392
-0.00011883
-0.00012372
-0.00012858
-0.00013342
-0.00013824
-0.00014303
-0.0001478
-0.00015255
-0.00015727
-0.00016198
-0.00016666
-0.00017132
-0.00017595
-0.00018057
-0.00018516
-0.00018973
-0.00019428
-0.0001988
-0.00020331
-0.00020779
-0.00021225
-0.00021669
-0.0002211
-0.0002255
-0.00022987
-0.00023422
-0.00023855
-0.00024286
-0.00024715
-0.00025142
-0.00025566
-0.00025988
-0.00026408
-0.00026827
-0.00027243
-0.00027657
-0.00028068
-0.00028478
-0.00028886
-0.00029292
-0.00029695
-0.00030097
-0.00030496
-0.00030894
-0.00031289
-0.00031682
-0.00032073
-0.00032463
-0.0003285
-0.00033235
-0.00033619
-0.00034
-0.00034379
-0.00034757
-0.00035132
-0.00035505
-0.00035876
-0.00036246
-0.00036613
-0.00036979
-0.00037342
-0.00037704
-0.00038063
-0.00038421
-0.00038777
-0.00039131
-0.00039483
-0.00039833
-0.00040181
-0.00040528
-0.00040872
-0.00041214
-0.00041555
-0.00041894
-0.00042231
-0.00042566
-0.00042899
-0.0004323
-0.0004356
-0.00043888
-0.00044213
-0.00044538
-0.00044859
-0.0004518
-0.00045498
-0.00045816
-0.0004613
-0.00046444
-0.00046755
-0.00047065
-0.00047373
-0.00047679
-0.00047983
-0.00048286
-0.00048586
-0.00048886
-0.00049183
-0.00049479
-0.00049773
-0.00050065
-0.00050355
-0.00050644
-0.00050931
-0.00051217
-0.000515
-0.00051783
-0.00052063
-0.00052342
-0.00052618
-0.00052894
-0.00053167
-0.0005344
-0.0005371
-0.00053979
-0.00054245
-0.00054511
-0.00054775
-0.00055037
-0.00055298
-0.00055557
-0.00055814
-0.0005607
-0.00056324
-0.00056577
-0.00056828
-0.00057078
-0.00057325
-0.00057572
-0.00057816
-0.0005806
-0.00058301
-0.00058542
-0.0005878
-0.00059017
-0.00059252
-0.00059487
-0.00059719
-0.00059951
-0.00060179
-0.00060408
-0.00060634
-0.0006086
-0.00061082
-0.00061305
-0.00061525
-0.00061745
-0.00061962
-0.00062179
-0.00062393
-0.00062607
-0.00062818
-0.00063029
-0.00063238
-0.00063446
-0.00063651
-0.00063857
-0.00064059
-0.00064262
-0.00064462
-0.00064662
-0.00064859
-0.00065056
-0.0006525
-0.00065445
-0.00065636
-0.00065828
-0.00066016
-0.00066205
-0.00066391
-0.00066578
-0.00066761
-0.00066945
-0.00067125
-0.00067306
-0.00067484
-0.00067663
-0.00067838
-0.00068014
-0.00068187
-0.0006836
-0.0006853
-0.00068701
-0.00068869
-0.00069037
-0.00069202
-0.00069367
-0.0006953
-0.00069693
-0.00069853
-0.00070014
-0.00070171
-0.0007033
-0.00070485
-0.0007064
-0.00070793
-0.00070946
-0.00071097
-0.00071248
-0.00071395
-0.00071544
-0.00071689
-0.00071836
-0.00071978
-0.00072122
-0.00072263
-0.00072405
-0.00072543
-0.00072682
-0.00072818
-0.00072955
-0.00073089
-0.00073224
-0.00073355
-0.00073487
-0.00073617
-0.00073747
-0.00073874
-0.00074002
-0.00074126
-0.00074252
-0.00074375
-0.00074498
-0.00074619
-0.0007474
-0.00074858
-0.00074978
-0.00075094
-0.00075211
-0.00075325
-0.0007544
-0.00075551
-0.00075665
-0.00075774
-0.00075885
-0.00075993
-0.00076102
-0.00076207
-0.00076314
-0.00076417
-0.00076522
-0.00076624
-0.00076727
-0.00076826
-0.00076927
-0.00077024
-0.00077123
-0.00077219
-0.00077316
-0.00077409
-0.00077504
-0.00077596
-0.00077689
-0.00077779
-0.0007787
-0.00077958
-0.00078047
-0.00078133
-0.00078221
-0.00078304
-0.0007839
-0.00078472
-0.00078556
-0.00078636
-0.00078718
-0.00078797
-0.00078877
-0.00078954
-0.00079032
-0.00079107
-0.00079184
-0.00079257
-0.00079332
-0.00079403
-0.00079476
-0.00079546
-0.00079617
-0.00079685
-0.00079755
-0.00079821
-0.00079889
-0.00079954
-0.0008002
-0.00080083
-0.00080148
-0.00080209
-0.00080272
-0.00080332
-0.00080393
-0.00080451
-0.00080511
-0.00080567
-0.00080625
-0.0008068
-0.00080737
-0.0008079
-0.00080845
-0.00080897
-0.0008095
-0.00081
-0.00081052
-0.00081101
-0.00081151
-0.00081198
-0.00081247
-0.00081293
-0.0008134
-0.00081384
-0.0008143
-0.00081472
-0.00081517
-0.00081558
-0.00081601
-0.00081641
-0.00081682
-0.0008172
-0.0008176
-0.00081797
-0.00081836
-0.00081871
-0.00081909
-0.00081943
-0.00081979
-0.00082011
-0.00082046
-0.00082077
-0.0008211
-0.0008214
-0.00082172
-0.00082201
-0.00082231
-0.00082258
-0.00082288
-0.00082314
-0.00082341
-0.00082366
-0.00082393
-0.00082416
-0.00082441
-0.00082463
-0.00082487
-0.00082508
-0.00082531
-0.00082551
-0.00082572
-0.00082591
-0.00082611
-0.00082628
-0.00082647
-0.00082663
-0.00082681
-0.00082696
-0.00082712
-0.00082726
-0.00082741
-0.00082754
-0.00082768
-0.0008278
-0.00082793
-0.00082803
-0.00082815
-0.00082824
-0.00082835
-0.00082843
-0.00082852
-0.00082859
-0.00082868
-0.00082874
-0.00082881
-0.00082886
-0.00082892
-0.00082896
-0.00082901
-0.00082904
-0.00082908
-0.0008291
-0.00082913
-0.00082913
-0.00082915
-0.00082915
-0.00082916
-0.00082914
-0.00082914
-0.00082912
-0.00082911
-0.00082908
-0.00082905
-0.00082901
-0.00082898
-0.00082893
-0.00082889
-0.00082882
-0.00082877
-0.0008287
-0.00082864
-0.00082856
-0.00082849
-0.0008284
-0.00082832
-0.00082822
-0.00082813
-0.00082802
-0.00082793
-0.00082781
-0.0008277
-0.00082758
-0.00082746
-0.00082732
-0.0008272
-0.00082706
-0.00082692
-0.00082677
-0.00082663
-0.00082647
-0.00082632
-0.00082615
-0.00082599
-0.00082581
-0.00082564
-0.00082546
-0.00082528
-0.00082509
-0.0008249
-0.0008247
-0.00082451
-0.0008243
-0.0008241
-0.00082389
-0.00082368
-0.00082345
-0.00082323
-0.000823
-0.00082278
-0.00082254
-0.00082231
-0.00082206
-0.00082182
-0.00082157
-0.00082132
-0.00082106
-0.0008208
-0.00082054
-0.00082027
-0.00082
-0.00081973
-0.00081945
-0.00081917
-0.00081888
-0.0008186
-0.0008183
-0.00081801
-0.00081771
-0.00081741
-0.0008171
-0.0008168
-0.00081648
-0.00081617
-0.00081585
-0.00081553
-0.00081521
-0.00081488
-0.00081455
-0.00081421
-0.00081387
-0.00081353
-0.00081319
-0.00081284
-0.00081249
-0.00081214
-0.00081178
-0.00081142
-0.00081106
-0.0008107
-0.00081033
-0.00080996
-0.00080958
-0.00080921
-0.00080883
-0.00080844
-0.00080806
-0.00080767
-0.00080728
-0.00080688
-0.00080649
-0.00080608
-0.00080568
-0.00080528
-0.00080487
-0.00080446
-0.00080405
-0.00080363
-0.00080321
-0.00080279
-0.00080236
-0.00080194
-0.00080151
-0.00080107
-0.00080064
-0.0008002
-0.00079977
-0.00079932
-0.00079888
-0.00079843
-0.00079798
-0.00079753
-0.00079708
-0.00079662
-0.00079616
-0.0007957
-0.00079523
-0.00079477
-0.0007943
-0.00079383
-0.00079335
-0.00079288
-0.0007924
-0.00079192
-0.00079144
-0.00079095
-0.00079047
-0.00078997
-0.00078949
-0.00078899
-0.0007885
-0.000788
-0.0007875
-0.00078699
-0.00078649
-0.00078598
-0.00078548
-0.00078496
-0.00078446
-0.00078394
-0.00078342
-0.0007829
-0.00078239
-0.00078186
-0.00078134
-0.00078081
-0.00078028
-0.00077975
-0.00077922
-0.00077868
-0.00077815
-0.00077761
-0.00077707
-0.00077653
-0.00077599
-0.00077544
-0.00077489
-0.00077434
-0.00077379
-0.00077324
-0.00077269
-0.00077213
-0.00077157
-0.00077101
-0.00077045
-0.00076989
-0.00076933
-0.00076876
-0.00076819
-0.00076762
-0.00076705
-0.00076647
-0.0007659
-0.00076532
-0.00076475
-0.00076417
-0.00076359
-0.000763
-0.00076242
-0.00076183
-0.00076125
-0.00076066
-0.00076007
-0.00075947
-0.00075888
-0.00075829
-0.00075769
-0.00075709
-0.0007565
-0.00075589
-0.00075529
-0.00075469
-0.00075408
-0.00075347
-0.00075287
-0.00075226
-0.00075165
-0.00075104
-0.00075043
-0.00074981
-0.0007492
-0.00074857
-0.00074796
-0.00074734
-0.00074672
-0.00074609
-0.00074547
-0.00074484
-0.00074422
-0.00074359
-0.00074296
-0.00074233
-0.0007417
-0.00074107
-0.00074044
-0.0007398
-0.00073917
-0.00073853
-0.00073789
-0.00073725
-0.00073661
-0.00073597
-0.00073533
-0.00073468
-0.00073404
-0.00073339
-0.00073274
-0.00073209
-0.00073145
-0.00073079
-0.00073014
-0.00072949
-0.00072884
-0.00072818
-0.00072753
-0.00072687
-0.00072621
-0.00072555
-0.00072489
-0.00072423
-0.00072357
-0.0007229
-0.00072224
-0.00072157
-0.00072091
-0.00072024
-0.00071958
-0.00071891
-0.00071824
-0.00071756
-0.0007169
-0.00071622
-0.00071555
-0.00071487
-0.0007142
-0.00071352
-0.00071285
-0.00071217
-0.00071149
-0.00071081
-0.00071013
-0.00070945
-0.00070877
-0.00070808
-0.0007074
-0.00070671
-0.00070603
-0.00070534
-0.00070466
-0.00070397
-0.00070328
-0.00070259
-0.0007019
-0.00070121
-0.00070052
-0.00069983
-0.00069913
-0.00069844
-0.00069774
-0.00069705
-0.00069635
-0.00069566
-0.00069496
-0.00069426
-0.00069356
-0.00069286
-0.00069216
-0.00069146
-0.00069076
-0.00069006
-0.00068935
-0.00068865
-0.00068794
-0.00068724
-0.00068653
-0.00068583
-0.00068512
-0.00068441
-0.0006837
-0.00068299
-0.00068229
-0.00068158
-0.00068087
-0.00068015
-0.00067944
-0.00067873
-0.00067802
-0.0006773
-0.00067659
-0.00067587
-0.00067516
-0.00067444
-0.00067372
-0.00067301
-0.00067229
-0.00067157
-0.00067085
-0.00067013
-0.00066941
-0.00066869
-0.00066797
-0.00066725
-0.00066653
-0.00066581
-0.00066508
-0.00066436
-0.00066363
-0.00066291
-0.00066219
-0.00066146
-0.00066073
-0.00066001
-0.00065928
-0.00065855
-0.00065782
-0.0006571
-0.00065637
-0.00065564
-0.00065491
-0.00065418
-0.00065345
-0.00065272
-0.00065198
-0.00065125
-0.00065052
-0.00064979
-0.00064905
-0.00064832
-0.00064759
-0.00064685
-0.00064612
-0.00064538
-0.00064465
-0.00064391
-0.00064317
-0.00064244
-0.0006417
-0.00064096
-0.00064022
-0.00063948
-0.00063875
-0.00063801
-0.00063727
-0.00063653
-0.00063579
-0.00063505
-0.0006343
-0.00063356
-0.00063282
-0.00063208
-0.00063134
-0.00063059
-0.00062985
-0.00062911
-0.00062836
-0.00062762
-0.00062687
-0.00062613
-0.00062538
-0.00062464
-0.00062389
-0.00062315
-0.0006224
-0.00062165
-0.00062091
-0.00062016
-0.00061941
-0.00061866
-0.00061792
-0.00061717
-0.00061642
-0.00061567
-0.00061492
-0.00061417
-0.00061342
-0.00061267
-0.00061192
-0.00061117
-0.00061042
-0.00060967
-0.00060892
-0.00060816
-0.00060741
-0.00060666
-0.00060591
-0.00060515
-0.0006044
-0.00060365
-0.00060289
-0.00060214
-0.00060139
-0.00060063
-0.00059988
-0.00059912
-0.00059837
-0.00059761
-0.00059686
-0.0005961
-0.00059534
-0.00059459
-0.00059383
-0.00059308
-0.00059232
-0.00059156
-0.0005908
-0.00059005
-0.00058929
-0.00058853
-0.00058777
-0.00058702
-0.00058626
-0.0005855
-0.00058474
-0.00058398
-0.00058322
-0.00058246
-0.0005817
-0.00058094
-0.00058018
-0.00057942
-0.00057866
-0.0005779
-0.00057714
-0.00057638
-0.00057562
-0.00057486
-0.0005741
-0.00057333
-0.00057257
-0.00057181
-0.00057105
-0.00057029
-0.00056952
-0.00056876
-0.000568
-0.00056723
-0.00056647
-0.00056571
-0.00056494
-0.00056418
-0.00056342
-0.00056265
-0.00056189
-0.00056113
-0.00056036
-0.0005596
-0.00055883
-0.00055807
-0.0005573
-0.00055654
-0.00055577
-0.00055501
-0.00055424
-0.00055348
-0.00055271
-0.00055194
-0.00055118
-0.00055041
-0.00054965
-0.00054888
-0.00054811
-0.00054735
-0.00054658
-0.00054581
-0.00054505
-0.00054428
-0.00054351
-0.00054274
-0.00054198
-0.00054121
-0.00054044
-0.00053967
-0.00053891
-0.00053814
-0.00053737
-0.0005366
-0.00053583
-0.00053506
-0.0005343
-0.00053353
-0.00053276
-0.00053199
-0.00053122
-0.00053045
-0.00052968
-0.00052891
-0.00052814
-0.00052737
-0.0005266
-0.00052583
-0.00052507
-0.0005243
-0.00052353
-0.00052276
-0.00052199
-0.00052121
-0.00052044
-0.00051967
-0.0005189
-0.00051813
-0.00051736
-0.00051659
-0.00051582
-0.00051505
-0.00051428
-0.00051351
-0.00051274
-0.00051197
-0.00051119
-0.00051042
-0.00050965
-0.00050888
-0.00050811
-0.00050734
-0.00050657
-0.00050579
-0.00050502
-0.00050425
-0.00050348
-0.00050271
-0.00050193
-0.00050116
-0.00050039
-0.00049962
-0.00049884
-0.00049807
-0.0004973
-0.00049653
-0.00049575
-0.00049498
-0.00049421
-0.00049344
-0.00049266
-0.00049189
-0.00049112
-0.00049034
-0.00048957
-0.0004888
-0.00048802
-0.00048725
-0.00048648
-0.0004857
-0.00048493
-0.00048416
-0.00048338
-0.00048261
-0.00048183
-0.00048106
-0.00048029
-0.00047951
-0.00047874
-0.00047797
-0.00047719
-0.00047642
-0.00047564
-0.00047487
-0.00047409
-0.00047332
-0.00047255
-0.00047177
-0.000471
-0.00047022
-0.00046945
-0.00046867
-0.0004679
-0.00046712
-0.00046635
-0.00046558
-0.0004648
-0.00046403
-0.00046325
-0.00046248
-0.0004617
-0.00046093
-0.00046015
-0.00045938
-0.0004586
-0.00045783
-0.00045705
-0.00045628
-0.0004555
-0.00045472
-0.00045395
-0.00045317
-0.0004524
-0.00045162
-0.00045085
-0.00045007
-0.0004493
-0.00044852
-0.00044775
-0.00044697
-0.00044619
-0.00044542
-0.00044464
-0.00044387
-0.00044309
-0.00044232
-0.00044154
-0.00044076
-0.00043999
-0.00043921
-0.00043844
-0.00043766
-0.00043688
-0.00043611
-0.00043533
-0.00043456
-0.00043378
-0.000433
-0.00043223
-0.00043145
-0.00043068
-0.0004299
-0.00042912
-0.00042835
-0.00042757
-0.00042679
-0.00042602
-0.00042524
-0.00042446
-0.00042369
-0.00042291
-0.00042214
-0.00042136
-0.00042058
-0.00041981
-0.00041903
-0.00041825
-0.00041748
-0.0004167
-0.00041592
-0.00041515
-0.00041437
-0.00041359
-0.00041282
-0.00041204
-0.00041126
-0.00041049
-0.00040971
-0.00040893
-0.00040815
-0.00040738
-0.0004066
-0.00040582
-0.00040505
-0.00040427
-0.00040349
-0.00040272
-0.00040194
-0.00040116
-0.00040039
-0.00039961
-0.00039883
-0.00039805
-0.00039728
-0.0003965
-0.00039572
-0.00039495
-0.00039417
-0.00039339
-0.00039261
-0.00039184
-0.00039106
-0.00039028
-0.0003895
-0.00038873
-0.00038795
-0.00038717
-0.0003864
-0.00038562
-0.00038484
-0.00038406
-0.00038329
-0.00038251
-0.00038173
-0.00038095
-0.00038018
-0.0003794
-0.00037862
-0.00037784
-0.00037707
-0.00037629
-0.00037551
-0.00037473
-0.00037396
-0.00037318
-0.0003724
-0.00037162
-0.00037085
-0.00037007
-0.00036929
-0.00036851
-0.00036774
-0.00036696
-0.00036618
-0.0003654
-0.00036463
-0.00036385
-0.00036307
-0.00036229
-0.00036152
-0.00036074
-0.00035996
-0.00035918
-0.0003584
-0.00035763
-0.00035685
-0.00035607
-0.00035529
-0.00035452
-0.00035374
-0.00035296
-0.00035218
-0.0003514
-0.00035063
-0.00034985
-0.00034907
-0.00034829
-0.00034752
-0.00034674
-0.00034596
-0.00034518
-0.0003444
-0.00034363
-0.00034285
-0.00034207
-0.00034129
-0.00034052
-0.00033974
-0.00033896
-0.00033818
-0.0003374
-0.00033663
-0.00033585
-0.00033507
-0.00033429
-0.00033351
-0.00033274
-0.00033196
-0.00033118
-0.0003304
-0.00032962
-0.00032885
-0.00032807
-0.00032729
-0.00032651
-0.00032573
-0.00032496
-0.00032418
-0.0003234
-0.00032262
-0.00032184
-0.00032107
-0.00032029
-0.00031951
-0.00031873
-0.00031795
-0.00031718
-0.0003164
-0.00031562
-0.00031484
-0.00031406
-0.00031329
-0.00031251
-0.00031173
-0.00031095
-0.00031017
-0.00030939
-0.00030862
-0.00030784
-0.00030706
-0.00030628
-0.0003055
-0.00030473
-0.00030395
-0.00030317
-0.00030239
-0.00030161
-0.00030084
-0.00030006
-0.00029928
-0.0002985
-0.00029772
-0.00029694
-0.00029617
-0.00029539
-0.00029461
-0.00029383
-0.00029305
-0.00029228
-0.0002915
-0.00029072
-0.00028994
-0.00028916
-0.00028838
-0.00028761
-0.00028683
-0.00028605
-0.00028527
-0.00028449
-0.00028372
-0.00028294
-0.00028216
-0.00028138
-0.0002806
-0.00027982
-0.00027905
-0.00027827
-0.00027749
-0.00027671
-0.00027593
-0.00027516
-0.00027438
-0.0002736
-0.00027282
-0.00027204
-0.00027126
-0.00027049
-0.00026971
-0.00026893
-0.00026815
-0.00026737
-0.00026659
-0.00026582
-0.00026504
-0.00026426
-0.00026348
-0.0002627
-0.00026192
-0.00026115
-0.00026037
-0.00025959
-0.00025881
-0.00025803
-0.00025726
-0.00025648
-0.0002557
-0.00025492
-0.00025414
-0.00025336
-0.00025259
-0.00025181
-0.00025103
-0.00025025
-0.00024947
-0.00024869
-0.00024792
-0.00024714
-0.00024636
-0.00024558
-0.0002448
-0.00024402
-0.00024325
-0.00024247
-0.00024169
-0.00024091
-0.00024013
-0.00023935
-0.00023858
-0.0002378
-0.00023702
-0.00023624
-0.00023546
-0.00023468
-0.00023391
-0.00023313
-0.00023235
-0.00023157
-0.00023079
-0.00023001
-0.00022924
-0.00022846
-0.00022768
-0.0002269
-0.00022612
-0.00022534
-0.00022457
-0.00022379
-0.00022301
-0.00022223
-0.00022145
-0.00022067
-0.0002199
-0.00021912
-0.00021834
-0.00021756
-0.00021678
-0.000216
-0.00021523
-0.00021445
-0.00021367
-0.00021289
-0.00021211
-0.00021133
-0.00021056
-0.00020978
-0.000209
-0.00020822
-0.00020744
-0.00020666
-0.00020589
-0.00020511
-0.00020433
-0.00020355
-0.00020277
-0.00020199
-0.00020122
-0.00020044
-0.00019966
-0.00019888
-0.0001981
-0.00019732
-0.00019655
-0.00019577
-0.00019499
-0.00019421
-0.00019343
-0.00019265
-0.00019188
-0.0001911
-0.00019032
-0.00018954
-0.00018876
-0.00018798
-0.0001872
-0.00018643
-0.00018565
-0.00018487
-0.00018409
-0.00018331
-0.00018253
-0.00018176
-0.00018098
-0.0001802
-0.00017942
-0.00017864
-0.00017786
-0.00017709
-0.00017631
-0.00017553
-0.00017475
-0.00017397
-0.00017319
-0.00017242
-0.00017164
-0.00017086
-0.00017008
-0.0001693
-0.00016852
-0.00016775
-0.00016697
-0.00016619
-0.00016541
-0.00016463
-0.00016385
-0.00016308
-0.0001623
-0.00016152
-0.00016074
-0.00015996
-0.00015918
-0.0001584
-0.00015763
-0.00015685
-0.00015607
-0.00015529
-0.00015451
-0.00015373
-0.00015296
-0.00015218
-0.0001514
-0.00015062
-0.00014984
-0.00014906
-0.00014829
-0.00014751
-0.00014673
-0.00014595
-0.00014517
-0.00014439
-0.00014362
-0.00014284
-0.00014206
-0.00014128
-0.0001405
-0.00013972
-0.00013894
-0.00013817
-0.00013739
-0.00013661
-0.00013583
-0.00013505
-0.00013427
-0.0001335
-0.00013272
-0.00013194
-0.00013116
-0.00013038
-0.0001296
-0.00012883
-0.00012805
-0.00012727
-0.00012649
-0.00012571
-0.00012493
-0.00012416
-0.00012338
-0.0001226
-0.00012182
-0.00012104
-0.00012026
-0.00011949
-0.00011871
-0.00011793
-0.00011715
-0.00011637
-0.00011559
-0.00011481
-0.00011404
-0.00011326
-0.00011248
-0.0001117
-0.00011092
-0.00011014
-0.00010937
-0.00010859
-0.00010781
-0.00010703
-0.00010625
-0.00010547
-0.0001047
-0.00010392
-0.00010314
-0.00010236
-0.00010158
-0.0001008
-0.00010003
-9.9247e-05
-9.8468e-05
-9.769e-05
-9.6911e-05
-9.6133e-05
-9.5355e-05
-9.4576e-05
-9.3798e-05
-9.3019e-05
-9.2241e-05
-9.1463e-05
-9.0684e-05
-8.9906e-05
-8.9127e-05
-8.8349e-05
-8.7571e-05
-8.6792e-05
-8.6014e-05
-8.5235e-05
-8.4457e-05
-8.3679e-05
-8.29e-05
-8.2122e-05
-8.1343e-05
-8.0565e-05
-7.9787e-05
-7.9008e-05
-7.823e-05
-7.7451e-05
-7.6673e-05
-7.5895e-05
-7.5116e-05
-7.4338e-05
-7.3559e-05
-7.2781e-05
-7.2003e-05
-7.1224e-05
-7.0446e-05
-6.9667e-05
-6.8889e-05
-6.811e-05
-6.7332e-05
-6.6554e-05
-6.5775e-05
-6.4997e-05
-6.4218e-05
-6.344e-05
-6.2662e-05
-6.1883e-05
-6.1105e-05
-6.0326e-05
-5.9548e-05
-5.877e-05
-5.7991e-05
-5.7213e-05
-5.6434e-05
-5.5656e-05
-5.4878e-05
-5.4099e-05
-5.3321e-05
-5.2542e-05
-5.1764e-05
-5.0986e-05
-5.0207e-05
-4.9429e-05
-4.865e-05
-4.7872e-05
-4.7094e-05
-4.6315e-05
-4.5537e-05
-4.4758e-05
-4.398e-05
-4.3202e-05
-4.2423e-05
-4.1645e-05
-4.0866e-05
-4.0088e-05
-3.931e-05
-3.8531e-05
-3.7753e-05
-3.6974e-05
-3.6196e-05
-3.5417e-05
-3.4639e-05
-3.3861e-05
-3.3082e-05
-3.2304e-05
-3.1525e-05
-3.0747e-05
-2.9969e-05
-2.919e-05
-2.8412e-05
-2.7633e-05
-2.6855e-05
-2.6077e-05
-2.5298e-05
-2.452e-05
-2.3741e-05
-2.2963e-05
-2.2185e-05
-2.1406e-05
-2.0628e-05
-1.9849e-05
-1.9071e-05
-1.8293e-05
-1.7514e-05
-1.6736e-05
-1.5957e-05
-1.5179e-05
-1.4401e-05
-1.3622e-05
-1.2844e-05
-1.2065e-05
-1.1287e-05
-1.0508e-05
-9.7301e-06
-8.9517e-06
-8.1733e-06
-7.3949e-06
-6.6165e-06
-5.838e-06
-5.0596e-06
-4.2812e-06
-3.5028e-06
-2.7244e-06
-1.946e-06
-1.1676e-06
-3.892e-07
3.892e-07
1.1676e-06
1.946e-06
2.7244e-06
3.5028e-06
4.2812e-06
5.0596e-06
5.838e-06
6.6165e-06
7.3949e-06
8.1733e-06
8.9517e-06
9.7301e-06
1.0508e-05
1.1287e-05
1.2065e-05
1.2844e-05
1.3622e-05
1.4401e-05
1.5179e-05
1.5957e-05
1.6736e-05
1.7514e-05
1.8293e-05
1.9071e-05
1.9849e-05
2.0628e-05
2.1406e-05
2.2185e-05
2.2963e-05
2.3741e-05
2.452e-05
2.5298e-05
2.6077e-05
2.6855e-05
2.7633e-05
2.8412e-05
2.919e-05
2.9969e-05
3.0747e-05
3.1525e-05
3.2304e-05
3.3082e-05
3.3861e-05
3.4639e-05
3.5417e-05
3.6196e-05
3.6974e-05
3.7753e-05
3.8531e-05
3.931e-05
4.0088e-05
4.0866e-05
4.1645e-05
4.2423e-05
4.3202e-05
4.398e-05
4.4758e-05
4.5537e-05
4.6315e-05
4.7094e-05
4.7872e-05
4.865e-05
4.9429e-05
5.0207e-05
5.0986e-05
5.1764e-05
5.2542e-05
5.3321e-05
5.4099e-05
5.4878e-05
5.5656e-05
5.6434e-05
5.7213e-05
5.7991e-05
5.877e-05
5.9548e-05
6.0326e-05
6.1105e-05
6.1883e-05
6.2662e-05
6.344e-05
6.4218e-05
6.4997e-05
6.5775e-05
6.6554e-05
6.7332e-05
6.811e-05
6.8889e-05
6.9667e-05
7.0446e-05
7.1224e-05
7.2003e-05
7.2781e-05
7.3559e-05
7.4338e-05
7.5116e-05
7.5895e-05
7.6673e-05
7.7451e-05
7.823e-05
7.9008e-05
7.9787e-05
8.0565e-05
8.1343e-05
8.2122e-05
8.29e-05
8.3679e-05
8.4457e-05
8.5235e-05
8.6014e-05
8.6792e-05
8.7571e-05
8.8349e-05
8.9127e-05
8.9906e-05
9.0684e-05
9.1463e-05
9.2241e-05
9.3019e-05
9.3798e-05
9.4576e-05
9.5355e-05
9.6133e-05
9.6911e-05
9.769e-05
9.8468e-05
9.9247e-05
0.00010003
0.0001008
0.00010158
0.00010236
0.00010314
0.00010392
0.0001047
0.00010547
0.00010625
0.00010703
0.00010781
0.00010859
0.00010937
0.00011014
0.00011092
0.0001117
0.00011248
0.00011326
0.00011404
0.00011481
0.00011559
0.00011637
0.00011715
0.00011793
0.00011871
0.00011949
0.00012026
0.00012104
0.00012182
0.0001226
0.00012338
0.00012416
0.00012493
0.00012571
0.00012649
0.00012727
0.00012805
0.00012883
0.0001296
0.00013038
0.00013116
0.00013194
0.00013272
0.0001335
0.00013427
0.00013505
0.00013583
0.00013661
0.00013739
0.00013817
0.00013894
0.00013972
0.0001405
0.00014128
0.00014206
0.00014284
0.00014362
0.00014439
0.00014517
0.00014595
0.00014673
0.00014751
0.00014829
0.00014906
0.00014984
0.00015062
0.0001514
0.00015218
0.00015296
0.00015373
0.00015451
0.00015529
0.00015607
0.00015685
0.00015763
0.0001584
0.00015918
0.00015996
0.00016074
0.00016152
0.0001623
0.00016308
0.00016385
0.00016463
0.00016541
0.00016619
0.00016697
0.00016775
0.00016852
0.0001693
0.00017008
0.00017086
0.00017164
0.00017242
0.00017319
0.00017397
0.00017475
0.00017553
0.00017631
0.00017709
0.00017786
0.00017864
0.00017942
0.0001802
0.00018098
0.00018176
0.00018253
0.00018331
0.00018409
0.00018487
0.00018565
0.00018643
0.0001872
0.00018798
0.00018876
0.00018954
0.00019032
0.0001911
0.00019188
0.00019265
0.00019343
0.00019421
0.00019499
0.00019577
0.00019655
0.00019732
0.0001981
0.00019888
0.00019966
0.00020044
0.00020122
0.00020199
0.00020277
0.00020355
0.00020433
0.00020511
0.00020589
0.00020666
0.00020744
0.00020822
0.000209
0.00020978
0.00021056
0.00021133
0.00021211
0.00021289
0.00021367
0.00021445
0.00021523
0.000216
0.00021678
0.00021756
0.00021834
0.00021912
0.0002199
0.00022067
0.00022145
0.00022223
0.00022301
0.00022379
0.00022457
0.00022534
0.00022612
0.0002269
0.00022768
0.00022846
0.00022924
0.00023001
0.00023079
0.00023157
0.00023235
0.00023313
0.00023391
0.00023468
0.00023546
0.00023624
0.00023702
0.0002378
0.00023858
0.00023935
0.00024013
0.00024091
0.00024169
0.00024247
0.00024325
0.00024402
0.0002448
0.00024558
0.00024636
0.00024714
0.00024792
0.00024869
0.00024947
0.00025025
0.00025103
0.00025181
0.00025259
0.00025336
0.00025414
0.00025492
0.0002557
0.00025648
0.00025726
0.00025803
0.00025881
0.00025959
0.00026037
0.00026115
0.00026192
0.0002627
0.00026348
0.00026426
0.00026504
0.00026582
0.00026659
0.00026737
0.00026815
0.00026893
0.00026971
0.00027049
0.00027126
0.00027204
0.00027282
0.0002736
0.00027438
0.00027516
0.00027593
0.00027671
0.00027749
0.00027827
0.00027905
0.00027982
0.0002806
0.00028138
0.00028216
0.00028294
0.00028372
0.00028449
0.00028527
0.00028605
0.00028683
0.00028761
0.00028838
0.00028916
0.00028994
0.00029072
0.0002915
0.00029228
0.00029305
0.00029383
0.00029461
0.00029539
0.00029617
0.00029694
0.00029772
0.0002985
0.00029928
0.00030006
0.00030084
0.00030161
0.00030239
0.00030317
0.00030395
0.00030473
0.0003055
0.00030628
0.00030706
0.00030784
0.00030862
0.00030939
0.00031017
0.00031095
0.00031173
0.00031251
0.00031329
0.00031406
0.00031484
0.00031562
0.0003164
0.00031718
0.00031795
0.00031873
0.00031951
0.00032029
0.00032107
0.00032184
0.00032262
0.0003234
0.00032418
0.00032496
0.00032573
0.00032651
0.00032729
0.00032807
0.00032885
0.00032962
0.0003304
0.00033118
0.00033196
0.00033274
0.00033351
0.00033429
0.00033507
0.00033585
0.00033663
0.0003374
0.00033818
0.00033896
0.00033974
0.00034052
0.00034129
0.00034207
0.00034285
0.00034363
0.0003444
0.00034518
0.00034596
0.00034674
0.00034752
0.00034829
0.00034907
0.00034985
0.00035063
0.0003514
0.00035218
0.00035296
0.00035374
0.00035452
0.00035529
0.00035607
0.00035685
0.00035763
0.0003584
0.00035918
0.00035996
0.00036074
0.00036152
0.00036229
0.00036307
0.00036385
0.00036463
0.0003654
0.00036618
0.00036696
0.00036774
0.00036851
0.00036929
0.00037007
0.00037085
0.00037162
0.0003724
0.00037318
0.00037396
0.00037473
0.00037551
0.00037629
0.00037707
0.00037784
0.00037862
0.0003794
0.00038018
0.00038095
0.00038173
0.00038251
0.00038329
0.00038406
0.00038484
0.00038562
0.0003864
0.00038717
0.00038795
0.00038873
0.0003895
0.00039028
0.00039106
0.00039184
0.00039261
0.00039339
0.00039417
0.00039495
0.00039572
0.0003965
0.00039728
0.00039805
0.00039883
0.00039961
0.00040039
0.00040116
0.00040194
0.00040272
0.00040349
0.00040427
0.00040505
0.00040582
0.0004066
0.00040738
0.00040815
0.00040893
0.00040971
0.00041049
0.00041126
0.00041204
0.00041282
0.00041359
0.00041437
0.00041515
0.00041592
0.0004167
0.00041748
0.00041825
0.00041903
0.00041981
0.00042058
0.00042136
0.00042214
0.00042291
0.00042369
0.00042446
0.00042524
0.00042602
0.00042679
0.00042757
0.00042835
0.00042912
0.0004299
0.00043068
0.00043145
0.00043223
0.000433
0.00043378
0.00043456
0.00043533
0.00043611
0.00043688
0.00043766
0.00043844
0.00043921
0.00043999
0.00044076
0.00044154
0.00044232
0.00044309
0.00044387
0.00044464
0.00044542
0.00044619
0.00044697
0.00044775
0.00044852
0.0004493
0.00045007
0.00045085
0.00045162
0.0004524
0.00045317
0.00045395
0.00045472
0.0004555
0.00045628
0.00045705
0.00045783
0.0004586
0.00045938
0.00046015
0.00046093
0.0004617
0.00046248
0.00046325
0.00046403
0.0004648
0.00046558
0.00046635
0.00046712
0.0004679
0.00046867
0.00046945
0.00047022
0.000471
0.00047177
0.00047255
0.00047332
0.00047409
0.00047487
0.00047564
0.00047642
0.00047719
0.00047797
0.00047874
0.00047951
0.00048029
0.00048106
0.00048183
0.00048261
0.00048338
0.00048416
0.00048493
0.0004857
0.00048648
0.00048725
0.00048802
0.0004888
0.00048957
0.00049034
0.00049112
0.00049189
0.00049266
0.00049344
0.00049421
0.00049498
0.00049575
0.00049653
0.0004973
0.00049807
0.00049884
0.00049962
0.00050039
0.00050116
0.00050193
0.00050271
0.00050348
0.00050425
0.00050502
0.00050579
0.00050657
0.00050734
0.00050811
0.00050888
0.00050965
0.00051042
0.00051119
0.00051197
0.00051274
0.00051351
0.00051428
0.00051505
0.00051582
0.00051659
0.00051736
0.00051813
0.0005189
0.00051967
0.00052044
0.00052121
0.00052199
0.00052276
0.00052353
0.0005243
0.00052507
0.00052583
0.0005266
0.00052737
0.00052814
0.00052891
0.00052968
0.00053045
0.00053122
0.00053199
0.00053276
0.00053353
0.0005343
0.00053506
0.00053583
0.0005366
0.00053737
0.00053814
0.00053891
0.00053967
0.00054044
0.00054121
0.00054198
0.00054274
0.00054351
0.00054428
0.00054505
0.00054581
0.00054658
0.00054735
0.00054811
0.00054888
0.00054965
0.00055041
0.00055118
0.00055194
0.00055271
0.00055348
0.00055424
0.00055501
0.00055577
0.00055654
0.0005573
0.00055807
0.00055883
0.0005596
0.00056036
0.00056113
0.00056189
0.00056265
0.00056342
0.00056418
0.00056494
0.00056571
0.00056647
0.00056723
0.000568
0.00056876
0.00056952
0.00057029
0.00057105
0.00057181
0.00057257
0.00057333
0.0005741
0.00057486
0.00057562
0.00057638
0.00057714
0.0005779
0.00057866
0.00057942
0.00058018
0.00058094
0.0005817
0.00058246
0.00058322
0.00058398
0.00058474
0.0005855
0.00058626
0.00058702
0.00058777
0.00058853
0.00058929
0.00059005
0.0005908
0.00059156
0.00059232
0.00059308
0.00059383
0.00059459
0.00059534
0.0005961
0.00059686
0.00059761
0.00059837
0.00059912
0.00059988
0.00060063
0.00060139
0.00060214
0.00060289
0.00060365
0.0006044
0.00060515
0.00060591
0.00060666
0.00060741
0.00060816
0.00060892
0.00060967
0.00061042
0.00061117
0.00061192
0.00061267
0.00061342
0.00061417
0.00061492
0.00061567
0.00061642
0.00061717
0.00061792
0.00061866
0.00061941
0.00062016
0.00062091
0.00062165
0.0006224
0.00062315
0.00062389
0.00062464
0.00062538
0.00062613
0.00062687
0.00062762
0.00062836
0.00062911
0.00062985
0.00063059
0.00063134
0.00063208
0.00063282
0.00063356
0.0006343
0.00063505
0.00063579
0.00063653
0.00063727
0.00063801
0.00063875
0.00063948
0.00064022
0.00064096
0.0006417
0.00064244
0.00064317
0.00064391
0.00064465
0.00064538
0.00064612
0.00064685
0.00064759
0.00064832
0.00064905
0.00064979
0.00065052
0.00065125
0.00065198
0.00065272
0.00065345
0.00065418
0.00065491
0.00065564
0.00065637
0.0006571
0.00065782
0.00065855
0.00065928
0.00066001
0.00066073
0.00066146
0.00066219
0.00066291
0.00066363
0.00066436
0.00066508
0.00066581
0.00066653
0.00066725
0.00066797
0.00066869
0.00066941
0.00067013
0.00067085
0.00067157
0.00067229
0.00067301
0.00067372
0.00067444
0.00067516
0.00067587
0.00067659
0.0006773
0.00067802
0.00067873
0.00067944
0.00068015
0.00068087
0.00068158
0.00068229
0.00068299
0.0006837
0.00068441
0.00068512
0.00068583
0.00068653
0.00068724
0.00068794
0.00068865
0.00068935
0.00069006
0.00069076
0.00069146
0.00069216
0.00069286
0.00069356
0.00069426
0.00069496
0.00069566
0.00069635
0.00069705
0.00069774
0.00069844
0.00069913
0.00069983
0.00070052
0.00070121
0.0007019
0.00070259
0.00070328
0.00070397
0.00070466
0.00070534
0.00070603
0.00070671
0.0007074
0.00070808
0.00070877
0.00070945
0.00071013
0.00071081
0.00071149
0.00071217
0.00071285
0.00071352
0.0007142
0.00071487
0.00071555
0.00071622
0.0007169
0.00071756
0.00071824
0.00071891
0.00071958
0.00072024
0.00072091
0.00072157
0.00072224
0.0007229
0.00072357
0.00072423
0.00072489
0.00072555
0.00072621
0.00072687
0.00072753
0.00072818
0.00072884
0.00072949
0.00073014
0.00073079
0.00073145
0.00073209
0.00073274
0.00073339
0.00073404
0.00073468
0.00073533
0.00073597
0.00073661
0.00073725
0.00073789
0.00073853
0.00073917
0.0007398
0.00074044
0.00074107
0.0007417
0.00074233
0.00074296
0.00074359
0.00074422
0.00074484
0.00074547
0.00074609
0.00074672
0.00074734
0.00074796
0.00074857
0.0007492
0.00074981
0.00075043
0.00075104
0.00075165
0.00075226
0.00075287
0.00075347
0.00075408
0.00075469
0.00075529
0.00075589
0.0007565
0.00075709
0.00075769
0.00075829
0.00075888
0.00075947
0.00076007
0.00076066
0.00076125
0.00076183
0.00076242
0.000763
0.00076359
0.00076417
0.00076475
0.00076532
0.0007659
0.00076647
0.00076705
0.00076762
0.00076819
0.00076876
0.00076933
0.00076989
0.00077045
0.00077101
0.00077157
0.00077213
0.00077269
0.00077324
0.00077379
0.00077434
0.00077489
0.00077544
0.00077599
0.00077653
0.00077707
0.00077761
0.00077815
0.00077868
0.00077922
0.00077975
0.00078028
0.00078081
0.00078134
0.00078186
0.00078239
0.0007829
0.00078342
0.00078394
0.00078446
0.00078496
0.00078548
0.00078598
0.00078649
0.00078699
0.0007875
0.000788
0.0007885
0.00078899
0.00078949
0.00078997
0.00079047
0.00079095
0.00079144
0.00079192
0.0007924
0.00079288
0.00079335
0.00079383
0.0007943
0.00079477
0.00079523
0.0007957
0.00079616
0.00079662
0.00079708
0.00079753
0.00079798
0.00079843
0.00079888
0.00079932
0.00079977
0.0008002
0.00080064
0.00080107
0.00080151
0.00080194
0.00080236
0.00080279
0.00080321
0.00080363
0.00080405
0.00080446
0.00080487
0.00080528
0.00080568
0.00080608
0.00080649
0.00080688
0.00080728
0.00080767
0.00080806
0.00080844
0.00080883
0.00080921
0.00080958
0.00080996
0.00081033
0.0008107
0.00081106
0.00081142
0.00081178
0.00081214
0.00081249
0.00081284
0.00081319
0.00081353
0.00081387
0.00081421
0.00081455
0.00081488
0.00081521
0.00081553
0.00081585
0.00081617
0.00081648
0.0008168
0.0008171
0.00081741
0.00081771
0.00081801
0.0008183
0.0008186
0.00081888
0.00081917
0.00081945
0.00081973
0.00082
0.00082027
0.00082054
0.0008208
0.00082106
0.00082132
0.00082157
0.00082182
0.00082206
0.00082231
0.00082254
0.00082278
0.000823
0.00082323
0.00082345
0.00082368
0.00082389
0.0008241
0.0008243
0.00082451
0.0008247
0.0008249
0.00082509
0.00082528
0.00082546
0.00082564
0.00082581
0.00082599
0.00082615
0.00082632
0.00082647
0.00082663
0.00082677
0.00082692
0.00082706
0.0008272
0.00082732
0.00082746
0.00082758
0.0008277
0.00082781
0.00082793
0.00082802
0.00082813
0.00082822
0.00082832
0.0008284
0.00082849
0.00082856
0.00082864
0.0008287
0.00082877
0.00082882
0.00082889
0.00082893
0.00082898
0.00082901
0.00082905
0.00082908
0.00082911
0.00082912
0.00082914
0.00082914
0.00082916
0.00082915
0.00082915
0.00082913
0.00082913
0.0008291
0.00082908
0.00082904
0.00082901
0.00082896
0.00082892
0.00082886
0.00082881
0.00082874
0.00082868
0.00082859
0.00082852
0.00082843
0.00082835
0.00082824
0.00082815
0.00082803
0.00082793
0.0008278
0.00082768
0.00082754
0.00082741
0.00082726
0.00082712
0.00082696
0.00082681
0.00082663
0.00082647
0.00082628
0.00082611
0.00082591
0.00082572
0.00082551
0.00082531
0.00082508
0.00082487
0.00082463
0.00082441
0.00082416
0.00082393
0.00082366
0.00082341
0.00082314
0.00082288
0.00082258
0.00082231
0.00082201
0.00082172
0.0008214
0.0008211
0.00082077
0.00082046
0.00082011
0.00081979
0.00081943
0.00081909
0.00081871
0.00081836
0.00081797
0.0008176
0.0008172
0.00081682
0.00081641
0.00081601
0.00081558
0.00081517
0.00081472
0.0008143
0.00081384
0.0008134
0.00081293
0.00081247
0.00081198
0.00081151
0.00081101
0.00081052
0.00081
0.0008095
0.00080897
0.00080845
0.0008079
0.00080737
0.0008068
0.00080625
0.00080567
0.00080511
0.00080451
0.00080393
0.00080332
0.00080272
0.00080209
0.00080148
0.00080083
0.0008002
0.00079954
0.00079889
0.00079821
0.00079755
0.00079685
0.00079617
0.00079546
0.00079476
0.00079403
0.00079332
0.00079257
0.00079184
0.00079107
0.00079032
0.00078954
0.00078877
0.00078797
0.00078718
0.00078636
0.00078556
0.00078472
0.0007839
0.00078304
0.00078221
0.00078133
0.00078047
0.00077958
0.0007787
0.00077779
0.00077689
0.00077596
0.00077504
0.00077409
0.00077316
0.00077219
0.00077123
0.00077024
0.00076927
0.00076826
0.00076727
0.00076624
0.00076522
0.00076417
0.00076314
0.00076207
0.00076102
0.00075993
0.00075885
0.00075774
0.00075665
0.00075551
0.0007544
0.00075325
0.00075211
0.00075094
0.00074978
0.00074858
0.0007474
0.00074619
0.00074498
0.00074375
0.00074252
0.00074126
0.00074002
0.00073874
0.00073747
0.00073617
0.00073487
0.00073355
0.00073224
0.00073089
0.00072955
0.00072818
0.00072682
0.00072543
0.00072405
0.00072263
0.00072122
0.00071978
0.00071836
0.00071689
0.00071544
0.00071395
0.00071248
0.00071097
0.00070946
0.00070793
0.0007064
0.00070485
0.0007033
0.00070171
0.00070014
0.00069853
0.00069693
0.0006953
0.00069367
0.00069202
0.00069037
0.00068869
0.00068701
0.0006853
0.0006836
0.00068187
0.00068014
0.00067838
0.00067663
0.00067484
0.00067306
0.00067125
0.00066945
0.00066761
0.00066578
0.00066391
0.00066205
0.00066016
0.00065828
0.00065636
0.00065445
0.0006525
0.00065056
0.00064859
0.00064662
0.00064462
0.00064262
0.00064059
0.00063857
0.00063651
0.00063446
0.00063238
0.00063029
0.00062818
0.00062607
0.00062393
0.00062179
0.00061962
0.00061745
0.00061525
0.00061305
0.00061082
0.0006086
0.00060634
0.00060408
0.00060179
0.00059951
0.00059719
0.00059487
0.00059252
0.00059017
0.0005878
0.00058542
0.00058301
0.0005806
0.00057816
0.00057572
0.00057325
0.00057078
0.00056828
0.00056577
0.00056324
0.0005607
0.00055814
0.00055557
0.00055298
0.00055037
0.00054775
0.00054511
0.00054245
0.00053979
0.0005371
0.0005344
0.00053167
0.00052894
0.00052618
0.00052342
0.00052063
0.00051783
0.000515
0.00051217
0.00050931
0.00050644
0.00050355
0.00050065
0.00049773
0.00049479
0.00049183
0.00048886
0.00048586
0.00048286
0.00047983
0.00047679
0.00047373
0.00047065
0.00046755
0.00046444
0.0004613
0.00045816
0.00045498
0.0004518
0.00044859
0.00044538
0.00044213
0.00043888
0.0004356
0.0004323
0.00042899
0.00042566
0.00042231
0.00041894
0.00041555
0.00041214
0.00040872
0.00040528
0.00040181
0.00039833
0.00039483
0.00039131
0.00038777
0.00038421
0.00038063
0.00037704
0.00037342
0.00036979
0.00036613
0.00036246
0.00035876
0.00035505
0.00035132
0.00034757
0.00034379
0.00034
0.00033619
0.00033235
0.0003285
0.00032463
0.00032073
0.00031682
0.00031289
0.00030894
0.00030496
0.00030097
0.00029695
0.00029292
0.00028886
0.00028478
0.00028068
0.00027657
0.00027243
0.00026827
0.00026408
0.00025988
0.00025566
0.00025142
0.00024715
0.00024286
0.00023855
0.00023422
0.00022987
0.0002255
0.0002211
0.00021669
0.00021225
0.00020779
0.00020331
0.0001988
0.00019428
0.00018973
0.00018516
0.00018057
0.00017595
0.00017132
0.00016666
0.00016198
0.00015727
0.00015255
0.0001478
0.00014303
0.00013824
0.00013342
0.00012858
0.00012372
0.00011883
0.00011392
0.00010899
0.00010404
9.906e-05
9.4059e-05
8.9035e-05
8.3988e-05
7.8916e-05
7.3822e-05
6.8704e-05
6.3563e-05
5.8397e-05
5.3208e-05
4.7995e-05
4.2759e-05
3.7498e-05
3.2214e-05
2.6905e-05
2.1573e-05
1.6216e-05
1.0835e-05
5.4296e-06
