-0.00046784
-0.00047683
-0.00046891
-0.00045931
-0.00044948
-0.00043959
-0.00042969
-0.00041979
-0.00040989
-0.00039999
-0.00039009
-0.00038019
-0.00037029
-0.00036039
-0.00035049
-0.00034058
-0.00033068
-0.00032078
-0.00031088
-0.00030098
-0.00029108
-0.00028118
-0.00027128
-0.00026138
-0.00025148
-0.00024157
-0.00023167
-0.00022177
-0.00021187
-0.00020197
-0.00019207
-0.00018217
-0.00017227
-0.00016237
-0.00015247
-0.00014256
-0.00013266
-0.00012276
-0.00011286
-0.00010296
-9.3059e-05
-8.3158e-05
-7.3257e-05
-6.3356e-05
-5.3455e-05
-4.3554e-05
-3.3653e-05
-2.3752e-05
-1.3851e-05
-3.9505e-06
5.9505e-06
1.5851e-05
2.5752e-05
3.5653e-05
4.5554e-05
5.5455e-05
6.5356e-05
7.5257e-05
8.5158e-05
9.5059e-05
0.00010496
0.00011486
0.00012476
0.00013466
0.00014456
0.00015446
0.00016436
0.00017426
0.00018416
0.00019405
0.00020395
0.00021384
0.00022373
0.00023361
0.00024348
0.00025335
0.00026319
0.00027302
0.00028281
0.00029256
0.00030224
0.00031184
0.00032132
0.00033063
0.00033971
0.00034846
0.00035677
0.00036446
0.00037129
0.00037696
0.00038102
0.00038287
0.0003817
0.00037641
0.00036548
0.00034688
0.00031785
0.00027463
0.00021219
0.0001237
