-0.0010809
-0.0013857
-0.0015443
-0.0016438
-0.0017123
-0.0017621
-0.0017997
-0.001829
-0.0018521
-0.0018706
-0.0018857
-0.0018981
-0.0019083
-0.0019167
-0.0019237
-0.0019296
-0.0019345
-0.0019386
-0.001942
-0.0019448
-0.0019471
-0.001949
-0.0019505
-0.0019517
-0.0019526
-0.0019533
-0.0019538
-0.0019541
-0.0019542
-0.0019542
-0.001954
-0.0019537
-0.0019534
-0.0019529
-0.0019524
-0.0019518
-0.0019511
-0.0019504
-0.0019497
-0.0019488
-0.001948
-0.0019471
-0.0019462
-0.0019452
-0.0019442
-0.0019432
-0.0019422
-0.0019411
-0.0019401
-0.001939
-0.0019379
-0.0019368
-0.0019357
-0.0019345
-0.0019334
-0.0019322
-0.0019311
-0.0019299
-0.0019287
-0.0019275
-0.0019263
-0.0019251
-0.0019239
-0.0019227
-0.0019215
-0.0019203
-0.0019191
-0.0019179
-0.0019166
-0.0019154
-0.0019142
-0.001913
-0.0019117
-0.0019105
-0.0019092
-0.001908
-0.0019068
-0.0019055
-0.0019043
-0.001903
-0.0019018
-0.0019006
-0.0018993
-0.0018981
-0.0018968
-0.0018956
-0.0018943
-0.0018931
-0.0018918
-0.0018906
-0.0018893
-0.0018881
-0.0018868
-0.0018855
-0.0018843
-0.001883
-0.0018818
-0.0018805
-0.0018793
-0.001878
-0.0018768
-0.0018755
-0.0018743
-0.001873
-0.0018717
-0.0018705
-0.0018692
-0.001868
-0.0018667
-0.0018655
-0.0018642
-0.001863
-0.0018617
-0.0018604
-0.0018592
-0.0018579
-0.0018567
-0.0018554
-0.0018542
-0.0018529
-0.0018516
-0.0018504
-0.0018491
-0.0018479
-0.0018466
-0.0018454
-0.0018441
-0.0018428
-0.0018416
-0.0018403
-0.0018391
-0.0018378
-0.0018365
-0.0018353
-0.001834
-0.0018328
-0.0018315
-0.0018303
-0.001829
-0.0018277
-0.0018265
-0.0018252
-0.001824
-0.0018227
-0.0018215
-0.0018202
-0.0018189
-0.0018177
-0.0018164
-0.0018152
-0.0018139
-0.0018127
-0.0018114
-0.0018101
-0.0018089
-0.0018076
-0.0018064
-0.0018051
-0.0018038
-0.0018026
-0.0018013
-0.0018001
-0.0017988
-0.0017976
-0.0017963
-0.001795
-0.0017938
-0.0017925
-0.0017913
-0.00179
-0.0017887
-0.0017875
-0.0017862
-0.001785
-0.0017837
-0.0017825
-0.0017812
-0.0017799
-0.0017787
-0.0017774
-0.0017762
-0.0017749
-0.0017737
-0.0017724
-0.0017711
-0.0017699
-0.0017686
-0.0017674
-0.0017661
-0.0017648
-0.0017636
-0.0017623
-0.0017611
-0.0017598
-0.0017586
-0.0017573
-0.001756
-0.0017548
-0.0017535
-0.0017523
-0.001751
-0.0017498
-0.0017485
-0.0017472
-0.001746
-0.0017447
-0.0017435
-0.0017422
-0.0017409
-0.0017397
-0.0017384
-0.0017372
-0.0017359
-0.0017347
-0.0017334
-0.0017321
-0.0017309
-0.0017296
-0.0017284
-0.0017271
-0.0017259
-0.0017246
-0.0017233
-0.0017221
-0.0017208
-0.0017196
-0.0017183
-0.001717
-0.0017158
-0.0017145
-0.0017133
-0.001712
-0.0017108
-0.0017095
-0.0017082
-0.001707
-0.0017057
-0.0017045
-0.0017032
-0.001702
-0.0017007
-0.0016994
-0.0016982
-0.0016969
-0.0016957
-0.0016944
-0.0016931
-0.0016919
-0.0016906
-0.0016894
-0.0016881
-0.0016869
-0.0016856
-0.0016843
-0.0016831
-0.0016818
-0.0016806
-0.0016793
-0.0016781
-0.0016768
-0.0016755
-0.0016743
-0.001673
-0.0016718
-0.0016705
-0.0016692
-0.001668
-0.0016667
-0.0016655
-0.0016642
-0.001663
-0.0016617
-0.0016604
-0.0016592
-0.0016579
-0.0016567
-0.0016554
-0.0016542
-0.0016529
-0.0016516
-0.0016504
-0.0016491
-0.0016479
-0.0016466
-0.0016453
-0.0016441
-0.0016428
-0.0016416
-0.0016403
-0.0016391
-0.0016378
-0.0016365
-0.0016353
-0.001634
-0.0016328
-0.0016315
-0.0016302
-0.001629
-0.0016277
-0.0016265
-0.0016252
-0.001624
-0.0016227
-0.0016214
-0.0016202
-0.0016189
-0.0016177
-0.0016164
-0.0016152
-0.0016139
-0.0016126
-0.0016114
-0.0016101
-0.0016089
-0.0016076
-0.0016063
-0.0016051
-0.0016038
-0.0016026
-0.0016013
-0.0016001
-0.0015988
-0.0015975
-0.0015963
-0.001595
-0.0015938
-0.0015925
-0.0015913
-0.00159
-0.0015887
-0.0015875
-0.0015862
-0.001585
-0.0015837
-0.0015824
-0.0015812
-0.0015799
-0.0015787
-0.0015774
-0.0015762
-0.0015749
-0.0015736
-0.0015724
-0.0015711
-0.0015699
-0.0015686
-0.0015674
-0.0015661
-0.0015648
-0.0015636
-0.0015623
-0.0015611
-0.0015598
-0.0015585
-0.0015573
-0.001556
-0.0015548
-0.0015535
-0.0015523
-0.001551
-0.0015497
-0.0015485
-0.0015472
-0.001546
-0.0015447
-0.0015435
-0.0015422
-0.0015409
-0.0015397
-0.0015384
-0.0015372
-0.0015359
-0.0015346
-0.0015334
-0.0015321
-0.0015309
-0.0015296
-0.0015284
-0.0015271
-0.0015258
-0.0015246
-0.0015233
-0.0015221
-0.0015208
-0.0015196
-0.0015183
-0.001517
-0.0015158
-0.0015145
-0.0015133
-0.001512
-0.0015107
-0.0015095
-0.0015082
-0.001507
-0.0015057
-0.0015045
-0.0015032
-0.0015019
-0.0015007
-0.0014994
-0.0014982
-0.0014969
-0.0014957
-0.0014944
-0.0014931
-0.0014919
-0.0014906
-0.0014894
-0.0014881
-0.0014868
-0.0014856
-0.0014843
-0.0014831
-0.0014818
-0.0014806
-0.0014793
-0.001478
-0.0014768
-0.0014755
-0.0014743
-0.001473
-0.0014717
-0.0014705
-0.0014692
-0.001468
-0.0014667
-0.0014655
-0.0014642
-0.0014629
-0.0014617
-0.0014604
-0.0014592
-0.0014579
-0.0014567
-0.0014554
-0.0014541
-0.0014529
-0.0014516
-0.0014504
-0.0014491
-0.0014478
-0.0014466
-0.0014453
-0.0014441
-0.0014428
-0.0014416
-0.0014403
-0.001439
-0.0014378
-0.0014365
-0.0014353
-0.001434
-0.0014328
-0.0014315
-0.0014302
-0.001429
-0.0014277
-0.0014265
-0.0014252
-0.0014239
-0.0014227
-0.0014214
-0.0014202
-0.0014189
-0.0014177
-0.0014164
-0.0014151
-0.0014139
-0.0014126
-0.0014114
-0.0014101
-0.0014089
-0.0014076
-0.0014063
-0.0014051
-0.0014038
-0.0014026
-0.0014013
-0.0014
-0.0013988
-0.0013975
-0.0013963
-0.001395
-0.0013938
-0.0013925
-0.0013912
-0.00139
-0.0013887
-0.0013875
-0.0013862
-0.001385
-0.0013837
-0.0013824
-0.0013812
-0.0013799
-0.0013787
-0.0013774
-0.0013761
-0.0013749
-0.0013736
-0.0013724
-0.0013711
-0.0013699
-0.0013686
-0.0013673
-0.0013661
-0.0013648
-0.0013636
-0.0013623
-0.0013611
-0.0013598
-0.0013585
-0.0013573
-0.001356
-0.0013548
-0.0013535
-0.0013522
-0.001351
-0.0013497
-0.0013485
-0.0013472
-0.001346
-0.0013447
-0.0013434
-0.0013422
-0.0013409
-0.0013397
-0.0013384
-0.0013371
-0.0013359
-0.0013346
-0.0013334
-0.0013321
-0.0013309
-0.0013296
-0.0013283
-0.0013271
-0.0013258
-0.0013246
-0.0013233
-0.0013221
-0.0013208
-0.0013195
-0.0013183
-0.001317
-0.0013158
-0.0013145
-0.0013132
-0.001312
-0.0013107
-0.0013095
-0.0013082
-0.001307
-0.0013057
-0.0013044
-0.0013032
-0.0013019
-0.0013007
-0.0012994
-0.0012982
-0.0012969
-0.0012956
-0.0012944
-0.0012931
-0.0012919
-0.0012906
-0.0012893
-0.0012881
-0.0012868
-0.0012856
-0.0012843
-0.0012831
-0.0012818
-0.0012805
-0.0012793
-0.001278
-0.0012768
-0.0012755
-0.0012743
-0.001273
-0.0012717
-0.0012705
-0.0012692
-0.001268
-0.0012667
-0.0012654
-0.0012642
-0.0012629
-0.0012617
-0.0012604
-0.0012592
-0.0012579
-0.0012566
-0.0012554
-0.0012541
-0.0012529
-0.0012516
-0.0012504
-0.0012491
-0.0012478
-0.0012466
-0.0012453
-0.0012441
-0.0012428
-0.0012415
-0.0012403
-0.001239
-0.0012378
-0.0012365
-0.0012353
-0.001234
-0.0012327
-0.0012315
-0.0012302
-0.001229
-0.0012277
-0.0012265
-0.0012252
-0.0012239
-0.0012227
-0.0012214
-0.0012202
-0.0012189
-0.0012176
-0.0012164
-0.0012151
-0.0012139
-0.0012126
-0.0012114
-0.0012101
-0.0012088
-0.0012076
-0.0012063
-0.0012051
-0.0012038
-0.0012026
-0.0012013
-0.0012
-0.0011988
-0.0011975
-0.0011963
-0.001195
-0.0011937
-0.0011925
-0.0011912
-0.00119
-0.0011887
-0.0011875
-0.0011862
-0.0011849
-0.0011837
-0.0011824
-0.0011812
-0.0011799
-0.0011786
-0.0011774
-0.0011761
-0.0011749
-0.0011736
-0.0011724
-0.0011711
-0.0011698
-0.0011686
-0.0011673
-0.0011661
-0.0011648
-0.0011636
-0.0011623
-0.001161
-0.0011598
-0.0011585
-0.0011573
-0.001156
-0.0011547
-0.0011535
-0.0011522
-0.001151
-0.0011497
-0.0011485
-0.0011472
-0.0011459
-0.0011447
-0.0011434
-0.0011422
-0.0011409
-0.0011397
-0.0011384
-0.0011371
-0.0011359
-0.0011346
-0.0011334
-0.0011321
-0.0011308
-0.0011296
-0.0011283
-0.0011271
-0.0011258
-0.0011246
-0.0011233
-0.001122
-0.0011208
-0.0011195
-0.0011183
-0.001117
-0.0011158
-0.0011145
-0.0011132
-0.001112
-0.0011107
-0.0011095
-0.0011082
-0.0011069
-0.0011057
-0.0011044
-0.0011032
-0.0011019
-0.0011007
-0.0010994
-0.0010981
-0.0010969
-0.0010956
-0.0010944
-0.0010931
-0.0010919
-0.0010906
-0.0010893
-0.0010881
-0.0010868
-0.0010856
-0.0010843
-0.001083
-0.0010818
-0.0010805
-0.0010793
-0.001078
-0.0010768
-0.0010755
-0.0010742
-0.001073
-0.0010717
-0.0010705
-0.0010692
-0.001068
-0.0010667
-0.0010654
-0.0010642
-0.0010629
-0.0010617
-0.0010604
-0.0010591
-0.0010579
-0.0010566
-0.0010554
-0.0010541
-0.0010529
-0.0010516
-0.0010503
-0.0010491
-0.0010478
-0.0010466
-0.0010453
-0.0010441
-0.0010428
-0.0010415
-0.0010403
-0.001039
-0.0010378
-0.0010365
-0.0010352
-0.001034
-0.0010327
-0.0010315
-0.0010302
-0.001029
-0.0010277
-0.0010264
-0.0010252
-0.0010239
-0.0010227
-0.0010214
-0.0010201
-0.0010189
-0.0010176
-0.0010164
-0.0010151
-0.0010139
-0.0010126
-0.0010113
-0.0010101
-0.0010088
-0.0010076
-0.0010063
-0.0010051
-0.0010038
-0.0010025
-0.0010013
-0.001
-0.00099876
-0.00099751
-0.00099625
-0.00099499
-0.00099373
-0.00099247
-0.00099122
-0.00098996
-0.0009887
-0.00098744
-0.00098618
-0.00098493
-0.00098367
-0.00098241
-0.00098115
-0.0009799
-0.00097864
-0.00097738
-0.00097612
-0.00097486
-0.00097361
-0.00097235
-0.00097109
-0.00096983
-0.00096857
-0.00096732
-0.00096606
-0.0009648
-0.00096354
-0.00096228
-0.00096103
-0.00095977
-0.00095851
-0.00095725
-0.00095599
-0.00095474
-0.00095348
-0.00095222
-0.00095096
-0.0009497
-0.00094845
-0.00094719
-0.00094593
-0.00094467
-0.00094341
-0.00094216
-0.0009409
-0.00093964
-0.00093838
-0.00093713
-0.00093587
-0.00093461
-0.00093335
-0.00093209
-0.00093084
-0.00092958
-0.00092832
-0.00092706
-0.0009258
-0.00092455
-0.00092329
-0.00092203
-0.00092077
-0.00091951
-0.00091826
-0.000917
-0.00091574
-0.00091448
-0.00091322
-0.00091197
-0.00091071
-0.00090945
-0.00090819
-0.00090693
-0.00090568
-0.00090442
-0.00090316
-0.0009019
-0.00090064
-0.00089939
-0.00089813
-0.00089687
-0.00089561
-0.00089436
-0.0008931
-0.00089184
-0.00089058
-0.00088932
-0.00088807
-0.00088681
-0.00088555
-0.00088429
-0.00088303
-0.00088178
-0.00088052
-0.00087926
-0.000878
-0.00087674
-0.00087549
-0.00087423
-0.00087297
-0.00087171
-0.00087045
-0.0008692
-0.00086794
-0.00086668
-0.00086542
-0.00086416
-0.00086291
-0.00086165
-0.00086039
-0.00085913
-0.00085787
-0.00085662
-0.00085536
-0.0008541
-0.00085284
-0.00085159
-0.00085033
-0.00084907
-0.00084781
-0.00084655
-0.0008453
-0.00084404
-0.00084278
-0.00084152
-0.00084026
-0.00083901
-0.00083775
-0.00083649
-0.00083523
-0.00083397
-0.00083272
-0.00083146
-0.0008302
-0.00082894
-0.00082768
-0.00082643
-0.00082517
-0.00082391
-0.00082265
-0.00082139
-0.00082014
-0.00081888
-0.00081762
-0.00081636
-0.00081511
-0.00081385
-0.00081259
-0.00081133
-0.00081007
-0.00080882
-0.00080756
-0.0008063
-0.00080504
-0.00080378
-0.00080253
-0.00080127
-0.00080001
-0.00079875
-0.00079749
-0.00079624
-0.00079498
-0.00079372
-0.00079246
-0.0007912
-0.00078995
-0.00078869
-0.00078743
-0.00078617
-0.00078491
-0.00078366
-0.0007824
-0.00078114
-0.00077988
-0.00077862
-0.00077737
-0.00077611
-0.00077485
-0.00077359
-0.00077234
-0.00077108
-0.00076982
-0.00076856
-0.0007673
-0.00076605
-0.00076479
-0.00076353
-0.00076227
-0.00076101
-0.00075976
-0.0007585
-0.00075724
-0.00075598
-0.00075472
-0.00075347
-0.00075221
-0.00075095
-0.00074969
-0.00074843
-0.00074718
-0.00074592
-0.00074466
-0.0007434
-0.00074214
-0.00074089
-0.00073963
-0.00073837
-0.00073711
-0.00073585
-0.0007346
-0.00073334
-0.00073208
-0.00073082
-0.00072957
-0.00072831
-0.00072705
-0.00072579
-0.00072453
-0.00072328
-0.00072202
-0.00072076
-0.0007195
-0.00071824
-0.00071699
-0.00071573
-0.00071447
-0.00071321
-0.00071195
-0.0007107
-0.00070944
-0.00070818
-0.00070692
-0.00070566
-0.00070441
-0.00070315
-0.00070189
-0.00070063
-0.00069937
-0.00069812
-0.00069686
-0.0006956
-0.00069434
-0.00069308
-0.00069183
-0.00069057
-0.00068931
-0.00068805
-0.0006868
-0.00068554
-0.00068428
-0.00068302
-0.00068176
-0.00068051
-0.00067925
-0.00067799
-0.00067673
-0.00067547
-0.00067422
-0.00067296
-0.0006717
-0.00067044
-0.00066918
-0.00066793
-0.00066667
-0.00066541
-0.00066415
-0.00066289
-0.00066164
-0.00066038
-0.00065912
-0.00065786
-0.0006566
-0.00065535
-0.00065409
-0.00065283
-0.00065157
-0.00065031
-0.00064906
-0.0006478
-0.00064654
-0.00064528
-0.00064403
-0.00064277
-0.00064151
-0.00064025
-0.00063899
-0.00063774
-0.00063648
-0.00063522
-0.00063396
-0.0006327
-0.00063145
-0.00063019
-0.00062893
-0.00062767
-0.00062641
-0.00062516
-0.0006239
-0.00062264
-0.00062138
-0.00062012
-0.00061887
-0.00061761
-0.00061635
-0.00061509
-0.00061383
-0.00061258
-0.00061132
-0.00061006
-0.0006088
-0.00060754
-0.00060629
-0.00060503
-0.00060377
-0.00060251
-0.00060126
-0.0006
-0.00059874
-0.00059748
-0.00059622
-0.00059497
-0.00059371
-0.00059245
-0.00059119
-0.00058993
-0.00058868
-0.00058742
-0.00058616
-0.0005849
-0.00058364
-0.00058239
-0.00058113
-0.00057987
-0.00057861
-0.00057735
-0.0005761
-0.00057484
-0.00057358
-0.00057232
-0.00057106
-0.00056981
-0.00056855
-0.00056729
-0.00056603
-0.00056478
-0.00056352
-0.00056226
-0.000561
-0.00055974
-0.00055849
-0.00055723
-0.00055597
-0.00055471
-0.00055345
-0.0005522
-0.00055094
-0.00054968
-0.00054842
-0.00054716
-0.00054591
-0.00054465
-0.00054339
-0.00054213
-0.00054087
-0.00053962
-0.00053836
-0.0005371
-0.00053584
-0.00053458
-0.00053333
-0.00053207
-0.00053081
-0.00052955
-0.00052829
-0.00052704
-0.00052578
-0.00052452
-0.00052326
-0.00052201
-0.00052075
-0.00051949
-0.00051823
-0.00051697
-0.00051572
-0.00051446
-0.0005132
-0.00051194
-0.00051068
-0.00050943
-0.00050817
-0.00050691
-0.00050565
-0.00050439
-0.00050314
-0.00050188
-0.00050062
-0.00049936
-0.0004981
-0.00049685
-0.00049559
-0.00049433
-0.00049307
-0.00049181
-0.00049056
-0.0004893
-0.00048804
-0.00048678
-0.00048552
-0.00048427
-0.00048301
-0.00048175
-0.00048049
-0.00047924
-0.00047798
-0.00047672
-0.00047546
-0.0004742
-0.00047295
-0.00047169
-0.00047043
-0.00046917
-0.00046791
-0.00046666
-0.0004654
-0.00046414
-0.00046288
-0.00046162
-0.00046037
-0.00045911
-0.00045785
-0.00045659
-0.00045533
-0.00045408
-0.00045282
-0.00045156
-0.0004503
-0.00044904
-0.00044779
-0.00044653
-0.00044527
-0.00044401
-0.00044275
-0.0004415
-0.00044024
-0.00043898
-0.00043772
-0.00043647
-0.00043521
-0.00043395
-0.00043269
-0.00043143
-0.00043018
-0.00042892
-0.00042766
-0.0004264
-0.00042514
-0.00042389
-0.00042263
-0.00042137
-0.00042011
-0.00041885
-0.0004176
-0.00041634
-0.00041508
-0.00041382
-0.00041256
-0.00041131
-0.00041005
-0.00040879
-0.00040753
-0.00040627
-0.00040502
-0.00040376
-0.0004025
-0.00040124
-0.00039998
-0.00039873
-0.00039747
-0.00039621
-0.00039495
-0.0003937
-0.00039244
-0.00039118
-0.00038992
-0.00038866
-0.00038741
-0.00038615
-0.00038489
-0.00038363
-0.00038237
-0.00038112
-0.00037986
-0.0003786
-0.00037734
-0.00037608
-0.00037483
-0.00037357
-0.00037231
-0.00037105
-0.00036979
-0.00036854
-0.00036728
-0.00036602
-0.00036476
-0.0003635
-0.00036225
-0.00036099
-0.00035973
-0.00035847
-0.00035722
-0.00035596
-0.0003547
-0.00035344
-0.00035218
-0.00035093
-0.00034967
-0.00034841
-0.00034715
-0.00034589
-0.00034464
-0.00034338
-0.00034212
-0.00034086
-0.0003396
-0.00033835
-0.00033709
-0.00033583
-0.00033457
-0.00033331
-0.00033206
-0.0003308
-0.00032954
-0.00032828
-0.00032702
-0.00032577
-0.00032451
-0.00032325
-0.00032199
-0.00032073
-0.00031948
-0.00031822
-0.00031696
-0.0003157
-0.00031445
-0.00031319
-0.00031193
-0.00031067
-0.00030941
-0.00030816
-0.0003069
-0.00030564
-0.00030438
-0.00030312
-0.00030187
-0.00030061
-0.00029935
-0.00029809
-0.00029683
-0.00029558
-0.00029432
-0.00029306
-0.0002918
-0.00029054
-0.00028929
-0.00028803
-0.00028677
-0.00028551
-0.00028425
-0.000283
-0.00028174
-0.00028048
-0.00027922
-0.00027796
-0.00027671
-0.00027545
-0.00027419
-0.00027293
-0.00027168
-0.00027042
-0.00026916
-0.0002679
-0.00026664
-0.00026539
-0.00026413
-0.00026287
-0.00026161
-0.00026035
-0.0002591
-0.00025784
-0.00025658
-0.00025532
-0.00025406
-0.00025281
-0.00025155
-0.00025029
-0.00024903
-0.00024777
-0.00024652
-0.00024526
-0.000244
-0.00024274
-0.00024148
-0.00024023
-0.00023897
-0.00023771
-0.00023645
-0.00023519
-0.00023394
-0.00023268
-0.00023142
-0.00023016
-0.00022891
-0.00022765
-0.00022639
-0.00022513
-0.00022387
-0.00022262
-0.00022136
-0.0002201
-0.00021884
-0.00021758
-0.00021633
-0.00021507
-0.00021381
-0.00021255
-0.00021129
-0.00021004
-0.00020878
-0.00020752
-0.00020626
-0.000205
-0.00020375
-0.00020249
-0.00020123
-0.00019997
-0.00019871
-0.00019746
-0.0001962
-0.00019494
-0.00019368
-0.00019242
-0.00019117
-0.00018991
-0.00018865
-0.00018739
-0.00018614
-0.00018488
-0.00018362
-0.00018236
-0.0001811
-0.00017985
-0.00017859
-0.00017733
-0.00017607
-0.00017481
-0.00017356
-0.0001723
-0.00017104
-0.00016978
-0.00016852
-0.00016727
-0.00016601
-0.00016475
-0.00016349
-0.00016223
-0.00016098
-0.00015972
-0.00015846
-0.0001572
-0.00015594
-0.00015469
-0.00015343
-0.00015217
-0.00015091
-0.00014966
-0.0001484
-0.00014714
-0.00014588
-0.00014462
-0.00014337
-0.00014211
-0.00014085
-0.00013959
-0.00013833
-0.00013708
-0.00013582
-0.00013456
-0.0001333
-0.00013204
-0.00013079
-0.00012953
-0.00012827
-0.00012701
-0.00012575
-0.0001245
-0.00012324
-0.00012198
-0.00012072
-0.00011946
-0.00011821
-0.00011695
-0.00011569
-0.00011443
-0.00011317
-0.00011192
-0.00011066
-0.0001094
-0.00010814
-0.00010689
-0.00010563
-0.00010437
-0.00010311
-0.00010185
-0.0001006
-9.9337e-05
-9.8079e-05
-9.6822e-05
-9.5564e-05
-9.4306e-05
-9.3048e-05
-9.179e-05
-9.0532e-05
-8.9274e-05
-8.8016e-05
-8.6758e-05
-8.55e-05
-8.4242e-05
-8.2984e-05
-8.1726e-05
-8.0468e-05
-7.921e-05
-7.7952e-05
-7.6695e-05
-7.5437e-05
-7.4179e-05
-7.2921e-05
-7.1663e-05
-7.0405e-05
-6.9147e-05
-6.7889e-05
-6.6631e-05
-6.5373e-05
-6.4115e-05
-6.2857e-05
-6.1599e-05
-6.0341e-05
-5.9083e-05
-5.7825e-05
-5.6567e-05
-5.531e-05
-5.4052e-05
-5.2794e-05
-5.1536e-05
-5.0278e-05
-4.902e-05
-4.7762e-05
-4.6504e-05
-4.5246e-05
-4.3988e-05
-4.273e-05
-4.1472e-05
-4.0214e-05
-3.8956e-05
-3.7698e-05
-3.644e-05
-3.5183e-05
-3.3925e-05
-3.2667e-05
-3.1409e-05
-3.0151e-05
-2.8893e-05
-2.7635e-05
-2.6377e-05
-2.5119e-05
-2.3861e-05
-2.2603e-05
-2.1345e-05
-2.0087e-05
-1.8829e-05
-1.7571e-05
-1.6313e-05
-1.5055e-05
-1.3798e-05
-1.254e-05
-1.1282e-05
-1.0024e-05
-8.7658e-06
-7.5078e-06
-6.2499e-06
-4.992e-06
-3.734e-06
-2.4761e-06
-1.2181e-06
3.98e-08
1.2977e-06
2.5557e-06
3.8136e-06
5.0716e-06
6.3295e-06
7.5874e-06
8.8454e-06
1.0103e-05
1.1361e-05
1.2619e-05
1.3877e-05
1.5135e-05
1.6393e-05
1.7651e-05
1.8909e-05
2.0167e-05
2.1425e-05
2.2683e-05
2.3941e-05
2.5199e-05
2.6457e-05
2.7714e-05
2.8972e-05
3.023e-05
3.1488e-05
3.2746e-05
3.4004e-05
3.5262e-05
3.652e-05
3.7778e-05
3.9036e-05
4.0294e-05
4.1552e-05
4.281e-05
4.4068e-05
4.5326e-05
4.6584e-05
4.7842e-05
4.9099e-05
5.0357e-05
5.1615e-05
5.2873e-05
5.4131e-05
5.5389e-05
5.6647e-05
5.7905e-05
5.9163e-05
6.0421e-05
6.1679e-05
6.2937e-05
6.4195e-05
6.5453e-05
6.6711e-05
6.7969e-05
6.9226e-05
7.0484e-05
7.1742e-05
7.3e-05
7.4258e-05
7.5516e-05
7.6774e-05
7.8032e-05
7.929e-05
8.0548e-05
8.1806e-05
8.3064e-05
8.4322e-05
8.558e-05
8.6838e-05
8.8096e-05
8.9354e-05
9.0611e-05
9.1869e-05
9.3127e-05
9.4385e-05
9.5643e-05
9.6901e-05
9.8159e-05
9.9417e-05
0.00010067
0.00010193
0.00010319
0.00010445
0.00010571
0.00010696
0.00010822
0.00010948
0.00011074
0.000112
0.00011325
0.00011451
0.00011577
0.00011703
0.00011829
0.00011954
0.0001208
0.00012206
0.00012332
0.00012458
0.00012583
0.00012709
0.00012835
0.00012961
0.00013087
0.00013212
0.00013338
0.00013464
0.0001359
0.00013716
0.00013841
0.00013967
0.00014093
0.00014219
0.00014344
0.0001447
0.00014596
0.00014722
0.00014848
0.00014973
0.00015099
0.00015225
0.00015351
0.00015477
0.00015602
0.00015728
0.00015854
0.0001598
0.00016106
0.00016231
0.00016357
0.00016483
0.00016609
0.00016735
0.0001686
0.00016986
0.00017112
0.00017238
0.00017364
0.00017489
0.00017615
0.00017741
0.00017867
0.00017993
0.00018118
0.00018244
0.0001837
0.00018496
0.00018621
0.00018747
0.00018873
0.00018999
0.00019125
0.0001925
0.00019376
0.00019502
0.00019628
0.00019754
0.00019879
0.00020005
0.00020131
0.00020257
0.00020383
0.00020508
0.00020634
0.0002076
0.00020886
0.00021012
0.00021137
0.00021263
0.00021389
0.00021515
0.00021641
0.00021766
0.00021892
0.00022018
0.00022144
0.0002227
0.00022395
0.00022521
0.00022647
0.00022773
0.00022898
0.00023024
0.0002315
0.00023276
0.00023402
0.00023527
0.00023653
0.00023779
0.00023905
0.00024031
0.00024156
0.00024282
0.00024408
0.00024534
0.0002466
0.00024785
0.00024911
0.00025037
0.00025163
0.00025289
0.00025414
0.0002554
0.00025666
0.00025792
0.00025918
0.00026043
0.00026169
0.00026295
0.00026421
0.00026546
0.00026672
0.00026798
0.00026924
0.0002705
0.00027175
0.00027301
0.00027427
0.00027553
0.00027679
0.00027804
0.0002793
0.00028056
0.00028182
0.00028308
0.00028433
0.00028559
0.00028685
0.00028811
0.00028937
0.00029062
0.00029188
0.00029314
0.0002944
0.00029566
0.00029691
0.00029817
0.00029943
0.00030069
0.00030195
0.0003032
0.00030446
0.00030572
0.00030698
0.00030823
0.00030949
0.00031075
0.00031201
0.00031327
0.00031452
0.00031578
0.00031704
0.0003183
0.00031956
0.00032081
0.00032207
0.00032333
0.00032459
0.00032585
0.0003271
0.00032836
0.00032962
0.00033088
0.00033214
0.00033339
0.00033465
0.00033591
0.00033717
0.00033843
0.00033968
0.00034094
0.0003422
0.00034346
0.00034471
0.00034597
0.00034723
0.00034849
0.00034975
0.000351
0.00035226
0.00035352
0.00035478
0.00035604
0.00035729
0.00035855
0.00035981
0.00036107
0.00036233
0.00036358
0.00036484
0.0003661
0.00036736
0.00036862
0.00036987
0.00037113
0.00037239
0.00037365
0.00037491
0.00037616
0.00037742
0.00037868
0.00037994
0.00038119
0.00038245
0.00038371
0.00038497
0.00038623
0.00038748
0.00038874
0.00039
0.00039126
0.00039252
0.00039377
0.00039503
0.00039629
0.00039755
0.00039881
0.00040006
0.00040132
0.00040258
0.00040384
0.0004051
0.00040635
0.00040761
0.00040887
0.00041013
0.00041138
0.00041264
0.0004139
0.00041516
0.00041642
0.00041767
0.00041893
0.00042019
0.00042145
0.00042271
0.00042396
0.00042522
0.00042648
0.00042774
0.000429
0.00043025
0.00043151
0.00043277
0.00043403
0.00043529
0.00043654
0.0004378
0.00043906
0.00044032
0.00044157
0.00044283
0.00044409
0.00044535
0.00044661
0.00044786
0.00044912
0.00045038
0.00045164
0.0004529
0.00045415
0.00045541
0.00045667
0.00045793
0.00045919
0.00046044
0.0004617
0.00046296
0.00046422
0.00046547
0.00046673
0.00046799
0.00046925
0.00047051
0.00047176
0.00047302
0.00047428
0.00047554
0.0004768
0.00047805
0.00047931
0.00048057
0.00048183
0.00048308
0.00048434
0.0004856
0.00048686
0.00048812
0.00048937
0.00049063
0.00049189
0.00049315
0.00049441
0.00049566
0.00049692
0.00049818
0.00049944
0.00050069
0.00050195
0.00050321
0.00050447
0.00050573
0.00050698
0.00050824
0.0005095
0.00051076
0.00051202
0.00051327
0.00051453
0.00051579
0.00051705
0.0005183
0.00051956
0.00052082
0.00052208
0.00052334
0.00052459
0.00052585
0.00052711
0.00052837
0.00052962
0.00053088
0.00053214
0.0005334
0.00053466
0.00053591
0.00053717
0.00053843
0.00053969
0.00054095
0.0005422
0.00054346
0.00054472
0.00054598
0.00054723
0.00054849
0.00054975
0.00055101
0.00055226
0.00055352
0.00055478
0.00055604
0.0005573
0.00055855
0.00055981
0.00056107
0.00056233
0.00056358
0.00056484
0.0005661
0.00056736
0.00056862
0.00056987
0.00057113
0.00057239
0.00057365
0.0005749
0.00057616
0.00057742
0.00057868
0.00057993
0.00058119
0.00058245
0.00058371
0.00058497
0.00058622
0.00058748
0.00058874
0.00059
0.00059125
0.00059251
0.00059377
0.00059503
0.00059628
0.00059754
0.0005988
0.00060006
0.00060131
0.00060257
0.00060383
0.00060509
0.00060634
0.0006076
0.00060886
0.00061012
0.00061137
0.00061263
0.00061389
0.00061515
0.0006164
0.00061766
0.00061892
0.00062018
0.00062143
0.00062269
0.00062395
0.00062521
0.00062646
0.00062772
0.00062898
0.00063024
0.00063149
0.00063275
0.00063401
0.00063527
0.00063652
0.00063778
0.00063904
0.0006403
0.00064155
0.00064281
0.00064407
0.00064533
0.00064658
0.00064784
0.0006491
0.00065035
0.00065161
0.00065287
0.00065413
0.00065538
0.00065664
0.0006579
0.00065916
0.00066041
0.00066167
0.00066293
0.00066418
0.00066544
0.0006667
0.00066796
0.00066921
0.00067047
0.00067173
0.00067298
0.00067424
0.0006755
0.00067676
0.00067801
0.00067927
0.00068053
0.00068178
0.00068304
0.0006843
0.00068555
0.00068681
0.00068807
0.00068932
0.00069058
0.00069184
0.0006931
0.00069435
0.00069561
0.00069687
0.00069812
0.00069938
0.00070064
0.00070189
0.00070315
0.00070441
0.00070566
0.00070692
0.00070818
0.00070943
0.00071069
0.00071195
0.0007132
0.00071446
0.00071572
0.00071697
0.00071823
0.00071948
0.00072074
0.000722
0.00072325
0.00072451
0.00072577
0.00072702
0.00072828
0.00072953
0.00073079
0.00073205
0.0007333
0.00073456
0.00073582
0.00073707
0.00073833
0.00073958
0.00074084
0.0007421
0.00074335
0.00074461
0.00074586
0.00074712
0.00074838
0.00074963
0.00075089
0.00075214
0.0007534
0.00075465
0.00075591
0.00075717
0.00075842
0.00075968
0.00076093
0.00076219
0.00076344
0.0007647
0.00076595
0.00076721
0.00076846
0.00076972
0.00077097
0.00077223
0.00077348
0.00077474
0.00077599
0.00077725
0.0007785
0.00077976
0.00078101
0.00078227
0.00078352
0.00078478
0.00078603
0.00078729
0.00078854
0.0007898
0.00079105
0.00079231
0.00079356
0.00079482
0.00079607
0.00079732
0.00079858
0.00079983
0.00080109
0.00080234
0.00080359
0.00080485
0.0008061
0.00080736
0.00080861
0.00080986
0.00081112
0.00081237
0.00081362
0.00081488
0.00081613
0.00081738
0.00081864
0.00081989
0.00082114
0.0008224
0.00082365
0.0008249
0.00082616
0.00082741
0.00082866
0.00082992
0.00083117
0.00083242
0.00083367
0.00083493
0.00083618
0.00083743
0.00083868
0.00083993
0.00084119
0.00084244
0.00084369
0.00084494
0.00084619
0.00084745
0.0008487
0.00084995
0.0008512
0.00085245
0.0008537
0.00085495
0.0008562
0.00085746
0.00085871
0.00085996
0.00086121
0.00086246
0.00086371
0.00086496
0.00086621
0.00086746
0.00086871
0.00086996
0.00087121
0.00087246
0.00087371
0.00087496
0.00087621
0.00087746
0.00087871
0.00087996
0.00088121
0.00088245
0.0008837
0.00088495
0.0008862
0.00088745
0.0008887
0.00088995
0.00089119
0.00089244
0.00089369
0.00089494
0.00089618
0.00089743
0.00089868
0.00089993
0.00090117
0.00090242
0.00090367
0.00090491
0.00090616
0.00090741
0.00090865
0.0009099
0.00091114
0.00091239
0.00091364
0.00091488
0.00091613
0.00091737
0.00091862
0.00091986
0.00092111
0.00092235
0.00092359
0.00092484
0.00092608
0.00092733
0.00092857
0.00092981
0.00093106
0.0009323
0.00093354
0.00093479
0.00093603
0.00093727
0.00093851
0.00093975
0.000941
0.00094224
0.00094348
0.00094472
0.00094596
0.0009472
0.00094844
0.00094968
0.00095092
0.00095216
0.0009534
0.00095464
0.00095588
0.00095712
0.00095836
0.0009596
0.00096084
0.00096207
0.00096331
0.00096455
0.00096579
0.00096702
0.00096826
0.0009695
0.00097073
0.00097197
0.00097321
0.00097444
0.00097568
0.00097691
0.00097815
0.00097938
0.00098061
0.00098185
0.00098308
0.00098432
0.00098555
0.00098678
0.00098801
0.00098925
0.00099048
0.00099171
0.00099294
0.00099417
0.0009954
0.00099663
0.00099786
0.00099909
0.0010003
0.0010016
0.0010028
0.001004
0.0010052
0.0010065
0.0010077
0.0010089
0.0010101
0.0010114
0.0010126
0.0010138
0.001015
0.0010163
0.0010175
0.0010187
0.0010199
0.0010212
0.0010224
0.0010236
0.0010248
0.0010261
0.0010273
0.0010285
0.0010297
0.0010309
0.0010322
0.0010334
0.0010346
0.0010358
0.001037
0.0010383
0.0010395
0.0010407
0.0010419
0.0010431
0.0010443
0.0010455
0.0010468
0.001048
0.0010492
0.0010504
0.0010516
0.0010528
0.001054
0.0010553
0.0010565
0.0010577
0.0010589
0.0010601
0.0010613
0.0010625
0.0010637
0.0010649
0.0010661
0.0010673
0.0010685
0.0010697
0.0010709
0.0010721
0.0010733
0.0010746
0.0010758
0.001077
0.0010782
0.0010794
0.0010806
0.0010817
0.0010829
0.0010841
0.0010853
0.0010865
0.0010877
0.0010889
0.0010901
0.0010913
0.0010925
0.0010937
0.0010949
0.0010961
0.0010973
0.0010985
0.0010996
0.0011008
0.001102
0.0011032
0.0011044
0.0011056
0.0011068
0.0011079
0.0011091
0.0011103
0.0011115
0.0011127
0.0011138
0.001115
0.0011162
0.0011174
0.0011185
0.0011197
0.0011209
0.0011221
0.0011232
0.0011244
0.0011256
0.0011268
0.0011279
0.0011291
0.0011303
0.0011314
0.0011326
0.0011338
0.0011349
0.0011361
0.0011372
0.0011384
0.0011396
0.0011407
0.0011419
0.001143
0.0011442
0.0011453
0.0011465
0.0011476
0.0011488
0.0011499
0.0011511
0.0011522
0.0011534
0.0011545
0.0011557
0.0011568
0.001158
0.0011591
0.0011602
0.0011614
0.0011625
0.0011637
0.0011648
0.0011659
0.0011671
0.0011682
0.0011693
0.0011704
0.0011716
0.0011727
0.0011738
0.0011749
0.0011761
0.0011772
0.0011783
0.0011794
0.0011805
0.0011817
0.0011828
0.0011839
0.001185
0.0011861
0.0011872
0.0011883
0.0011894
0.0011905
0.0011916
0.0011927
0.0011938
0.0011949
0.001196
0.0011971
0.0011982
0.0011993
0.0012004
0.0012015
0.0012026
0.0012037
0.0012048
0.0012059
0.0012069
0.001208
0.0012091
0.0012102
0.0012112
0.0012123
0.0012134
0.0012145
0.0012155
0.0012166
0.0012177
0.0012187
0.0012198
0.0012208
0.0012219
0.001223
0.001224
0.0012251
0.0012261
0.0012272
0.0012282
0.0012292
0.0012303
0.0012313
0.0012324
0.0012334
0.0012344
0.0012355
0.0012365
0.0012375
0.0012385
0.0012396
0.0012406
0.0012416
0.0012426
0.0012436
0.0012447
0.0012457
0.0012467
0.0012477
0.0012487
0.0012497
0.0012507
0.0012517
0.0012527
0.0012537
0.0012547
0.0012557
0.0012566
0.0012576
0.0012586
0.0012596
0.0012606
0.0012615
0.0012625
0.0012635
0.0012644
0.0012654
0.0012664
0.0012673
0.0012683
0.0012692
0.0012702
0.0012711
0.0012721
0.001273
0.001274
0.0012749
0.0012758
0.0012768
0.0012777
0.0012786
0.0012795
0.0012805
0.0012814
0.0012823
0.0012832
0.0012841
0.001285
0.0012859
0.0012868
0.0012877
0.0012886
0.0012895
0.0012904
0.0012913
0.0012921
0.001293
0.0012939
0.0012948
0.0012956
0.0012965
0.0012974
0.0012982
0.0012991
0.0012999
0.0013008
0.0013016
0.0013025
0.0013033
0.0013041
0.001305
0.0013058
0.0013066
0.0013074
0.0013082
0.0013091
0.0013099
0.0013107
0.0013115
0.0013123
0.0013131
0.0013139
0.0013146
0.0013154
0.0013162
0.001317
0.0013177
0.0013185
0.0013193
0.00132
0.0013208
0.0013215
0.0013223
0.001323
0.0013238
0.0013245
0.0013252
0.001326
0.0013267
0.0013274
0.0013281
0.0013288
0.0013295
0.0013302
0.0013309
0.0013316
0.0013323
0.001333
0.0013337
0.0013343
0.001335
0.0013357
0.0013363
0.001337
0.0013376
0.0013383
0.0013389
0.0013395
0.0013402
0.0013408
0.0013414
0.001342
0.0013426
0.0013433
0.0013439
0.0013445
0.001345
0.0013456
0.0013462
0.0013468
0.0013474
0.0013479
0.0013485
0.001349
0.0013496
0.0013501
0.0013507
0.0013512
0.0013517
0.0013522
0.0013528
0.0013533
0.0013538
0.0013543
0.0013548
0.0013552
0.0013557
0.0013562
0.0013567
0.0013571
0.0013576
0.001358
0.0013585
0.0013589
0.0013594
0.0013598
0.0013602
0.0013606
0.001361
0.0013614
0.0013618
0.0013622
0.0013626
0.001363
0.0013634
0.0013637
0.0013641
0.0013644
0.0013648
0.0013651
0.0013654
0.0013658
0.0013661
0.0013664
0.0013667
0.001367
0.0013673
0.0013676
0.0013678
0.0013681
0.0013684
0.0013686
0.0013689
0.0013691
0.0013693
0.0013696
0.0013698
0.00137
0.0013702
0.0013704
0.0013706
0.0013707
0.0013709
0.0013711
0.0013712
0.0013714
0.0013715
0.0013717
0.0013718
0.0013719
0.001372
0.0013721
0.0013722
0.0013723
0.0013724
0.0013724
0.0013725
0.0013725
0.0013726
0.0013726
0.0013727
0.0013727
0.0013727
0.0013727
0.0013727
0.0013727
0.0013726
0.0013726
0.0013726
0.0013725
0.0013724
0.0013724
0.0013723
0.0013722
0.0013721
0.001372
0.0013719
0.0013717
0.0013716
0.0013715
0.0013713
0.0013712
0.001371
0.0013708
0.0013706
0.0013704
0.0013702
0.00137
0.0013697
0.0013695
0.0013692
0.001369
0.0013687
0.0013684
0.0013681
0.0013678
0.0013675
0.0013672
0.0013669
0.0013665
0.0013662
0.0013658
0.0013654
0.001365
0.0013646
0.0013642
0.0013638
0.0013634
0.0013629
0.0013625
0.001362
0.0013615
0.001361
0.0013605
0.00136
0.0013595
0.001359
0.0013584
0.0013579
0.0013573
0.0013567
0.0013561
0.0013555
0.0013549
0.0013543
0.0013536
0.001353
0.0013523
0.0013517
0.001351
0.0013503
0.0013496
0.0013488
0.0013481
0.0013473
0.0013466
0.0013458
0.001345
0.0013442
0.0013434
0.0013426
0.0013417
0.0013409
0.00134
0.0013391
0.0013382
0.0013373
0.0013364
0.0013355
0.0013345
0.0013336
0.0013326
0.0013316
0.0013306
0.0013296
0.0013285
0.0013275
0.0013264
0.0013254
0.0013243
0.0013232
0.001322
0.0013209
0.0013198
0.0013186
0.0013174
0.0013162
0.001315
0.0013138
0.0013126
0.0013113
0.0013101
0.0013088
0.0013075
0.0013062
0.0013049
0.0013035
0.0013022
0.0013008
0.0012994
0.001298
0.0012966
0.0012951
0.0012937
0.0012922
0.0012907
0.0012892
0.0012877
0.0012862
0.0012846
0.001283
0.0012815
0.0012799
0.0012782
0.0012766
0.001275
0.0012733
0.0012716
0.0012699
0.0012682
0.0012664
0.0012647
0.0012629
0.0012611
0.0012593
0.0012575
0.0012556
0.0012538
0.0012519
0.00125
0.0012481
0.0012462
0.0012442
0.0012422
0.0012402
0.0012382
0.0012362
0.0012342
0.0012321
0.00123
0.0012279
0.0012258
0.0012237
0.0012215
0.0012193
0.0012171
0.0012149
0.0012127
0.0012104
0.0012081
0.0012058
0.0012035
0.0012012
0.0011988
0.0011965
0.0011941
0.0011916
0.0011892
0.0011867
0.0011843
0.0011818
0.0011792
0.0011767
0.0011741
0.0011716
0.001169
0.0011663
0.0011637
0.001161
0.0011583
0.0011556
0.0011529
0.0011501
0.0011473
0.0011445
0.0011417
0.0011389
0.001136
0.0011331
0.0011302
0.0011273
0.0011243
0.0011213
0.0011183
0.0011153
0.0011123
0.0011092
0.0011061
0.001103
0.0010999
0.0010967
0.0010935
0.0010903
0.0010871
0.0010838
0.0010805
0.0010772
0.0010739
0.0010705
0.0010671
0.0010637
0.0010603
0.0010569
0.0010534
0.0010499
0.0010463
0.0010428
0.0010392
0.0010356
0.001032
0.0010283
0.0010246
0.0010209
0.0010172
0.0010134
0.0010097
0.0010059
0.001002
0.00099816
0.00099427
0.00099035
0.00098641
0.00098244
0.00097845
0.00097443
0.00097038
0.0009663
0.0009622
0.00095806
0.00095391
0.00094972
0.00094551
0.00094126
0.000937
0.0009327
0.00092837
0.00092402
0.00091964
0.00091523
0.00091079
0.00090632
0.00090182
0.0008973
0.00089274
0.00088816
0.00088355
0.0008789
0.00087423
0.00086953
0.0008648
0.00086004
0.00085525
0.00085043
0.00084558
0.0008407
0.00083579
0.00083085
0.00082587
0.00082087
0.00081584
0.00081077
0.00080568
0.00080055
0.0007954
0.00079021
0.00078499
0.00077973
0.00077445
0.00076914
0.00076379
0.00075841
0.000753
0.00074755
0.00074208
0.00073657
0.00073103
0.00072545
0.00071985
0.00071421
0.00070853
0.00070283
0.00069709
0.00069131
0.00068551
0.00067967
0.00067379
0.00066788
0.00066194
0.00065596
0.00064995
0.00064391
0.00063783
0.00063171
0.00062556
0.00061938
0.00061316
0.00060691
0.00060062
0.00059429
0.00058793
0.00058153
0.0005751
0.00056863
0.00056213
0.00055559
0.00054901
0.0005424
0.00053575
0.00052906
0.00052234
0.00051558
0.00050878
0.00050195
0.00049507
0.00048816
0.00048121
0.00047423
0.00046721
0.00046015
0.00045305
0.00044592
0.00043873
0.00043153
0.00042426
0.00041699
0.00040964
0.00040229
0.00039486
0.00038744
0.00037992
0.00037243
0.00036483
0.00035726
0.00034957
0.00034193
0.00033415
0.00032644
0.00031858
0.00031079
0.00030284
0.00029497
0.00028693
0.00027899
0.00027087
0.00026285
0.00025464
0.00024653
0.00023824
0.00023005
0.00022168
0.00021339
0.00020495
0.00019656
0.00018805
0.00017956
0.00017099
0.00016238
0.00015375
0.00014504
0.00013634
0.00012751
0.00011876
0.00010982
0.00010099
9.1949e-05
8.3048e-05
7.3908e-05
6.4918e-05
5.5694e-05
4.6602e-05
3.7307e-05
2.81e-05
1.8743e-05
9.4129e-06
