-0.00010403
-0.00020652
-0.00030747
-0.00040688
-0.00050477
-0.00060114
-0.000696
-0.00078936
-0.00088123
-0.0009716
-0.0010605
-0.0011479
-0.0012339
-0.0013184
-0.0014014
-0.001483
-0.0015632
-0.001642
-0.0017193
-0.0017952
-0.0018697
-0.0019428
-0.0020145
-0.0020848
-0.0021538
-0.0022214
-0.0022876
-0.0023525
-0.002416
-0.0024782
-0.0025391
-0.0025986
-0.0026569
-0.0027138
-0.0027694
-0.0028237
-0.0028768
-0.0029286
-0.0029791
-0.0030283
-0.0030763
-0.003123
-0.0031685
-0.0032128
-0.0032558
-0.0032976
-0.0033383
-0.0033777
-0.0034159
-0.0034529
-0.0034888
-0.0035235
-0.003557
-0.0035894
-0.0036206
-0.0036507
-0.0036796
-0.0037075
-0.0037342
-0.0037598
-0.0037843
-0.0038077
-0.00383
-0.0038512
-0.0038714
-0.0038905
-0.0039086
-0.0039256
-0.0039415
-0.0039565
-0.0039704
-0.0039833
-0.0039951
-0.004006
-0.0040159
-0.0040248
-0.0040327
-0.0040397
-0.0040457
-0.0040507
-0.0040548
-0.0040579
-0.0040601
-0.0040614
-0.0040618
-0.0040613
-0.0040598
-0.0040575
-0.0040543
-0.0040502
-0.0040452
-0.0040394
-0.0040327
-0.0040252
-0.0040168
-0.0040076
-0.0039976
-0.0039868
-0.0039752
-0.0039627
-0.0039495
-0.0039355
-0.0039207
-0.0039051
-0.0038888
-0.0038717
-0.0038539
-0.0038353
-0.003816
-0.003796
-0.0037753
-0.0037539
-0.0037317
-0.0037089
-0.0036854
-0.0036613
-0.0036364
-0.0036109
-0.0035848
-0.003558
-0.0035305
-0.0035025
-0.0034738
-0.0034445
-0.0034146
-0.0033841
-0.003353
-0.0033213
-0.0032891
-0.0032563
-0.003223
-0.003189
-0.0031546
-0.0031196
-0.0030841
-0.0030481
-0.0030115
-0.0029745
-0.002937
-0.002899
-0.0028605
-0.0028215
-0.0027821
-0.0027422
-0.0027018
-0.0026611
-0.0026199
-0.0025782
-0.0025362
-0.0024937
-0.0024509
-0.0024077
-0.002364
-0.00232
-0.0022757
-0.0022309
-0.0021859
-0.0021404
-0.0020947
-0.0020486
-0.0020022
-0.0019554
-0.0019084
-0.0018611
-0.0018135
-0.0017656
-0.0017174
-0.001669
-0.0016203
-0.0015713
-0.0015222
-0.0014727
-0.0014231
-0.0013732
-0.0013232
-0.0012729
-0.0012224
-0.0011718
-0.001121
-0.00107
-0.0010188
-0.00096748
-0.00091601
-0.00086441
-0.00081268
-0.00076082
-0.00070885
-0.00065677
-0.00060459
-0.00055233
-0.00049997
-0.00044755
-0.00039505
-0.0003425
-0.00028989
-0.00023725
-0.00018456
-0.00013185
-7.9118e-05
-2.6374e-05
2.6374e-05
7.9118e-05
0.00013185
0.00018456
0.00023725
0.00028989
0.0003425
0.00039505
0.00044755
0.00049997
0.00055233
0.00060459
0.00065677
0.00070885
0.00076082
0.00081268
0.00086441
0.00091601
0.00096748
0.0010188
0.00107
0.001121
0.0011718
0.0012224
0.0012729
0.0013232
0.0013732
0.0014231
0.0014727
0.0015222
0.0015713
0.0016203
0.001669
0.0017174
0.0017656
0.0018135
0.0018611
0.0019084
0.0019554
0.0020022
0.0020486
0.0020947
0.0021404
0.0021859
0.0022309
0.0022757
0.00232
0.002364
0.0024077
0.0024509
0.0024937
0.0025362
0.0025782
0.0026199
0.0026611
0.0027018
0.0027422
0.0027821
0.0028215
0.0028605
0.002899
0.002937
0.0029745
0.0030115
0.0030481
0.0030841
0.0031196
0.0031546
0.003189
0.003223
0.0032563
0.0032891
0.0033213
0.003353
0.0033841
0.0034146
0.0034445
0.0034738
0.0035025
0.0035305
0.003558
0.0035848
0.0036109
0.0036364
0.0036613
0.0036854
0.0037089
0.0037317
0.0037539
0.0037753
0.003796
0.003816
0.0038353
0.0038539
0.0038717
0.0038888
0.0039051
0.0039207
0.0039355
0.0039495
0.0039627
0.0039752
0.0039868
0.0039976
0.0040076
0.0040168
0.0040252
0.0040327
0.0040394
0.0040452
0.0040502
0.0040543
0.0040575
0.0040598
0.0040613
0.0040618
0.0040614
0.0040601
0.0040579
0.0040548
0.0040507
0.0040457
0.0040397
0.0040327
0.0040248
0.0040159
0.004006
0.0039951
0.0039833
0.0039704
0.0039565
0.0039415
0.0039256
0.0039086
0.0038905
0.0038714
0.0038512
0.00383
0.0038077
0.0037843
0.0037598
0.0037342
0.0037075
0.0036796
0.0036507
0.0036206
0.0035894
0.003557
0.0035235
0.0034888
0.0034529
0.0034159
0.0033777
0.0033383
0.0032976
0.0032558
0.0032128
0.0031685
0.003123
0.0030763
0.0030283
0.0029791
0.0029286
0.0028768
0.0028237
0.0027694
0.0027138
0.0026569
0.0025986
0.0025391
0.0024782
0.002416
0.0023525
0.0022876
0.0022214
0.0021538
0.0020848
0.0020145
0.0019428
0.0018697
0.0017952
0.0017193
0.001642
0.0015632
0.001483
0.0014014
0.0013184
0.0012339
0.0011479
0.0010605
0.0009716
0.00088123
0.00078936
0.000696
0.00060114
0.00050477
0.00040688
0.00030747
0.00020652
0.00010403
