-5.392e-06
-1.076e-05
-1.6103e-05
-2.1422e-05
-2.6717e-05
-3.1989e-05
-3.7235e-05
-4.2458e-05
-4.7657e-05
-5.2833e-05
-5.7984e-05
-6.3112e-05
-6.8215e-05
-7.3297e-05
-7.8353e-05
-8.3387e-05
-8.8396e-05
-9.3384e-05
-9.8346e-05
-0.00010329
-0.0001082
-0.0001131
-0.00011797
-0.00012282
-0.00012764
-0.00013245
-0.00013722
-0.00014198
-0.00014671
-0.00015143
-0.00015611
-0.00016078
-0.00016543
-0.00017005
-0.00017465
-0.00017923
-0.00018378
-0.00018831
-0.00019282
-0.00019731
-0.00020178
-0.00020623
-0.00021065
-0.00021505
-0.00021943
-0.00022379
-0.00022812
-0.00023244
-0.00023673
-0.00024101
-0.00024526
-0.00024949
-0.00025369
-0.00025789
-0.00026205
-0.0002662
-0.00027032
-0.00027443
-0.00027851
-0.00028257
-0.00028661
-0.00029063
-0.00029463
-0.00029861
-0.00030257
-0.00030651
-0.00031043
-0.00031433
-0.0003182
-0.00032207
-0.0003259
-0.00032972
-0.00033351
-0.0003373
-0.00034105
-0.00034479
-0.00034851
-0.00035221
-0.00035589
-0.00035955
-0.00036319
-0.00036681
-0.00037041
-0.000374
-0.00037755
-0.0003811
-0.00038462
-0.00038813
-0.00039161
-0.00039509
-0.00039853
-0.00040196
-0.00040537
-0.00040877
-0.00041213
-0.0004155
-0.00041883
-0.00042215
-0.00042544
-0.00042873
-0.00043199
-0.00043524
-0.00043846
-0.00044167
-0.00044486
-0.00044804
-0.00045118
-0.00045433
-0.00045744
-0.00046055
-0.00046362
-0.00046669
-0.00046973
-0.00047277
-0.00047578
-0.00047878
-0.00048175
-0.00048472
-0.00048765
-0.00049059
-0.00049349
-0.00049639
-0.00049925
-0.00050212
-0.00050495
-0.00050779
-0.00051058
-0.00051338
-0.00051615
-0.00051891
-0.00052165
-0.00052438
-0.00052708
-0.00052978
-0.00053244
-0.00053511
-0.00053774
-0.00054038
-0.00054298
-0.00054558
-0.00054815
-0.00055072
-0.00055326
-0.0005558
-0.0005583
-0.00056081
-0.00056328
-0.00056576
-0.0005682
-0.00057065
-0.00057306
-0.00057547
-0.00057785
-0.00058024
-0.00058258
-0.00058494
-0.00058726
-0.00058958
-0.00059187
-0.00059416
-0.00059642
-0.00059869
-0.00060091
-0.00060315
-0.00060535
-0.00060755
-0.00060972
-0.0006119
-0.00061404
-0.00061619
-0.0006183
-0.00062042
-0.0006225
-0.00062459
-0.00062664
-0.00062871
-0.00063073
-0.00063277
-0.00063476
-0.00063677
-0.00063874
-0.00064072
-0.00064266
-0.00064461
-0.00064653
-0.00064845
-0.00065034
-0.00065224
-0.0006541
-0.00065597
-0.0006578
-0.00065965
-0.00066145
-0.00066327
-0.00066505
-0.00066684
-0.0006686
-0.00067036
-0.00067209
-0.00067383
-0.00067553
-0.00067725
-0.00067892
-0.00068061
-0.00068226
-0.00068393
-0.00068555
-0.00068719
-0.00068879
-0.0006904
-0.00069198
-0.00069357
-0.00069512
-0.00069669
-0.00069821
-0.00069975
-0.00070126
-0.00070277
-0.00070425
-0.00070574
-0.0007072
-0.00070867
-0.0007101
-0.00071155
-0.00071295
-0.00071438
-0.00071576
-0.00071716
-0.00071852
-0.0007199
-0.00072124
-0.00072259
-0.00072391
-0.00072524
-0.00072653
-0.00072784
-0.00072911
-0.0007304
-0.00073165
-0.00073291
-0.00073414
-0.00073538
-0.00073659
-0.00073781
-0.00073899
-0.00074019
-0.00074135
-0.00074253
-0.00074367
-0.00074483
-0.00074595
-0.00074709
-0.00074819
-0.0007493
-0.00075038
-0.00075148
-0.00075254
-0.00075361
-0.00075465
-0.0007557
-0.00075672
-0.00075775
-0.00075875
-0.00075977
-0.00076075
-0.00076174
-0.0007627
-0.00076367
-0.00076461
-0.00076557
-0.00076649
-0.00076743
-0.00076833
-0.00076924
-0.00077013
-0.00077103
-0.00077189
-0.00077277
-0.00077362
-0.00077447
-0.0007753
-0.00077614
-0.00077696
-0.00077778
-0.00077857
-0.00077937
-0.00078015
-0.00078094
-0.00078169
-0.00078246
-0.0007832
-0.00078395
-0.00078467
-0.00078541
-0.00078611
-0.00078683
-0.00078752
-0.00078822
-0.00078889
-0.00078957
-0.00079022
-0.00079089
-0.00079153
-0.00079218
-0.0007928
-0.00079343
-0.00079403
-0.00079465
-0.00079524
-0.00079584
-0.00079641
-0.000797
-0.00079755
-0.00079812
-0.00079866
-0.00079921
-0.00079974
-0.00080028
-0.00080079
-0.00080131
-0.0008018
-0.00080231
-0.00080279
-0.00080328
-0.00080375
-0.00080422
-0.00080467
-0.00080513
-0.00080557
-0.00080601
-0.00080643
-0.00080686
-0.00080727
-0.00080769
-0.00080808
-0.00080848
-0.00080886
-0.00080925
-0.00080962
-0.00080999
-0.00081034
-0.0008107
-0.00081104
-0.00081138
-0.00081171
-0.00081204
-0.00081235
-0.00081267
-0.00081297
-0.00081327
-0.00081356
-0.00081385
-0.00081412
-0.0008144
-0.00081466
-0.00081493
-0.00081517
-0.00081543
-0.00081566
-0.0008159
-0.00081612
-0.00081635
-0.00081656
-0.00081677
-0.00081697
-0.00081717
-0.00081736
-0.00081755
-0.00081772
-0.0008179
-0.00081806
-0.00081823
-0.00081838
-0.00081853
-0.00081867
-0.00081881
-0.00081894
-0.00081907
-0.00081919
-0.0008193
-0.00081941
-0.00081952
-0.00081961
-0.00081971
-0.00081979
-0.00081987
-0.00081995
-0.00082002
-0.00082008
-0.00082014
-0.0008202
-0.00082025
-0.00082029
-0.00082033
-0.00082036
-0.00082039
-0.00082041
-0.00082043
-0.00082044
-0.00082045
-0.00082045
-0.00082045
-0.00082044
-0.00082043
-0.00082041
-0.00082039
-0.00082036
-0.00082033
-0.00082029
-0.00082025
-0.0008202
-0.00082015
-0.00082009
-0.00082003
-0.00081996
-0.00081989
-0.00081982
-0.00081974
-0.00081965
-0.00081956
-0.00081947
-0.00081937
-0.00081927
-0.00081916
-0.00081905
-0.00081893
-0.00081882
-0.00081869
-0.00081856
-0.00081843
-0.00081829
-0.00081815
-0.000818
-0.00081785
-0.0008177
-0.00081754
-0.00081738
-0.00081721
-0.00081704
-0.00081686
-0.00081668
-0.0008165
-0.00081631
-0.00081612
-0.00081593
-0.00081572
-0.00081552
-0.00081531
-0.00081511
-0.00081489
-0.00081467
-0.00081445
-0.00081422
-0.00081399
-0.00081376
-0.00081352
-0.00081328
-0.00081303
-0.00081279
-0.00081253
-0.00081228
-0.00081202
-0.00081176
-0.00081149
-0.00081122
-0.00081095
-0.00081067
-0.00081039
-0.00081011
-0.00080982
-0.00080953
-0.00080923
-0.00080894
-0.00080863
-0.00080834
-0.00080802
-0.00080772
-0.0008074
-0.00080709
-0.00080676
-0.00080644
-0.00080611
-0.00080579
-0.00080545
-0.00080512
-0.00080477
-0.00080444
-0.00080409
-0.00080374
-0.00080339
-0.00080304
-0.00080267
-0.00080232
-0.00080195
-0.00080159
-0.00080121
-0.00080085
-0.00080047
-0.0008001
-0.00079971
-0.00079933
-0.00079894
-0.00079856
-0.00079816
-0.00079777
-0.00079737
-0.00079697
-0.00079656
-0.00079616
-0.00079575
-0.00079534
-0.00079492
-0.00079452
-0.00079409
-0.00079367
-0.00079324
-0.00079282
-0.00079239
-0.00079196
-0.00079152
-0.00079109
-0.00079065
-0.00079021
-0.00078976
-0.00078932
-0.00078887
-0.00078842
-0.00078796
-0.00078751
-0.00078705
-0.00078659
-0.00078613
-0.00078567
-0.00078519
-0.00078473
-0.00078425
-0.00078378
-0.0007833
-0.00078283
-0.00078234
-0.00078186
-0.00078137
-0.00078089
-0.00078039
-0.00077991
-0.00077941
-0.00077892
-0.00077842
-0.00077792
-0.00077741
-0.00077691
-0.0007764
-0.0007759
-0.00077538
-0.00077488
-0.00077436
-0.00077385
-0.00077332
-0.00077281
-0.00077228
-0.00077176
-0.00077123
-0.00077071
-0.00077017
-0.00076965
-0.00076911
-0.00076858
-0.00076804
-0.0007675
-0.00076696
-0.00076642
-0.00076587
-0.00076533
-0.00076478
-0.00076423
-0.00076368
-0.00076313
-0.00076257
-0.00076202
-0.00076145
-0.0007609
-0.00076033
-0.00075978
-0.00075921
-0.00075864
-0.00075807
-0.00075751
-0.00075693
-0.00075636
-0.00075578
-0.00075521
-0.00075463
-0.00075406
-0.00075347
-0.0007529
-0.00075231
-0.00075173
-0.00075114
-0.00075055
-0.00074996
-0.00074937
-0.00074878
-0.00074819
-0.00074759
-0.000747
-0.00074639
-0.0007458
-0.00074519
-0.0007446
-0.00074399
-0.00074339
-0.00074278
-0.00074217
-0.00074156
-0.00074096
-0.00074034
-0.00073973
-0.00073911
-0.0007385
-0.00073788
-0.00073727
-0.00073665
-0.00073603
-0.0007354
-0.00073478
-0.00073416
-0.00073354
-0.00073291
-0.00073228
-0.00073165
-0.00073102
-0.00073039
-0.00072976
-0.00072912
-0.00072849
-0.00072785
-0.00072722
-0.00072658
-0.00072594
-0.0007253
-0.00072466
-0.00072402
-0.00072338
-0.00072273
-0.00072209
-0.00072144
-0.00072079
-0.00072014
-0.0007195
-0.00071884
-0.0007182
-0.00071754
-0.00071689
-0.00071623
-0.00071558
-0.00071492
-0.00071427
-0.00071361
-0.00071295
-0.00071229
-0.00071163
-0.00071096
-0.0007103
-0.00070964
-0.00070897
-0.00070831
-0.00070764
-0.00070697
-0.00070631
-0.00070563
-0.00070497
-0.00070429
-0.00070362
-0.00070295
-0.00070228
-0.0007016
-0.00070093
-0.00070025
-0.00069958
-0.0006989
-0.00069822
-0.00069754
-0.00069686
-0.00069618
-0.0006955
-0.00069482
-0.00069413
-0.00069345
-0.00069276
-0.00069208
-0.00069139
-0.00069071
-0.00069002
-0.00068933
-0.00068864
-0.00068795
-0.00068726
-0.00068657
-0.00068588
-0.00068519
-0.00068449
-0.0006838
-0.00068311
-0.00068241
-0.00068171
-0.00068102
-0.00068032
-0.00067962
-0.00067892
-0.00067823
-0.00067753
-0.00067683
-0.00067612
-0.00067542
-0.00067472
-0.00067402
-0.00067332
-0.00067261
-0.00067191
-0.0006712
-0.0006705
-0.00066979
-0.00066908
-0.00066838
-0.00066767
-0.00066696
-0.00066625
-0.00066554
-0.00066483
-0.00066412
-0.00066341
-0.0006627
-0.00066198
-0.00066127
-0.00066056
-0.00065984
-0.00065913
-0.00065841
-0.0006577
-0.00065698
-0.00065627
-0.00065555
-0.00065483
-0.00065412
-0.0006534
-0.00065268
-0.00065196
-0.00065124
-0.00065052
-0.0006498
-0.00064908
-0.00064836
-0.00064763
-0.00064691
-0.00064619
-0.00064547
-0.00064474
-0.00064402
-0.00064329
-0.00064257
-0.00064184
-0.00064112
-0.00064039
-0.00063966
-0.00063894
-0.00063821
-0.00063748
-0.00063675
-0.00063602
-0.0006353
-0.00063457
-0.00063384
-0.00063311
-0.00063238
-0.00063164
-0.00063091
-0.00063018
-0.00062945
-0.00062872
-0.00062798
-0.00062725
-0.00062652
-0.00062578
-0.00062505
-0.00062432
-0.00062358
-0.00062285
-0.00062211
-0.00062137
-0.00062064
-0.0006199
-0.00061917
-0.00061843
-0.00061769
-0.00061695
-0.00061622
-0.00061548
-0.00061474
-0.000614
-0.00061326
-0.00061252
-0.00061178
-0.00061104
-0.0006103
-0.00060956
-0.00060882
-0.00060808
-0.00060734
-0.00060659
-0.00060585
-0.00060511
-0.00060437
-0.00060362
-0.00060288
-0.00060214
-0.00060139
-0.00060065
-0.00059991
-0.00059916
-0.00059842
-0.00059767
-0.00059693
-0.00059618
-0.00059544
-0.00059469
-0.00059394
-0.0005932
-0.00059245
-0.0005917
-0.00059096
-0.00059021
-0.00058946
-0.00058872
-0.00058797
-0.00058722
-0.00058647
-0.00058572
-0.00058497
-0.00058423
-0.00058348
-0.00058273
-0.00058198
-0.00058123
-0.00058048
-0.00057973
-0.00057898
-0.00057823
-0.00057748
-0.00057672
-0.00057597
-0.00057522
-0.00057447
-0.00057372
-0.00057297
-0.00057221
-0.00057146
-0.00057071
-0.00056996
-0.0005692
-0.00056845
-0.0005677
-0.00056695
-0.00056619
-0.00056544
-0.00056468
-0.00056393
-0.00056318
-0.00056242
-0.00056167
-0.00056091
-0.00056016
-0.0005594
-0.00055865
-0.00055789
-0.00055714
-0.00055638
-0.00055563
-0.00055487
-0.00055412
-0.00055336
-0.0005526
-0.00055185
-0.00055109
-0.00055033
-0.00054958
-0.00054882
-0.00054806
-0.00054731
-0.00054655
-0.00054579
-0.00054503
-0.00054428
-0.00054352
-0.00054276
-0.000542
-0.00054124
-0.00054049
-0.00053973
-0.00053897
-0.00053821
-0.00053745
-0.00053669
-0.00053593
-0.00053518
-0.00053442
-0.00053366
-0.0005329
-0.00053214
-0.00053138
-0.00053062
-0.00052986
-0.0005291
-0.00052834
-0.00052758
-0.00052682
-0.00052606
-0.0005253
-0.00052454
-0.00052378
-0.00052302
-0.00052225
-0.00052149
-0.00052073
-0.00051997
-0.00051921
-0.00051845
-0.00051769
-0.00051693
-0.00051616
-0.0005154
-0.00051464
-0.00051388
-0.00051312
-0.00051235
-0.00051159
-0.00051083
-0.00051007
-0.00050931
-0.00050854
-0.00050778
-0.00050702
-0.00050626
-0.00050549
-0.00050473
-0.00050397
-0.0005032
-0.00050244
-0.00050168
-0.00050092
-0.00050015
-0.00049939
-0.00049863
-0.00049786
-0.0004971
-0.00049633
-0.00049557
-0.00049481
-0.00049404
-0.00049328
-0.00049252
-0.00049175
-0.00049099
-0.00049022
-0.00048946
-0.00048869
-0.00048793
-0.00048717
-0.0004864
-0.00048564
-0.00048487
-0.00048411
-0.00048334
-0.00048258
-0.00048181
-0.00048105
-0.00048028
-0.00047952
-0.00047875
-0.00047799
-0.00047722
-0.00047646
-0.00047569
-0.00047493
-0.00047416
-0.0004734
-0.00047263
-0.00047187
-0.0004711
-0.00047034
-0.00046957
-0.00046881
-0.00046804
-0.00046727
-0.00046651
-0.00046574
-0.00046498
-0.00046421
-0.00046344
-0.00046268
-0.00046191
-0.00046115
-0.00046038
-0.00045961
-0.00045885
-0.00045808
-0.00045732
-0.00045655
-0.00045578
-0.00045502
-0.00045425
-0.00045348
-0.00045272
-0.00045195
-0.00045118
-0.00045042
-0.00044965
-0.00044888
-0.00044812
-0.00044735
-0.00044658
-0.00044582
-0.00044505
-0.00044428
-0.00044352
-0.00044275
-0.00044198
-0.00044122
-0.00044045
-0.00043968
-0.00043891
-0.00043815
-0.00043738
-0.00043661
-0.00043585
-0.00043508
-0.00043431
-0.00043354
-0.00043278
-0.00043201
-0.00043124
-0.00043047
-0.00042971
-0.00042894
-0.00042817
-0.0004274
-0.00042664
-0.00042587
-0.0004251
-0.00042433
-0.00042357
-0.0004228
-0.00042203
-0.00042126
-0.0004205
-0.00041973
-0.00041896
-0.00041819
-0.00041742
-0.00041666
-0.00041589
-0.00041512
-0.00041435
-0.00041358
-0.00041282
-0.00041205
-0.00041128
-0.00041051
-0.00040974
-0.00040898
-0.00040821
-0.00040744
-0.00040667
-0.0004059
-0.00040514
-0.00040437
-0.0004036
-0.00040283
-0.00040206
-0.00040129
-0.00040053
-0.00039976
-0.00039899
-0.00039822
-0.00039745
-0.00039668
-0.00039592
-0.00039515
-0.00039438
-0.00039361
-0.00039284
-0.00039207
-0.00039131
-0.00039054
-0.00038977
-0.000389
-0.00038823
-0.00038746
-0.00038669
-0.00038593
-0.00038516
-0.00038439
-0.00038362
-0.00038285
-0.00038208
-0.00038131
-0.00038055
-0.00037978
-0.00037901
-0.00037824
-0.00037747
-0.0003767
-0.00037593
-0.00037516
-0.0003744
-0.00037363
-0.00037286
-0.00037209
-0.00037132
-0.00037055
-0.00036978
-0.00036901
-0.00036825
-0.00036748
-0.00036671
-0.00036594
-0.00036517
-0.0003644
-0.00036363
-0.00036286
-0.00036209
-0.00036132
-0.00036056
-0.00035979
-0.00035902
-0.00035825
-0.00035748
-0.00035671
-0.00035594
-0.00035517
-0.0003544
-0.00035363
-0.00035287
-0.0003521
-0.00035133
-0.00035056
-0.00034979
-0.00034902
-0.00034825
-0.00034748
-0.00034671
-0.00034594
-0.00034517
-0.00034441
-0.00034364
-0.00034287
-0.0003421
-0.00034133
-0.00034056
-0.00033979
-0.00033902
-0.00033825
-0.00033748
-0.00033671
-0.00033594
-0.00033518
-0.00033441
-0.00033364
-0.00033287
-0.0003321
-0.00033133
-0.00033056
-0.00032979
-0.00032902
-0.00032825
-0.00032748
-0.00032671
-0.00032594
-0.00032518
-0.00032441
-0.00032364
-0.00032287
-0.0003221
-0.00032133
-0.00032056
-0.00031979
-0.00031902
-0.00031825
-0.00031748
-0.00031671
-0.00031594
-0.00031517
-0.0003144
-0.00031364
-0.00031287
-0.0003121
-0.00031133
-0.00031056
-0.00030979
-0.00030902
-0.00030825
-0.00030748
-0.00030671
-0.00030594
-0.00030517
-0.0003044
-0.00030363
-0.00030286
-0.00030209
-0.00030132
-0.00030056
-0.00029979
-0.00029902
-0.00029825
-0.00029748
-0.00029671
-0.00029594
-0.00029517
-0.0002944
-0.00029363
-0.00029286
-0.00029209
-0.00029132
-0.00029055
-0.00028978
-0.00028901
-0.00028824
-0.00028747
-0.0002867
-0.00028594
-0.00028517
-0.0002844
-0.00028363
-0.00028286
-0.00028209
-0.00028132
-0.00028055
-0.00027978
-0.00027901
-0.00027824
-0.00027747
-0.0002767
-0.00027593
-0.00027516
-0.00027439
-0.00027362
-0.00027285
-0.00027208
-0.00027131
-0.00027054
-0.00026977
-0.00026901
-0.00026824
-0.00026747
-0.0002667
-0.00026593
-0.00026516
-0.00026439
-0.00026362
-0.00026285
-0.00026208
-0.00026131
-0.00026054
-0.00025977
-0.000259
-0.00025823
-0.00025746
-0.00025669
-0.00025592
-0.00025515
-0.00025438
-0.00025361
-0.00025284
-0.00025207
-0.0002513
-0.00025054
-0.00024977
-0.000249
-0.00024823
-0.00024746
-0.00024669
-0.00024592
-0.00024515
-0.00024438
-0.00024361
-0.00024284
-0.00024207
-0.0002413
-0.00024053
-0.00023976
-0.00023899
-0.00023822
-0.00023745
-0.00023668
-0.00023591
-0.00023514
-0.00023437
-0.0002336
-0.00023283
-0.00023206
-0.00023129
-0.00023053
-0.00022976
-0.00022899
-0.00022822
-0.00022745
-0.00022668
-0.00022591
-0.00022514
-0.00022437
-0.0002236
-0.00022283
-0.00022206
-0.00022129
-0.00022052
-0.00021975
-0.00021898
-0.00021821
-0.00021744
-0.00021667
-0.0002159
-0.00021513
-0.00021436
-0.00021359
-0.00021282
-0.00021205
-0.00021128
-0.00021051
-0.00020974
-0.00020897
-0.00020821
-0.00020744
-0.00020667
-0.0002059
-0.00020513
-0.00020436
-0.00020359
-0.00020282
-0.00020205
-0.00020128
-0.00020051
-0.00019974
-0.00019897
-0.0001982
-0.00019743
-0.00019666
-0.00019589
-0.00019512
-0.00019435
-0.00019358
-0.00019281
-0.00019204
-0.00019127
-0.0001905
-0.00018973
-0.00018896
-0.00018819
-0.00018742
-0.00018665
-0.00018588
-0.00018511
-0.00018435
-0.00018358
-0.00018281
-0.00018204
-0.00018127
-0.0001805
-0.00017973
-0.00017896
-0.00017819
-0.00017742
-0.00017665
-0.00017588
-0.00017511
-0.00017434
-0.00017357
-0.0001728
-0.00017203
-0.00017126
-0.00017049
-0.00016972
-0.00016895
-0.00016818
-0.00016741
-0.00016664
-0.00016587
-0.0001651
-0.00016433
-0.00016356
-0.00016279
-0.00016202
-0.00016125
-0.00016048
-0.00015972
-0.00015895
-0.00015818
-0.00015741
-0.00015664
-0.00015587
-0.0001551
-0.00015433
-0.00015356
-0.00015279
-0.00015202
-0.00015125
-0.00015048
-0.00014971
-0.00014894
-0.00014817
-0.0001474
-0.00014663
-0.00014586
-0.00014509
-0.00014432
-0.00014355
-0.00014278
-0.00014201
-0.00014124
-0.00014047
-0.0001397
-0.00013893
-0.00013816
-0.00013739
-0.00013662
-0.00013585
-0.00013508
-0.00013432
-0.00013355
-0.00013278
-0.00013201
-0.00013124
-0.00013047
-0.0001297
-0.00012893
-0.00012816
-0.00012739
-0.00012662
-0.00012585
-0.00012508
-0.00012431
-0.00012354
-0.00012277
-0.000122
-0.00012123
-0.00012046
-0.00011969
-0.00011892
-0.00011815
-0.00011738
-0.00011661
-0.00011584
-0.00011507
-0.0001143
-0.00011353
-0.00011276
-0.00011199
-0.00011122
-0.00011045
-0.00010968
-0.00010891
-0.00010814
-0.00010738
-0.00010661
-0.00010584
-0.00010507
-0.0001043
-0.00010353
-0.00010276
-0.00010199
-0.00010122
-0.00010045
-9.9678e-05
-9.8908e-05
-9.8139e-05
-9.7369e-05
-9.6599e-05
-9.583e-05
-9.506e-05
-9.429e-05
-9.352e-05
-9.2751e-05
-9.1981e-05
-9.1211e-05
-9.0442e-05
-8.9672e-05
-8.8902e-05
-8.8132e-05
-8.7363e-05
-8.6593e-05
-8.5823e-05
-8.5054e-05
-8.4284e-05
-8.3514e-05
-8.2744e-05
-8.1975e-05
-8.1205e-05
-8.0435e-05
-7.9666e-05
-7.8896e-05
-7.8126e-05
-7.7356e-05
-7.6587e-05
-7.5817e-05
-7.5047e-05
-7.4278e-05
-7.3508e-05
-7.2738e-05
-7.1968e-05
-7.1199e-05
-7.0429e-05
-6.9659e-05
-6.889e-05
-6.812e-05
-6.735e-05
-6.658e-05
-6.5811e-05
-6.5041e-05
-6.4271e-05
-6.3502e-05
-6.2732e-05
-6.1962e-05
-6.1192e-05
-6.0423e-05
-5.9653e-05
-5.8883e-05
-5.8114e-05
-5.7344e-05
-5.6574e-05
-5.5804e-05
-5.5035e-05
-5.4265e-05
-5.3495e-05
-5.2726e-05
-5.1956e-05
-5.1186e-05
-5.0416e-05
-4.9647e-05
-4.8877e-05
-4.8107e-05
-4.7338e-05
-4.6568e-05
-4.5798e-05
-4.5028e-05
-4.4259e-05
-4.3489e-05
-4.2719e-05
-4.195e-05
-4.118e-05
-4.041e-05
-3.964e-05
-3.8871e-05
-3.8101e-05
-3.7331e-05
-3.6562e-05
-3.5792e-05
-3.5022e-05
-3.4252e-05
-3.3483e-05
-3.2713e-05
-3.1943e-05
-3.1174e-05
-3.0404e-05
-2.9634e-05
-2.8864e-05
-2.8095e-05
-2.7325e-05
-2.6555e-05
-2.5786e-05
-2.5016e-05
-2.4246e-05
-2.3476e-05
-2.2707e-05
-2.1937e-05
-2.1167e-05
-2.0397e-05
-1.9628e-05
-1.8858e-05
-1.8088e-05
-1.7319e-05
-1.6549e-05
-1.5779e-05
-1.5009e-05
-1.424e-05
-1.347e-05
-1.27e-05
-1.1931e-05
-1.1161e-05
-1.0391e-05
-9.6215e-06
-8.8517e-06
-8.082e-06
-7.3123e-06
-6.5426e-06
-5.7729e-06
-5.0032e-06
-4.2334e-06
-3.4637e-06
-2.694e-06
-1.9243e-06
-1.1546e-06
-3.8486e-07
3.8486e-07
1.1546e-06
1.9243e-06
2.694e-06
3.4637e-06
4.2334e-06
5.0032e-06
5.7729e-06
6.5426e-06
7.3123e-06
8.082e-06
8.8517e-06
9.6215e-06
1.0391e-05
1.1161e-05
1.1931e-05
1.27e-05
1.347e-05
1.424e-05
1.5009e-05
1.5779e-05
1.6549e-05
1.7319e-05
1.8088e-05
1.8858e-05
1.9628e-05
2.0397e-05
2.1167e-05
2.1937e-05
2.2707e-05
2.3476e-05
2.4246e-05
2.5016e-05
2.5786e-05
2.6555e-05
2.7325e-05
2.8095e-05
2.8864e-05
2.9634e-05
3.0404e-05
3.1174e-05
3.1943e-05
3.2713e-05
3.3483e-05
3.4252e-05
3.5022e-05
3.5792e-05
3.6562e-05
3.7331e-05
3.8101e-05
3.8871e-05
3.964e-05
4.041e-05
4.118e-05
4.195e-05
4.2719e-05
4.3489e-05
4.4259e-05
4.5028e-05
4.5798e-05
4.6568e-05
4.7338e-05
4.8107e-05
4.8877e-05
4.9647e-05
5.0416e-05
5.1186e-05
5.1956e-05
5.2726e-05
5.3495e-05
5.4265e-05
5.5035e-05
5.5804e-05
5.6574e-05
5.7344e-05
5.8114e-05
5.8883e-05
5.9653e-05
6.0423e-05
6.1192e-05
6.1962e-05
6.2732e-05
6.3502e-05
6.4271e-05
6.5041e-05
6.5811e-05
6.658e-05
6.735e-05
6.812e-05
6.889e-05
6.9659e-05
7.0429e-05
7.1199e-05
7.1968e-05
7.2738e-05
7.3508e-05
7.4278e-05
7.5047e-05
7.5817e-05
7.6587e-05
7.7356e-05
7.8126e-05
7.8896e-05
7.9666e-05
8.0435e-05
8.1205e-05
8.1975e-05
8.2744e-05
8.3514e-05
8.4284e-05
8.5054e-05
8.5823e-05
8.6593e-05
8.7363e-05
8.8132e-05
8.8902e-05
8.9672e-05
9.0442e-05
9.1211e-05
9.1981e-05
9.2751e-05
9.352e-05
9.429e-05
9.506e-05
9.583e-05
9.6599e-05
9.7369e-05
9.8139e-05
9.8908e-05
9.9678e-05
0.00010045
0.00010122
0.00010199
0.00010276
0.00010353
0.0001043
0.00010507
0.00010584
0.00010661
0.00010738
0.00010814
0.00010891
0.00010968
0.00011045
0.00011122
0.00011199
0.00011276
0.00011353
0.0001143
0.00011507
0.00011584
0.00011661
0.00011738
0.00011815
0.00011892
0.00011969
0.00012046
0.00012123
0.000122
0.00012277
0.00012354
0.00012431
0.00012508
0.00012585
0.00012662
0.00012739
0.00012816
0.00012893
0.0001297
0.00013047
0.00013124
0.00013201
0.00013278
0.00013355
0.00013432
0.00013508
0.00013585
0.00013662
0.00013739
0.00013816
0.00013893
0.0001397
0.00014047
0.00014124
0.00014201
0.00014278
0.00014355
0.00014432
0.00014509
0.00014586
0.00014663
0.0001474
0.00014817
0.00014894
0.00014971
0.00015048
0.00015125
0.00015202
0.00015279
0.00015356
0.00015433
0.0001551
0.00015587
0.00015664
0.00015741
0.00015818
0.00015895
0.00015972
0.00016048
0.00016125
0.00016202
0.00016279
0.00016356
0.00016433
0.0001651
0.00016587
0.00016664
0.00016741
0.00016818
0.00016895
0.00016972
0.00017049
0.00017126
0.00017203
0.0001728
0.00017357
0.00017434
0.00017511
0.00017588
0.00017665
0.00017742
0.00017819
0.00017896
0.00017973
0.0001805
0.00018127
0.00018204
0.00018281
0.00018358
0.00018435
0.00018511
0.00018588
0.00018665
0.00018742
0.00018819
0.00018896
0.00018973
0.0001905
0.00019127
0.00019204
0.00019281
0.00019358
0.00019435
0.00019512
0.00019589
0.00019666
0.00019743
0.0001982
0.00019897
0.00019974
0.00020051
0.00020128
0.00020205
0.00020282
0.00020359
0.00020436
0.00020513
0.0002059
0.00020667
0.00020744
0.00020821
0.00020897
0.00020974
0.00021051
0.00021128
0.00021205
0.00021282
0.00021359
0.00021436
0.00021513
0.0002159
0.00021667
0.00021744
0.00021821
0.00021898
0.00021975
0.00022052
0.00022129
0.00022206
0.00022283
0.0002236
0.00022437
0.00022514
0.00022591
0.00022668
0.00022745
0.00022822
0.00022899
0.00022976
0.00023053
0.00023129
0.00023206
0.00023283
0.0002336
0.00023437
0.00023514
0.00023591
0.00023668
0.00023745
0.00023822
0.00023899
0.00023976
0.00024053
0.0002413
0.00024207
0.00024284
0.00024361
0.00024438
0.00024515
0.00024592
0.00024669
0.00024746
0.00024823
0.000249
0.00024977
0.00025054
0.0002513
0.00025207
0.00025284
0.00025361
0.00025438
0.00025515
0.00025592
0.00025669
0.00025746
0.00025823
0.000259
0.00025977
0.00026054
0.00026131
0.00026208
0.00026285
0.00026362
0.00026439
0.00026516
0.00026593
0.0002667
0.00026747
0.00026824
0.00026901
0.00026977
0.00027054
0.00027131
0.00027208
0.00027285
0.00027362
0.00027439
0.00027516
0.00027593
0.0002767
0.00027747
0.00027824
0.00027901
0.00027978
0.00028055
0.00028132
0.00028209
0.00028286
0.00028363
0.0002844
0.00028517
0.00028594
0.0002867
0.00028747
0.00028824
0.00028901
0.00028978
0.00029055
0.00029132
0.00029209
0.00029286
0.00029363
0.0002944
0.00029517
0.00029594
0.00029671
0.00029748
0.00029825
0.00029902
0.00029979
0.00030056
0.00030132
0.00030209
0.00030286
0.00030363
0.0003044
0.00030517
0.00030594
0.00030671
0.00030748
0.00030825
0.00030902
0.00030979
0.00031056
0.00031133
0.0003121
0.00031287
0.00031364
0.0003144
0.00031517
0.00031594
0.00031671
0.00031748
0.00031825
0.00031902
0.00031979
0.00032056
0.00032133
0.0003221
0.00032287
0.00032364
0.00032441
0.00032518
0.00032594
0.00032671
0.00032748
0.00032825
0.00032902
0.00032979
0.00033056
0.00033133
0.0003321
0.00033287
0.00033364
0.00033441
0.00033518
0.00033594
0.00033671
0.00033748
0.00033825
0.00033902
0.00033979
0.00034056
0.00034133
0.0003421
0.00034287
0.00034364
0.00034441
0.00034517
0.00034594
0.00034671
0.00034748
0.00034825
0.00034902
0.00034979
0.00035056
0.00035133
0.0003521
0.00035287
0.00035363
0.0003544
0.00035517
0.00035594
0.00035671
0.00035748
0.00035825
0.00035902
0.00035979
0.00036056
0.00036132
0.00036209
0.00036286
0.00036363
0.0003644
0.00036517
0.00036594
0.00036671
0.00036748
0.00036825
0.00036901
0.00036978
0.00037055
0.00037132
0.00037209
0.00037286
0.00037363
0.0003744
0.00037516
0.00037593
0.0003767
0.00037747
0.00037824
0.00037901
0.00037978
0.00038055
0.00038131
0.00038208
0.00038285
0.00038362
0.00038439
0.00038516
0.00038593
0.00038669
0.00038746
0.00038823
0.000389
0.00038977
0.00039054
0.00039131
0.00039207
0.00039284
0.00039361
0.00039438
0.00039515
0.00039592
0.00039668
0.00039745
0.00039822
0.00039899
0.00039976
0.00040053
0.00040129
0.00040206
0.00040283
0.0004036
0.00040437
0.00040514
0.0004059
0.00040667
0.00040744
0.00040821
0.00040898
0.00040974
0.00041051
0.00041128
0.00041205
0.00041282
0.00041358
0.00041435
0.00041512
0.00041589
0.00041666
0.00041742
0.00041819
0.00041896
0.00041973
0.0004205
0.00042126
0.00042203
0.0004228
0.00042357
0.00042433
0.0004251
0.00042587
0.00042664
0.0004274
0.00042817
0.00042894
0.00042971
0.00043047
0.00043124
0.00043201
0.00043278
0.00043354
0.00043431
0.00043508
0.00043585
0.00043661
0.00043738
0.00043815
0.00043891
0.00043968
0.00044045
0.00044122
0.00044198
0.00044275
0.00044352
0.00044428
0.00044505
0.00044582
0.00044658
0.00044735
0.00044812
0.00044888
0.00044965
0.00045042
0.00045118
0.00045195
0.00045272
0.00045348
0.00045425
0.00045502
0.00045578
0.00045655
0.00045732
0.00045808
0.00045885
0.00045961
0.00046038
0.00046115
0.00046191
0.00046268
0.00046344
0.00046421
0.00046498
0.00046574
0.00046651
0.00046727
0.00046804
0.00046881
0.00046957
0.00047034
0.0004711
0.00047187
0.00047263
0.0004734
0.00047416
0.00047493
0.00047569
0.00047646
0.00047722
0.00047799
0.00047875
0.00047952
0.00048028
0.00048105
0.00048181
0.00048258
0.00048334
0.00048411
0.00048487
0.00048564
0.0004864
0.00048717
0.00048793
0.00048869
0.00048946
0.00049022
0.00049099
0.00049175
0.00049252
0.00049328
0.00049404
0.00049481
0.00049557
0.00049633
0.0004971
0.00049786
0.00049863
0.00049939
0.00050015
0.00050092
0.00050168
0.00050244
0.0005032
0.00050397
0.00050473
0.00050549
0.00050626
0.00050702
0.00050778
0.00050854
0.00050931
0.00051007
0.00051083
0.00051159
0.00051235
0.00051312
0.00051388
0.00051464
0.0005154
0.00051616
0.00051693
0.00051769
0.00051845
0.00051921
0.00051997
0.00052073
0.00052149
0.00052225
0.00052302
0.00052378
0.00052454
0.0005253
0.00052606
0.00052682
0.00052758
0.00052834
0.0005291
0.00052986
0.00053062
0.00053138
0.00053214
0.0005329
0.00053366
0.00053442
0.00053518
0.00053593
0.00053669
0.00053745
0.00053821
0.00053897
0.00053973
0.00054049
0.00054124
0.000542
0.00054276
0.00054352
0.00054428
0.00054503
0.00054579
0.00054655
0.00054731
0.00054806
0.00054882
0.00054958
0.00055033
0.00055109
0.00055185
0.0005526
0.00055336
0.00055412
0.00055487
0.00055563
0.00055638
0.00055714
0.00055789
0.00055865
0.0005594
0.00056016
0.00056091
0.00056167
0.00056242
0.00056318
0.00056393
0.00056468
0.00056544
0.00056619
0.00056695
0.0005677
0.00056845
0.0005692
0.00056996
0.00057071
0.00057146
0.00057221
0.00057297
0.00057372
0.00057447
0.00057522
0.00057597
0.00057672
0.00057748
0.00057823
0.00057898
0.00057973
0.00058048
0.00058123
0.00058198
0.00058273
0.00058348
0.00058423
0.00058497
0.00058572
0.00058647
0.00058722
0.00058797
0.00058872
0.00058946
0.00059021
0.00059096
0.0005917
0.00059245
0.0005932
0.00059394
0.00059469
0.00059544
0.00059618
0.00059693
0.00059767
0.00059842
0.00059916
0.00059991
0.00060065
0.00060139
0.00060214
0.00060288
0.00060362
0.00060437
0.00060511
0.00060585
0.00060659
0.00060734
0.00060808
0.00060882
0.00060956
0.0006103
0.00061104
0.00061178
0.00061252
0.00061326
0.000614
0.00061474
0.00061548
0.00061622
0.00061695
0.00061769
0.00061843
0.00061917
0.0006199
0.00062064
0.00062137
0.00062211
0.00062285
0.00062358
0.00062432
0.00062505
0.00062578
0.00062652
0.00062725
0.00062798
0.00062872
0.00062945
0.00063018
0.00063091
0.00063164
0.00063238
0.00063311
0.00063384
0.00063457
0.0006353
0.00063602
0.00063675
0.00063748
0.00063821
0.00063894
0.00063966
0.00064039
0.00064112
0.00064184
0.00064257
0.00064329
0.00064402
0.00064474
0.00064547
0.00064619
0.00064691
0.00064763
0.00064836
0.00064908
0.0006498
0.00065052
0.00065124
0.00065196
0.00065268
0.0006534
0.00065412
0.00065483
0.00065555
0.00065627
0.00065698
0.0006577
0.00065841
0.00065913
0.00065984
0.00066056
0.00066127
0.00066198
0.0006627
0.00066341
0.00066412
0.00066483
0.00066554
0.00066625
0.00066696
0.00066767
0.00066838
0.00066908
0.00066979
0.0006705
0.0006712
0.00067191
0.00067261
0.00067332
0.00067402
0.00067472
0.00067542
0.00067612
0.00067683
0.00067753
0.00067823
0.00067892
0.00067962
0.00068032
0.00068102
0.00068171
0.00068241
0.00068311
0.0006838
0.00068449
0.00068519
0.00068588
0.00068657
0.00068726
0.00068795
0.00068864
0.00068933
0.00069002
0.00069071
0.00069139
0.00069208
0.00069276
0.00069345
0.00069413
0.00069482
0.0006955
0.00069618
0.00069686
0.00069754
0.00069822
0.0006989
0.00069958
0.00070025
0.00070093
0.0007016
0.00070228
0.00070295
0.00070362
0.00070429
0.00070497
0.00070563
0.00070631
0.00070697
0.00070764
0.00070831
0.00070897
0.00070964
0.0007103
0.00071096
0.00071163
0.00071229
0.00071295
0.00071361
0.00071427
0.00071492
0.00071558
0.00071623
0.00071689
0.00071754
0.0007182
0.00071884
0.0007195
0.00072014
0.00072079
0.00072144
0.00072209
0.00072273
0.00072338
0.00072402
0.00072466
0.0007253
0.00072594
0.00072658
0.00072722
0.00072785
0.00072849
0.00072912
0.00072976
0.00073039
0.00073102
0.00073165
0.00073228
0.00073291
0.00073354
0.00073416
0.00073478
0.0007354
0.00073603
0.00073665
0.00073727
0.00073788
0.0007385
0.00073911
0.00073973
0.00074034
0.00074096
0.00074156
0.00074217
0.00074278
0.00074339
0.00074399
0.0007446
0.00074519
0.0007458
0.00074639
0.000747
0.00074759
0.00074819
0.00074878
0.00074937
0.00074996
0.00075055
0.00075114
0.00075173
0.00075231
0.0007529
0.00075347
0.00075406
0.00075463
0.00075521
0.00075578
0.00075636
0.00075693
0.00075751
0.00075807
0.00075864
0.00075921
0.00075978
0.00076033
0.0007609
0.00076145
0.00076202
0.00076257
0.00076313
0.00076368
0.00076423
0.00076478
0.00076533
0.00076587
0.00076642
0.00076696
0.0007675
0.00076804
0.00076858
0.00076911
0.00076965
0.00077017
0.00077071
0.00077123
0.00077176
0.00077228
0.00077281
0.00077332
0.00077385
0.00077436
0.00077488
0.00077538
0.0007759
0.0007764
0.00077691
0.00077741
0.00077792
0.00077842
0.00077892
0.00077941
0.00077991
0.00078039
0.00078089
0.00078137
0.00078186
0.00078234
0.00078283
0.0007833
0.00078378
0.00078425
0.00078473
0.00078519
0.00078567
0.00078613
0.00078659
0.00078705
0.00078751
0.00078796
0.00078842
0.00078887
0.00078932
0.00078976
0.00079021
0.00079065
0.00079109
0.00079152
0.00079196
0.00079239
0.00079282
0.00079324
0.00079367
0.00079409
0.00079452
0.00079492
0.00079534
0.00079575
0.00079616
0.00079656
0.00079697
0.00079737
0.00079777
0.00079816
0.00079856
0.00079894
0.00079933
0.00079971
0.0008001
0.00080047
0.00080085
0.00080121
0.00080159
0.00080195
0.00080232
0.00080267
0.00080304
0.00080339
0.00080374
0.00080409
0.00080444
0.00080477
0.00080512
0.00080545
0.00080579
0.00080611
0.00080644
0.00080676
0.00080709
0.0008074
0.00080772
0.00080802
0.00080834
0.00080863
0.00080894
0.00080923
0.00080953
0.00080982
0.00081011
0.00081039
0.00081067
0.00081095
0.00081122
0.00081149
0.00081176
0.00081202
0.00081228
0.00081253
0.00081279
0.00081303
0.00081328
0.00081352
0.00081376
0.00081399
0.00081422
0.00081445
0.00081467
0.00081489
0.00081511
0.00081531
0.00081552
0.00081572
0.00081593
0.00081612
0.00081631
0.0008165
0.00081668
0.00081686
0.00081704
0.00081721
0.00081738
0.00081754
0.0008177
0.00081785
0.000818
0.00081815
0.00081829
0.00081843
0.00081856
0.00081869
0.00081882
0.00081893
0.00081905
0.00081916
0.00081927
0.00081937
0.00081947
0.00081956
0.00081965
0.00081974
0.00081982
0.00081989
0.00081996
0.00082003
0.00082009
0.00082015
0.0008202
0.00082025
0.00082029
0.00082033
0.00082036
0.00082039
0.00082041
0.00082043
0.00082044
0.00082045
0.00082045
0.00082045
0.00082044
0.00082043
0.00082041
0.00082039
0.00082036
0.00082033
0.00082029
0.00082025
0.0008202
0.00082014
0.00082008
0.00082002
0.00081995
0.00081987
0.00081979
0.00081971
0.00081961
0.00081952
0.00081941
0.0008193
0.00081919
0.00081907
0.00081894
0.00081881
0.00081867
0.00081853
0.00081838
0.00081823
0.00081806
0.0008179
0.00081772
0.00081755
0.00081736
0.00081717
0.00081697
0.00081677
0.00081656
0.00081635
0.00081612
0.0008159
0.00081566
0.00081543
0.00081517
0.00081493
0.00081466
0.0008144
0.00081412
0.00081385
0.00081356
0.00081327
0.00081297
0.00081267
0.00081235
0.00081204
0.00081171
0.00081138
0.00081104
0.0008107
0.00081034
0.00080999
0.00080962
0.00080925
0.00080886
0.00080848
0.00080808
0.00080769
0.00080727
0.00080686
0.00080643
0.00080601
0.00080557
0.00080513
0.00080467
0.00080422
0.00080375
0.00080328
0.00080279
0.00080231
0.0008018
0.00080131
0.00080079
0.00080028
0.00079974
0.00079921
0.00079866
0.00079812
0.00079755
0.000797
0.00079641
0.00079584
0.00079524
0.00079465
0.00079403
0.00079343
0.0007928
0.00079218
0.00079153
0.00079089
0.00079022
0.00078957
0.00078889
0.00078822
0.00078752
0.00078683
0.00078611
0.00078541
0.00078467
0.00078395
0.0007832
0.00078246
0.00078169
0.00078094
0.00078015
0.00077937
0.00077857
0.00077778
0.00077696
0.00077614
0.0007753
0.00077447
0.00077362
0.00077277
0.00077189
0.00077103
0.00077013
0.00076924
0.00076833
0.00076743
0.00076649
0.00076557
0.00076461
0.00076367
0.0007627
0.00076174
0.00076075
0.00075977
0.00075875
0.00075775
0.00075672
0.0007557
0.00075465
0.00075361
0.00075254
0.00075148
0.00075038
0.0007493
0.00074819
0.00074709
0.00074595
0.00074483
0.00074367
0.00074253
0.00074135
0.00074019
0.00073899
0.00073781
0.00073659
0.00073538
0.00073414
0.00073291
0.00073165
0.0007304
0.00072911
0.00072784
0.00072653
0.00072524
0.00072391
0.00072259
0.00072124
0.0007199
0.00071852
0.00071716
0.00071576
0.00071438
0.00071295
0.00071155
0.0007101
0.00070867
0.0007072
0.00070574
0.00070425
0.00070277
0.00070126
0.00069975
0.00069821
0.00069669
0.00069512
0.00069357
0.00069198
0.0006904
0.00068879
0.00068719
0.00068555
0.00068393
0.00068226
0.00068061
0.00067892
0.00067725
0.00067553
0.00067383
0.00067209
0.00067036
0.0006686
0.00066684
0.00066505
0.00066327
0.00066145
0.00065965
0.0006578
0.00065597
0.0006541
0.00065224
0.00065034
0.00064845
0.00064653
0.00064461
0.00064266
0.00064072
0.00063874
0.00063677
0.00063476
0.00063277
0.00063073
0.00062871
0.00062664
0.00062459
0.0006225
0.00062042
0.0006183
0.00061619
0.00061404
0.0006119
0.00060972
0.00060755
0.00060535
0.00060315
0.00060091
0.00059869
0.00059642
0.00059416
0.00059187
0.00058958
0.00058726
0.00058494
0.00058258
0.00058024
0.00057785
0.00057547
0.00057306
0.00057065
0.0005682
0.00056576
0.00056328
0.00056081
0.0005583
0.0005558
0.00055326
0.00055072
0.00054815
0.00054558
0.00054298
0.00054038
0.00053774
0.00053511
0.00053244
0.00052978
0.00052708
0.00052438
0.00052165
0.00051891
0.00051615
0.00051338
0.00051058
0.00050779
0.00050495
0.00050212
0.00049925
0.00049639
0.00049349
0.00049059
0.00048765
0.00048472
0.00048175
0.00047878
0.00047578
0.00047277
0.00046973
0.00046669
0.00046362
0.00046055
0.00045744
0.00045433
0.00045118
0.00044804
0.00044486
0.00044167
0.00043846
0.00043524
0.00043199
0.00042873
0.00042544
0.00042215
0.00041883
0.0004155
0.00041213
0.00040877
0.00040537
0.00040196
0.00039853
0.00039509
0.00039161
0.00038813
0.00038462
0.0003811
0.00037755
0.000374
0.00037041
0.00036681
0.00036319
0.00035955
0.00035589
0.00035221
0.00034851
0.00034479
0.00034105
0.0003373
0.00033351
0.00032972
0.0003259
0.00032207
0.0003182
0.00031433
0.00031043
0.00030651
0.00030257
0.00029861
0.00029463
0.00029063
0.00028661
0.00028257
0.00027851
0.00027443
0.00027032
0.0002662
0.00026205
0.00025789
0.00025369
0.00024949
0.00024526
0.00024101
0.00023673
0.00023244
0.00022812
0.00022379
0.00021943
0.00021505
0.00021065
0.00020623
0.00020178
0.00019731
0.00019282
0.00018831
0.00018378
0.00017923
0.00017465
0.00017005
0.00016543
0.00016078
0.00015611
0.00015143
0.00014671
0.00014198
0.00013722
0.00013245
0.00012764
0.00012282
0.00011797
0.0001131
0.0001082
0.00010329
9.8346e-05
9.3384e-05
8.8396e-05
8.3387e-05
7.8353e-05
7.3297e-05
6.8215e-05
6.3112e-05
5.7984e-05
5.2833e-05
4.7657e-05
4.2458e-05
3.7235e-05
3.1989e-05
2.6717e-05
2.1422e-05
1.6103e-05
1.076e-05
5.392e-06
