-9.5389e-05
-0.00018923
-0.00028154
-0.00037233
-0.00046161
-0.00054938
-0.00063567
-0.00072047
-0.0008038
-0.00088568
-0.0009661
-0.0010451
-0.0011226
-0.0011988
-0.0012735
-0.0013468
-0.0014188
-0.0014893
-0.0015585
-0.0016264
-0.0016928
-0.001758
-0.0018218
-0.0018843
-0.0019455
-0.0020054
-0.002064
-0.0021213
-0.0021773
-0.0022321
-0.0022856
-0.0023379
-0.0023889
-0.0024388
-0.0024874
-0.0025348
-0.002581
-0.002626
-0.0026698
-0.0027125
-0.002754
-0.0027944
-0.0028336
-0.0028717
-0.0029087
-0.0029445
-0.0029792
-0.0030129
-0.0030454
-0.0030769
-0.0031073
-0.0031366
-0.0031649
-0.0031922
-0.0032184
-0.0032435
-0.0032677
-0.0032908
-0.003313
-0.0033341
-0.0033543
-0.0033735
-0.0033917
-0.0034089
-0.0034252
-0.0034406
-0.003455
-0.0034685
-0.0034811
-0.0034927
-0.0035035
-0.0035134
-0.0035223
-0.0035304
-0.0035377
-0.003544
-0.0035495
-0.0035542
-0.003558
-0.003561
-0.0035632
-0.0035645
-0.0035651
-0.0035648
-0.0035638
-0.0035619
-0.0035593
-0.0035559
-0.0035518
-0.0035469
-0.0035412
-0.0035349
-0.0035277
-0.0035199
-0.0035114
-0.0035021
-0.0034921
-0.0034815
-0.0034701
-0.0034581
-0.0034454
-0.003432
-0.003418
-0.0034033
-0.003388
-0.0033721
-0.0033555
-0.0033383
-0.0033205
-0.0033021
-0.0032831
-0.0032635
-0.0032433
-0.0032225
-0.0032012
-0.0031793
-0.0031568
-0.0031338
-0.0031103
-0.0030862
-0.0030616
-0.0030364
-0.0030108
-0.0029846
-0.002958
-0.0029308
-0.0029032
-0.0028751
-0.0028465
-0.0028174
-0.0027879
-0.002758
-0.0027275
-0.0026967
-0.0026654
-0.0026337
-0.0026016
-0.002569
-0.0025361
-0.0025028
-0.002469
-0.0024349
-0.0024004
-0.0023656
-0.0023303
-0.0022947
-0.0022588
-0.0022225
-0.0021859
-0.002149
-0.0021117
-0.0020741
-0.0020362
-0.001998
-0.0019595
-0.0019207
-0.0018816
-0.0018422
-0.0018026
-0.0017627
-0.0017225
-0.0016821
-0.0016414
-0.0016005
-0.0015594
-0.001518
-0.0014764
-0.0014346
-0.0013926
-0.0013504
-0.001308
-0.0012654
-0.0012227
-0.0011797
-0.0011366
-0.0010933
-0.0010499
-0.0010063
-0.00096261
-0.00091875
-0.00087476
-0.00083064
-0.00078641
-0.00074207
-0.00069762
-0.00065307
-0.00060843
-0.00056371
-0.0005189
-0.00047403
-0.00042908
-0.00038408
-0.00033902
-0.00029391
-0.00024876
-0.00020358
-0.00015837
-0.00011314
-6.7889e-05
-2.2631e-05
2.2631e-05
6.7889e-05
0.00011314
0.00015837
0.00020358
0.00024876
0.00029391
0.00033902
0.00038408
0.00042908
0.00047403
0.0005189
0.00056371
0.00060843
0.00065307
0.00069762
0.00074207
0.00078641
0.00083064
0.00087476
0.00091875
0.00096261
0.0010063
0.0010499
0.0010933
0.0011366
0.0011797
0.0012227
0.0012654
0.001308
0.0013504
0.0013926
0.0014346
0.0014764
0.001518
0.0015594
0.0016005
0.0016414
0.0016821
0.0017225
0.0017627
0.0018026
0.0018422
0.0018816
0.0019207
0.0019595
0.001998
0.0020362
0.0020741
0.0021117
0.002149
0.0021859
0.0022225
0.0022588
0.0022947
0.0023303
0.0023656
0.0024004
0.0024349
0.002469
0.0025028
0.0025361
0.002569
0.0026016
0.0026337
0.0026654
0.0026967
0.0027275
0.002758
0.0027879
0.0028174
0.0028465
0.0028751
0.0029032
0.0029308
0.002958
0.0029846
0.0030108
0.0030364
0.0030616
0.0030862
0.0031103
0.0031338
0.0031568
0.0031793
0.0032012
0.0032225
0.0032433
0.0032635
0.0032831
0.0033021
0.0033205
0.0033383
0.0033555
0.0033721
0.003388
0.0034033
0.003418
0.003432
0.0034454
0.0034581
0.0034701
0.0034815
0.0034921
0.0035021
0.0035114
0.0035199
0.0035277
0.0035349
0.0035412
0.0035469
0.0035518
0.0035559
0.0035593
0.0035619
0.0035638
0.0035648
0.0035651
0.0035645
0.0035632
0.003561
0.003558
0.0035542
0.0035495
0.003544
0.0035377
0.0035304
0.0035223
0.0035134
0.0035035
0.0034927
0.0034811
0.0034685
0.003455
0.0034406
0.0034252
0.0034089
0.0033917
0.0033735
0.0033543
0.0033341
0.003313
0.0032908
0.0032677
0.0032435
0.0032184
0.0031922
0.0031649
0.0031366
0.0031073
0.0030769
0.0030454
0.0030129
0.0029792
0.0029445
0.0029087
0.0028717
0.0028336
0.0027944
0.002754
0.0027125
0.0026698
0.002626
0.002581
0.0025348
0.0024874
0.0024388
0.0023889
0.0023379
0.0022856
0.0022321
0.0021773
0.0021213
0.002064
0.0020054
0.0019455
0.0018843
0.0018218
0.001758
0.0016928
0.0016264
0.0015585
0.0014893
0.0014188
0.0013468
0.0012735
0.0011988
0.0011226
0.0010451
0.0009661
0.00088568
0.0008038
0.00072047
0.00063567
0.00054938
0.00046161
0.00037233
0.00028154
0.00018923
9.5389e-05
