-0.18089
-0.24023
-0.27512
-0.29948
-0.31796
-0.33269
-0.34481
-0.35501
-0.36375
-0.37133
-0.37797
-0.38383
-0.38904
-0.3937
-0.39788
-0.40165
-0.40506
-0.40814
-0.41095
-0.4135
-0.41582
-0.41793
-0.41986
-0.42162
-0.42323
-0.4247
-0.42603
-0.42725
-0.42836
-0.42937
-0.43028
-0.43111
-0.43185
-0.43252
-0.43312
-0.43366
-0.43413
-0.43455
-0.43491
-0.43522
-0.43549
-0.43571
-0.43589
-0.43603
-0.43613
-0.4362
-0.43623
-0.43624
-0.43621
-0.43616
-0.43608
-0.43597
-0.43584
-0.43569
-0.43552
-0.43533
-0.43511
-0.43488
-0.43464
-0.43437
-0.43409
-0.4338
-0.43349
-0.43317
-0.43283
-0.43248
-0.43212
-0.43175
-0.43137
-0.43098
-0.43058
-0.43017
-0.42975
-0.42933
-0.42889
-0.42845
-0.428
-0.42754
-0.42707
-0.4266
-0.42613
-0.42564
-0.42516
-0.42466
-0.42416
-0.42366
-0.42315
-0.42264
-0.42212
-0.4216
-0.42107
-0.42054
-0.42001
-0.41947
-0.41893
-0.41839
-0.41784
-0.41729
-0.41674
-0.41619
-0.41563
-0.41507
-0.4145
-0.41394
-0.41337
-0.4128
-0.41223
-0.41166
-0.41108
-0.41051
-0.40993
-0.40935
-0.40876
-0.40818
-0.40759
-0.40701
-0.40642
-0.40583
-0.40524
-0.40465
-0.40405
-0.40346
-0.40286
-0.40227
-0.40167
-0.40107
-0.40047
-0.39987
-0.39927
-0.39866
-0.39806
-0.39746
-0.39685
-0.39625
-0.39564
-0.39504
-0.39443
-0.39382
-0.39321
-0.3926
-0.39199
-0.39138
-0.39077
-0.39016
-0.38955
-0.38894
-0.38832
-0.38771
-0.3871
-0.38648
-0.38587
-0.38526
-0.38464
-0.38402
-0.38341
-0.38279
-0.38218
-0.38156
-0.38094
-0.38033
-0.37971
-0.37909
-0.37847
-0.37786
-0.37724
-0.37662
-0.376
-0.37538
-0.37476
-0.37414
-0.37352
-0.3729
-0.37228
-0.37166
-0.37104
-0.37042
-0.3698
-0.36918
-0.36856
-0.36794
-0.36732
-0.3667
-0.36608
-0.36546
-0.36483
-0.36421
-0.36359
-0.36297
-0.36235
-0.36172
-0.3611
-0.36048
-0.35986
-0.35924
-0.35861
-0.35799
-0.35737
-0.35675
-0.35612
-0.3555
-0.35488
-0.35425
-0.35363
-0.35301
-0.35239
-0.35176
-0.35114
-0.35052
-0.34989
-0.34927
-0.34865
-0.34802
-0.3474
-0.34678
-0.34615
-0.34553
-0.34491
-0.34428
-0.34366
-0.34303
-0.34241
-0.34179
-0.34116
-0.34054
-0.33992
-0.33929
-0.33867
-0.33804
-0.33742
-0.3368
-0.33617
-0.33555
-0.33492
-0.3343
-0.33368
-0.33305
-0.33243
-0.3318
-0.33118
-0.33056
-0.32993
-0.32931
-0.32868
-0.32806
-0.32743
-0.32681
-0.32619
-0.32556
-0.32494
-0.32431
-0.32369
-0.32306
-0.32244
-0.32182
-0.32119
-0.32057
-0.31994
-0.31932
-0.31869
-0.31807
-0.31745
-0.31682
-0.3162
-0.31557
-0.31495
-0.31432
-0.3137
-0.31307
-0.31245
-0.31183
-0.3112
-0.31058
-0.30995
-0.30933
-0.3087
-0.30808
-0.30745
-0.30683
-0.30621
-0.30558
-0.30496
-0.30433
-0.30371
-0.30308
-0.30246
-0.30183
-0.30121
-0.30058
-0.29996
-0.29934
-0.29871
-0.29809
-0.29746
-0.29684
-0.29621
-0.29559
-0.29496
-0.29434
-0.29371
-0.29309
-0.29247
-0.29184
-0.29122
-0.29059
-0.28997
-0.28934
-0.28872
-0.28809
-0.28747
-0.28684
-0.28622
-0.2856
-0.28497
-0.28435
-0.28372
-0.2831
-0.28247
-0.28185
-0.28122
-0.2806
-0.27997
-0.27935
-0.27873
-0.2781
-0.27748
-0.27685
-0.27623
-0.2756
-0.27498
-0.27435
-0.27373
-0.2731
-0.27248
-0.27185
-0.27123
-0.27061
-0.26998
-0.26936
-0.26873
-0.26811
-0.26748
-0.26686
-0.26623
-0.26561
-0.26498
-0.26436
-0.26374
-0.26311
-0.26249
-0.26186
-0.26124
-0.26061
-0.25999
-0.25936
-0.25874
-0.25811
-0.25749
-0.25686
-0.25624
-0.25562
-0.25499
-0.25437
-0.25374
-0.25312
-0.25249
-0.25187
-0.25124
-0.25062
-0.24999
-0.24937
-0.24874
-0.24812
-0.2475
-0.24687
-0.24625
-0.24562
-0.245
-0.24437
-0.24375
-0.24312
-0.2425
-0.24187
-0.24125
-0.24063
-0.24
-0.23938
-0.23875
-0.23813
-0.2375
-0.23688
-0.23625
-0.23563
-0.235
-0.23438
-0.23375
-0.23313
-0.23251
-0.23188
-0.23126
-0.23063
-0.23001
-0.22938
-0.22876
-0.22813
-0.22751
-0.22688
-0.22626
-0.22563
-0.22501
-0.22439
-0.22376
-0.22314
-0.22251
-0.22189
-0.22126
-0.22064
-0.22001
-0.21939
-0.21876
-0.21814
-0.21752
-0.21689
-0.21627
-0.21564
-0.21502
-0.21439
-0.21377
-0.21314
-0.21252
-0.21189
-0.21127
-0.21064
-0.21002
-0.2094
-0.20877
-0.20815
-0.20752
-0.2069
-0.20627
-0.20565
-0.20502
-0.2044
-0.20377
-0.20315
-0.20253
-0.2019
-0.20128
-0.20065
-0.20003
-0.1994
-0.19878
-0.19815
-0.19753
-0.1969
-0.19628
-0.19565
-0.19503
-0.19441
-0.19378
-0.19316
-0.19253
-0.19191
-0.19128
-0.19066
-0.19003
-0.18941
-0.18878
-0.18816
-0.18754
-0.18691
-0.18629
-0.18566
-0.18504
-0.18441
-0.18379
-0.18316
-0.18254
-0.18192
-0.18129
-0.18067
-0.18004
-0.17942
-0.17879
-0.17817
-0.17754
-0.17692
-0.17629
-0.17567
-0.17505
-0.17442
-0.1738
-0.17317
-0.17255
-0.17192
-0.1713
-0.17067
-0.17005
-0.16943
-0.1688
-0.16818
-0.16755
-0.16693
-0.1663
-0.16568
-0.16505
-0.16443
-0.16381
-0.16318
-0.16256
-0.16193
-0.16131
-0.16068
-0.16006
-0.15943
-0.15881
-0.15819
-0.15756
-0.15694
-0.15631
-0.15569
-0.15506
-0.15444
-0.15381
-0.15319
-0.15257
-0.15194
-0.15132
-0.15069
-0.15007
-0.14944
-0.14882
-0.1482
-0.14757
-0.14695
-0.14632
-0.1457
-0.14507
-0.14445
-0.14383
-0.1432
-0.14258
-0.14195
-0.14133
-0.1407
-0.14008
-0.13946
-0.13883
-0.13821
-0.13758
-0.13696
-0.13634
-0.13571
-0.13509
-0.13446
-0.13384
-0.13321
-0.13259
-0.13197
-0.13134
-0.13072
-0.13009
-0.12947
-0.12885
-0.12822
-0.1276
-0.12697
-0.12635
-0.12573
-0.1251
-0.12448
-0.12385
-0.12323
-0.12261
-0.12198
-0.12136
-0.12074
-0.12011
-0.11949
-0.11886
-0.11824
-0.11762
-0.11699
-0.11637
-0.11575
-0.11512
-0.1145
-0.11387
-0.11325
-0.11263
-0.112
-0.11138
-0.11076
-0.11013
-0.10951
-0.10889
-0.10826
-0.10764
-0.10702
-0.10639
-0.10577
-0.10515
-0.10452
-0.1039
-0.10328
-0.10265
-0.10203
-0.10141
-0.10078
-0.10016
-0.099536
-0.098913
-0.09829
-0.097667
-0.097044
-0.096421
-0.095798
-0.095175
-0.094552
-0.093929
-0.093306
-0.092684
-0.092061
-0.091438
-0.090815
-0.090193
-0.08957
-0.088947
-0.088325
-0.087702
-0.08708
-0.086457
-0.085835
-0.085213
-0.08459
-0.083968
-0.083346
-0.082723
-0.082101
-0.081479
-0.080857
-0.080235
-0.079613
-0.078991
-0.078369
-0.077747
-0.077126
-0.076504
-0.075882
-0.07526
-0.074639
-0.074017
-0.073396
-0.072774
-0.072153
-0.071531
-0.07091
-0.070289
-0.069668
-0.069047
-0.068425
-0.067804
-0.067183
-0.066563
-0.065942
-0.065321
-0.0647
-0.06408
-0.063459
-0.062839
-0.062218
-0.061598
-0.060977
-0.060357
-0.059737
-0.059117
-0.058497
-0.057877
-0.057257
-0.056637
-0.056018
-0.055398
-0.054778
-0.054159
-0.053539
-0.05292
-0.052301
-0.051682
-0.051063
-0.050444
-0.049825
-0.049206
-0.048587
-0.047969
-0.04735
-0.046732
-0.046113
-0.045495
-0.044877
-0.044259
-0.043641
-0.043023
-0.042405
-0.041788
-0.04117
-0.040553
-0.039935
-0.039318
-0.038701
-0.038084
-0.037467
-0.036851
-0.036234
-0.035617
-0.035001
-0.034385
-0.033769
-0.033153
-0.032537
-0.031921
-0.031305
-0.03069
-0.030074
-0.029459
-0.028844
-0.028229
-0.027614
-0.027
-0.026385
-0.025771
-0.025156
-0.024542
-0.023928
-0.023315
-0.022701
-0.022087
-0.021474
-0.020861
-0.020248
-0.019635
-0.019022
-0.01841
-0.017797
-0.017185
-0.016573
-0.015961
-0.01535
-0.014738
-0.014127
-0.013516
-0.012905
-0.012294
-0.011684
-0.011073
-0.010463
-0.0098532
-0.0092435
-0.0086339
-0.0080245
-0.0074154
-0.0068064
-0.0061977
-0.0055892
-0.0049808
-0.0043728
-0.0037649
-0.0031572
-0.0025498
-0.0019426
-0.0013356
-0.00072888
-0.00012237
0.0004839
0.0010899
0.0016957
0.0023013
0.0029066
0.0035116
0.0041164
0.0047209
0.0053252
0.0059292
0.006533
0.0071365
0.0077397
0.0083426
0.0089453
0.0095477
0.01015
0.010752
0.011353
0.011954
0.012555
0.013156
0.013756
0.014356
0.014956
0.015556
0.016155
0.016754
0.017352
0.01795
0.018548
0.019146
0.019743
0.02034
0.020936
0.021533
0.022128
0.022724
0.023319
0.023914
0.024508
0.025102
0.025696
0.02629
0.026882
0.027475
0.028067
0.028659
0.029251
0.029842
0.030432
0.031023
0.031613
0.032202
0.032791
0.03338
0.033968
0.034556
0.035143
0.03573
0.036317
0.036903
0.037488
0.038074
0.038658
0.039243
0.039827
0.04041
0.040993
0.041575
0.042157
0.042739
0.04332
0.043901
0.044481
0.04506
0.045639
0.046218
0.046796
0.047373
0.04795
0.048527
0.049103
0.049678
0.050253
0.050828
0.051402
0.051975
0.052548
0.05312
0.053691
0.054263
0.054833
0.055403
0.055972
0.056541
0.057109
0.057677
0.058244
0.05881
0.059376
0.059941
0.060505
0.061069
0.061633
0.062195
0.062757
0.063319
0.063879
0.064439
0.064999
0.065557
0.066115
0.066673
0.067229
0.067785
0.068341
0.068895
0.069449
0.070002
0.070555
0.071107
0.071658
0.072208
0.072757
0.073306
0.073854
0.074402
0.074948
0.075494
0.076039
0.076583
0.077127
0.077669
0.078211
0.078752
0.079292
0.079832
0.080371
0.080908
0.081445
0.081981
0.082517
0.083051
0.083585
0.084118
0.084649
0.08518
0.085711
0.08624
0.086768
0.087296
0.087822
0.088348
0.088873
0.089396
0.089919
0.090441
0.090962
0.091482
0.092002
0.09252
0.093037
0.093553
0.094068
0.094583
0.095096
0.095608
0.096119
0.09663
0.097139
0.097647
0.098154
0.09866
0.099166
0.09967
0.10017
0.10067
0.10118
0.10168
0.10217
0.10267
0.10317
0.10366
0.10416
0.10465
0.10514
0.10563
0.10612
0.10661
0.1071
0.10759
0.10807
0.10856
0.10904
0.10952
0.11
0.11048
0.11096
0.11143
0.11191
0.11238
0.11286
0.11333
0.1138
0.11427
0.11474
0.1152
0.11567
0.11613
0.1166
0.11706
0.11752
0.11798
0.11843
0.11889
0.11935
0.1198
0.12025
0.1207
0.12115
0.1216
0.12205
0.12249
0.12294
0.12338
0.12382
0.12426
0.1247
0.12514
0.12557
0.12601
0.12644
0.12687
0.1273
0.12773
0.12815
0.12858
0.129
0.12942
0.12985
0.13026
0.13068
0.1311
0.13151
0.13193
0.13234
0.13275
0.13315
0.13356
0.13397
0.13437
0.13477
0.13517
0.13557
0.13597
0.13636
0.13676
0.13715
0.13754
0.13793
0.13832
0.1387
0.13908
0.13947
0.13985
0.14023
0.1406
0.14098
0.14135
0.14172
0.14209
0.14246
0.14283
0.14319
0.14355
0.14392
0.14427
0.14463
0.14499
0.14534
0.14569
0.14604
0.14639
0.14674
0.14708
0.14743
0.14777
0.14811
0.14844
0.14878
0.14911
0.14944
0.14977
0.1501
0.15043
0.15075
0.15107
0.15139
0.15171
0.15203
0.15234
0.15265
0.15296
0.15327
0.15358
0.15388
0.15418
0.15448
0.15478
0.15508
0.15537
0.15566
0.15595
0.15624
0.15653
0.15681
0.15709
0.15737
0.15765
0.15792
0.1582
0.15847
0.15874
0.159
0.15927
0.15953
0.15979
0.16005
0.1603
0.16056
0.16081
0.16106
0.16131
0.16155
0.16179
0.16203
0.16227
0.16251
0.16274
0.16298
0.1632
0.16343
0.16366
0.16388
0.1641
0.16432
0.16453
0.16475
0.16496
0.16517
0.16538
0.16558
0.16578
0.16598
0.16618
0.16637
0.16657
0.16676
0.16695
0.16713
0.16732
0.1675
0.16768
0.16785
0.16803
0.1682
0.16837
0.16853
0.1687
0.16886
0.16902
0.16918
0.16933
0.16948
0.16963
0.16978
0.16993
0.17007
0.17021
0.17035
0.17048
0.17061
0.17074
0.17087
0.171
0.17112
0.17124
0.17136
0.17147
0.17158
0.17169
0.1718
0.17191
0.17201
0.17211
0.17221
0.1723
0.1724
0.17249
0.17257
0.17266
0.17274
0.17282
0.1729
0.17297
0.17304
0.17311
0.17318
0.17324
0.1733
0.17336
0.17342
0.17347
0.17353
0.17357
0.17362
0.17366
0.1737
0.17374
0.17378
0.17381
0.17384
0.17387
0.17389
0.17392
0.17394
0.17395
0.17397
0.17398
0.17399
0.17399
0.174
0.174
0.174
0.17399
0.17399
0.17398
0.17397
0.17395
0.17393
0.17391
0.17389
0.17386
0.17384
0.17381
0.17377
0.17374
0.1737
0.17366
0.17361
0.17356
0.17351
0.17346
0.17341
0.17335
0.17329
0.17322
0.17316
0.17309
0.17302
0.17294
0.17287
0.17279
0.17271
0.17262
0.17253
0.17244
0.17235
0.17226
0.17216
0.17206
0.17195
0.17185
0.17174
0.17162
0.17151
0.17139
0.17127
0.17115
0.17102
0.1709
0.17077
0.17063
0.1705
0.17036
0.17021
0.17007
0.16992
0.16977
0.16962
0.16947
0.16931
0.16915
0.16898
0.16882
0.16865
0.16848
0.1683
0.16813
0.16795
0.16777
0.16758
0.16739
0.1672
0.16701
0.16681
0.16662
0.16642
0.16621
0.16601
0.1658
0.16559
0.16537
0.16515
0.16493
0.16471
0.16449
0.16426
0.16403
0.1638
0.16356
0.16332
0.16308
0.16284
0.16259
0.16235
0.16209
0.16184
0.16158
0.16133
0.16106
0.1608
0.16053
0.16026
0.15999
0.15972
0.15944
0.15916
0.15888
0.15859
0.15831
0.15802
0.15772
0.15743
0.15713
0.15683
0.15653
0.15622
0.15591
0.1556
0.15529
0.15498
0.15466
0.15434
0.15402
0.15369
0.15336
0.15303
0.1527
0.15236
0.15203
0.15169
0.15134
0.151
0.15065
0.1503
0.14995
0.14959
0.14923
0.14888
0.14851
0.14815
0.14778
0.14741
0.14704
0.14667
0.14629
0.14591
0.14553
0.14515
0.14476
0.14437
0.14398
0.14359
0.14319
0.14279
0.14239
0.14199
0.14159
0.14118
0.14077
0.14036
0.13995
0.13953
0.13911
0.13869
0.13827
0.13784
0.13742
0.13699
0.13656
0.13612
0.13569
0.13525
0.13481
0.13437
0.13392
0.13347
0.13303
0.13257
0.13212
0.13167
0.13121
0.13075
0.13029
0.12982
0.12936
0.12889
0.12842
0.12795
0.12747
0.127
0.12652
0.12604
0.12556
0.12507
0.12459
0.1241
0.12361
0.12312
0.12262
0.12213
0.12163
0.12113
0.12063
0.12012
0.11962
0.11911
0.1186
0.11809
0.11758
0.11706
0.11655
0.11603
0.11551
0.11498
0.11446
0.11393
0.11341
0.11288
0.11235
0.11181
0.11128
0.11074
0.1102
0.10966
0.10912
0.10858
0.10803
0.10749
0.10694
0.10639
0.10584
0.10528
0.10473
0.10417
0.10361
0.10305
0.10249
0.10193
0.10136
0.1008
0.10023
0.099662
0.099092
0.098519
0.097946
0.097371
0.096794
0.096216
0.095636
0.095055
0.094473
0.093889
0.093304
0.092717
0.092129
0.091539
0.090948
0.090356
0.089763
0.089168
0.088571
0.087974
0.087375
0.086775
0.086173
0.085571
0.084967
0.084362
0.083755
0.083147
0.082538
0.081928
0.081317
0.080705
0.080091
0.079476
0.07886
0.078243
0.077625
0.077005
0.076385
0.075763
0.075141
0.074517
0.073892
0.073266
0.07264
0.072012
0.071383
0.070753
0.070122
0.06949
0.068857
0.068224
0.067589
0.066953
0.066317
0.065679
0.065041
0.064402
0.063762
0.063121
0.062479
0.061836
0.061193
0.060548
0.059903
0.059257
0.05861
0.057963
0.057315
0.056666
0.056016
0.055366
0.054715
0.054063
0.05341
0.052757
0.052103
0.051449
0.050793
0.050138
0.049481
0.048824
0.048167
0.047508
0.04685
0.04619
0.04553
0.04487
0.044209
0.043548
0.042886
0.042223
0.04156
0.040897
0.040233
0.039569
0.038904
0.038239
0.037573
0.036908
0.036241
0.035575
0.034907
0.03424
0.033572
0.032904
0.032236
0.031567
0.030898
0.030229
0.029559
0.028889
0.028219
0.027549
0.026878
0.026208
0.025537
0.024866
0.024194
0.023523
0.022851
0.02218
0.021507
0.020836
0.020163
0.019491
0.018818
0.018147
0.017473
0.016802
0.016128
0.015457
0.014782
0.014112
0.013436
0.012767
0.01209
0.011422
0.010745
0.010077
0.0093995
0.0087324
0.0080544
0.007388
0.00671
0.006044
0.0053662
0.0047001
0.0040232
0.0033566
0.0026812
0.0020135
0.0013401
0.00067099
