-0.016663
-0.021671
-0.024401
-0.026175
-0.027431
-0.028363
-0.029076
-0.029631
-0.030069
-0.030414
-0.030688
-0.030902
-0.031068
-0.031194
-0.031285
-0.031347
-0.031383
-0.031398
-0.031394
-0.031372
-0.031336
-0.031286
-0.031224
-0.031151
-0.031069
-0.030978
-0.030879
-0.030773
-0.03066
-0.030542
-0.030417
-0.030288
-0.030154
-0.030016
-0.029873
-0.029727
-0.029578
-0.029425
-0.02927
-0.029111
-0.028951
-0.028788
-0.028622
-0.028455
-0.028286
-0.028114
-0.027942
-0.027767
-0.027592
-0.027414
-0.027236
-0.027056
-0.026876
-0.026694
-0.026511
-0.026328
-0.026143
-0.025958
-0.025772
-0.025585
-0.025398
-0.02521
-0.025022
-0.024833
-0.024644
-0.024454
-0.024264
-0.024073
-0.023882
-0.023691
-0.023499
-0.023308
-0.023116
-0.022924
-0.022731
-0.022539
-0.022346
-0.022153
-0.021961
-0.021768
-0.021575
-0.021382
-0.021189
-0.020996
-0.020803
-0.02061
-0.020418
-0.020225
-0.020032
-0.01984
-0.019647
-0.019455
-0.019263
-0.01907
-0.018879
-0.018687
-0.018495
-0.018304
-0.018113
-0.017922
-0.017731
-0.01754
-0.01735
-0.01716
-0.01697
-0.016781
-0.016591
-0.016402
-0.016214
-0.016025
-0.015837
-0.015649
-0.015462
-0.015275
-0.015088
-0.014902
-0.014716
-0.01453
-0.014345
-0.01416
-0.013975
-0.013791
-0.013607
-0.013423
-0.01324
-0.013058
-0.012876
-0.012694
-0.012512
-0.012332
-0.012151
-0.011971
-0.011791
-0.011612
-0.011434
-0.011256
-0.011078
-0.010901
-0.010724
-0.010548
-0.010372
-0.010197
-0.010022
-0.009848
-0.0096743
-0.0095012
-0.0093286
-0.0091565
-0.008985
-0.0088141
-0.0086437
-0.0084738
-0.0083045
-0.0081358
-0.0079677
-0.0078002
-0.0076332
-0.0074669
-0.0073011
-0.0071359
-0.0069714
-0.0068074
-0.0066441
-0.0064814
-0.0063194
-0.0061579
-0.0059972
-0.005837
-0.0056775
-0.0055187
-0.0053605
-0.005203
-0.0050462
-0.0048901
-0.0047346
-0.0045798
-0.0044257
-0.0042724
-0.0041197
-0.0039677
-0.0038165
-0.0036659
-0.0035161
-0.0033671
-0.0032187
-0.0030711
-0.0029243
-0.0027782
-0.0026329
-0.0024883
-0.0023445
-0.0022015
-0.0020593
-0.0019178
-0.0017772
-0.0016373
-0.0014983
-0.00136
-0.0012226
-0.001086
-0.00095018
-0.00081522
-0.00068111
-0.00054783
-0.00041541
-0.00028384
-0.00015313
-2.3289e-05
0.00010568
0.00023377
0.00036098
0.0004873
0.00061272
0.00073724
0.00086086
0.00098356
0.0011053
0.0012262
0.0013461
0.0014651
0.0015831
0.0017002
0.0018164
0.0019315
0.0020458
0.002159
0.0022712
0.0023825
0.0024928
0.002602
0.0027103
0.0028175
0.0029238
0.003029
0.0031332
0.0032363
0.0033384
0.0034394
0.0035394
0.0036383
0.0037362
0.003833
0.0039286
0.0040232
0.0041167
0.0042091
0.0043004
0.0043906
0.0044796
0.0045675
0.0046543
0.0047399
0.0048244
0.0049077
0.0049898
0.0050708
0.0051506
0.0052292
0.0053066
0.0053828
0.0054577
0.0055315
0.0056041
0.0056754
0.0057455
0.0058143
0.0058819
0.0059482
0.0060132
0.006077
0.0061395
0.0062007
0.0062606
0.0063191
0.0063764
0.0064324
0.006487
0.0065403
0.0065922
0.0066428
0.006692
0.0067399
0.0067863
0.0068314
0.0068751
0.0069174
0.0069583
0.0069977
0.0070358
0.0070724
0.0071075
0.0071413
0.0071735
0.0072043
0.0072336
0.0072614
0.0072877
0.0073125
0.0073359
0.0073576
0.0073779
0.0073966
0.0074138
0.0074294
0.0074435
0.007456
0.0074669
0.0074762
0.0074839
0.0074901
0.0074946
0.0074974
0.0074987
0.0074982
0.0074962
0.0074924
0.007487
0.00748
0.0074712
0.0074607
0.0074485
0.0074346
0.007419
0.0074016
0.0073825
0.0073616
0.0073389
0.0073145
0.0072883
0.0072602
0.0072304
0.0071988
0.0071653
0.00713
0.0070928
0.0070538
0.0070129
0.0069701
0.0069255
0.0068789
0.0068304
0.00678
0.0067277
0.0066734
0.0066172
0.006559
0.0064989
0.0064367
0.0063726
0.0063064
0.0062382
0.0061681
0.0060958
0.0060215
0.0059452
0.0058668
0.0057862
0.0057036
0.0056189
0.0055321
0.0054431
0.005352
0.0052588
0.0051634
0.0050658
0.004966
0.004864
0.0047598
0.0046534
0.0045447
0.0044338
0.0043207
0.0042052
0.0040875
0.0039675
0.0038452
0.0037205
0.0035936
0.0034642
0.0033326
0.0031985
0.0030621
0.0029233
0.002782
0.0026384
0.0024923
0.0023437
0.0021928
0.0020393
0.0018834
0.0017249
0.0015639
0.0014004
0.0012344
0.0010658
0.00089469
0.00072094
0.00054465
0.00036571
0.00018418
