-0.00032875
-0.00040299
-0.00043569
-0.00045356
-0.00046447
-0.00047158
-0.00047643
-0.00047984
-0.00048229
-0.00048407
-0.00048538
-0.00048633
-0.00048703
-0.00048753
-0.00048787
-0.0004881
-0.00048823
-0.00048829
-0.00048829
-0.00048823
-0.00048814
-0.00048802
-0.00048786
-0.00048769
-0.00048749
-0.00048728
-0.00048706
-0.00048682
-0.00048658
-0.00048633
-0.00048607
-0.0004858
-0.00048553
-0.00048525
-0.00048497
-0.00048468
-0.0004844
-0.00048411
-0.00048382
-0.00048352
-0.00048322
-0.00048293
-0.00048263
-0.00048233
-0.00048203
-0.00048172
-0.00048142
-0.00048112
-0.00048081
-0.00048051
-0.0004802
-0.0004799
-0.00047959
-0.00047928
-0.00047897
-0.00047867
-0.00047836
-0.00047805
-0.00047774
-0.00047743
-0.00047713
-0.00047682
-0.00047651
-0.0004762
-0.00047589
-0.00047558
-0.00047527
-0.00047496
-0.00047465
-0.00047434
-0.00047403
-0.00047372
-0.00047341
-0.0004731
-0.00047279
-0.00047248
-0.00047217
-0.00047186
-0.00047155
-0.00047124
-0.00047093
-0.00047062
-0.00047031
-0.00047
-0.00046969
-0.00046938
-0.00046907
-0.00046876
-0.00046845
-0.00046814
-0.00046783
-0.00046752
-0.00046721
-0.00046689
-0.00046658
-0.00046627
-0.00046596
-0.00046565
-0.00046534
-0.00046503
-0.00046472
-0.00046441
-0.0004641
-0.00046379
-0.00046348
-0.00046317
-0.00046286
-0.00046255
-0.00046224
-0.00046193
-0.00046162
-0.00046131
-0.000461
-0.00046068
-0.00046037
-0.00046006
-0.00045975
-0.00045944
-0.00045913
-0.00045882
-0.00045851
-0.0004582
-0.00045789
-0.00045758
-0.00045727
-0.00045696
-0.00045665
-0.00045634
-0.00045603
-0.00045572
-0.00045541
-0.00045509
-0.00045478
-0.00045447
-0.00045416
-0.00045385
-0.00045354
-0.00045323
-0.00045292
-0.00045261
-0.0004523
-0.00045199
-0.00045168
-0.00045137
-0.00045106
-0.00045075
-0.00045044
-0.00045013
-0.00044982
-0.0004495
-0.00044919
-0.00044888
-0.00044857
-0.00044826
-0.00044795
-0.00044764
-0.00044733
-0.00044702
-0.00044671
-0.0004464
-0.00044609
-0.00044578
-0.00044547
-0.00044516
-0.00044485
-0.00044454
-0.00044423
-0.00044391
-0.0004436
-0.00044329
-0.00044298
-0.00044267
-0.00044236
-0.00044205
-0.00044174
-0.00044143
-0.00044112
-0.00044081
-0.0004405
-0.00044019
-0.00043988
-0.00043957
-0.00043926
-0.00043895
-0.00043863
-0.00043832
-0.00043801
-0.0004377
-0.00043739
-0.00043708
-0.00043677
-0.00043646
-0.00043615
-0.00043584
-0.00043553
-0.00043522
-0.00043491
-0.0004346
-0.00043429
-0.00043398
-0.00043367
-0.00043336
-0.00043304
-0.00043273
-0.00043242
-0.00043211
-0.0004318
-0.00043149
-0.00043118
-0.00043087
-0.00043056
-0.00043025
-0.00042994
-0.00042963
-0.00042932
-0.00042901
-0.0004287
-0.00042839
-0.00042808
-0.00042777
-0.00042745
-0.00042714
-0.00042683
-0.00042652
-0.00042621
-0.0004259
-0.00042559
-0.00042528
-0.00042497
-0.00042466
-0.00042435
-0.00042404
-0.00042373
-0.00042342
-0.00042311
-0.0004228
-0.00042249
-0.00042218
-0.00042186
-0.00042155
-0.00042124
-0.00042093
-0.00042062
-0.00042031
-0.00042
-0.00041969
-0.00041938
-0.00041907
-0.00041876
-0.00041845
-0.00041814
-0.00041783
-0.00041752
-0.00041721
-0.0004169
-0.00041659
-0.00041627
-0.00041596
-0.00041565
-0.00041534
-0.00041503
-0.00041472
-0.00041441
-0.0004141
-0.00041379
-0.00041348
-0.00041317
-0.00041286
-0.00041255
-0.00041224
-0.00041193
-0.00041162
-0.00041131
-0.000411
-0.00041068
-0.00041037
-0.00041006
-0.00040975
-0.00040944
-0.00040913
-0.00040882
-0.00040851
-0.0004082
-0.00040789
-0.00040758
-0.00040727
-0.00040696
-0.00040665
-0.00040634
-0.00040603
-0.00040572
-0.0004054
-0.00040509
-0.00040478
-0.00040447
-0.00040416
-0.00040385
-0.00040354
-0.00040323
-0.00040292
-0.00040261
-0.0004023
-0.00040199
-0.00040168
-0.00040137
-0.00040106
-0.00040075
-0.00040044
-0.00040013
-0.00039981
-0.0003995
-0.00039919
-0.00039888
-0.00039857
-0.00039826
-0.00039795
-0.00039764
-0.00039733
-0.00039702
-0.00039671
-0.0003964
-0.00039609
-0.00039578
-0.00039547
-0.00039516
-0.00039485
-0.00039454
-0.00039422
-0.00039391
-0.0003936
-0.00039329
-0.00039298
-0.00039267
-0.00039236
-0.00039205
-0.00039174
-0.00039143
-0.00039112
-0.00039081
-0.0003905
-0.00039019
-0.00038988
-0.00038957
-0.00038926
-0.00038895
-0.00038863
-0.00038832
-0.00038801
-0.0003877
-0.00038739
-0.00038708
-0.00038677
-0.00038646
-0.00038615
-0.00038584
-0.00038553
-0.00038522
-0.00038491
-0.0003846
-0.00038429
-0.00038398
-0.00038367
-0.00038336
-0.00038304
-0.00038273
-0.00038242
-0.00038211
-0.0003818
-0.00038149
-0.00038118
-0.00038087
-0.00038056
-0.00038025
-0.00037994
-0.00037963
-0.00037932
-0.00037901
-0.0003787
-0.00037839
-0.00037808
-0.00037777
-0.00037745
-0.00037714
-0.00037683
-0.00037652
-0.00037621
-0.0003759
-0.00037559
-0.00037528
-0.00037497
-0.00037466
-0.00037435
-0.00037404
-0.00037373
-0.00037342
-0.00037311
-0.0003728
-0.00037249
-0.00037217
-0.00037186
-0.00037155
-0.00037124
-0.00037093
-0.00037062
-0.00037031
-0.00037
-0.00036969
-0.00036938
-0.00036907
-0.00036876
-0.00036845
-0.00036814
-0.00036783
-0.00036752
-0.00036721
-0.0003669
-0.00036658
-0.00036627
-0.00036596
-0.00036565
-0.00036534
-0.00036503
-0.00036472
-0.00036441
-0.0003641
-0.00036379
-0.00036348
-0.00036317
-0.00036286
-0.00036255
-0.00036224
-0.00036193
-0.00036162
-0.00036131
-0.00036099
-0.00036068
-0.00036037
-0.00036006
-0.00035975
-0.00035944
-0.00035913
-0.00035882
-0.00035851
-0.0003582
-0.00035789
-0.00035758
-0.00035727
-0.00035696
-0.00035665
-0.00035634
-0.00035603
-0.00035572
-0.0003554
-0.00035509
-0.00035478
-0.00035447
-0.00035416
-0.00035385
-0.00035354
-0.00035323
-0.00035292
-0.00035261
-0.0003523
-0.00035199
-0.00035168
-0.00035137
-0.00035106
-0.00035075
-0.00035044
-0.00035013
-0.00034981
-0.0003495
-0.00034919
-0.00034888
-0.00034857
-0.00034826
-0.00034795
-0.00034764
-0.00034733
-0.00034702
-0.00034671
-0.0003464
-0.00034609
-0.00034578
-0.00034547
-0.00034516
-0.00034485
-0.00034454
-0.00034422
-0.00034391
-0.0003436
-0.00034329
-0.00034298
-0.00034267
-0.00034236
-0.00034205
-0.00034174
-0.00034143
-0.00034112
-0.00034081
-0.0003405
-0.00034019
-0.00033988
-0.00033957
-0.00033926
-0.00033894
-0.00033863
-0.00033832
-0.00033801
-0.0003377
-0.00033739
-0.00033708
-0.00033677
-0.00033646
-0.00033615
-0.00033584
-0.00033553
-0.00033522
-0.00033491
-0.0003346
-0.00033429
-0.00033398
-0.00033367
-0.00033335
-0.00033304
-0.00033273
-0.00033242
-0.00033211
-0.0003318
-0.00033149
-0.00033118
-0.00033087
-0.00033056
-0.00033025
-0.00032994
-0.00032963
-0.00032932
-0.00032901
-0.0003287
-0.00032839
-0.00032808
-0.00032776
-0.00032745
-0.00032714
-0.00032683
-0.00032652
-0.00032621
-0.0003259
-0.00032559
-0.00032528
-0.00032497
-0.00032466
-0.00032435
-0.00032404
-0.00032373
-0.00032342
-0.00032311
-0.0003228
-0.00032249
-0.00032217
-0.00032186
-0.00032155
-0.00032124
-0.00032093
-0.00032062
-0.00032031
-0.00032
-0.00031969
-0.00031938
-0.00031907
-0.00031876
-0.00031845
-0.00031814
-0.00031783
-0.00031752
-0.00031721
-0.0003169
-0.00031658
-0.00031627
-0.00031596
-0.00031565
-0.00031534
-0.00031503
-0.00031472
-0.00031441
-0.0003141
-0.00031379
-0.00031348
-0.00031317
-0.00031286
-0.00031255
-0.00031224
-0.00031193
-0.00031162
-0.00031131
-0.00031099
-0.00031068
-0.00031037
-0.00031006
-0.00030975
-0.00030944
-0.00030913
-0.00030882
-0.00030851
-0.0003082
-0.00030789
-0.00030758
-0.00030727
-0.00030696
-0.00030665
-0.00030634
-0.00030603
-0.00030571
-0.0003054
-0.00030509
-0.00030478
-0.00030447
-0.00030416
-0.00030385
-0.00030354
-0.00030323
-0.00030292
-0.00030261
-0.0003023
-0.00030199
-0.00030168
-0.00030137
-0.00030106
-0.00030075
-0.00030044
-0.00030012
-0.00029981
-0.0002995
-0.00029919
-0.00029888
-0.00029857
-0.00029826
-0.00029795
-0.00029764
-0.00029733
-0.00029702
-0.00029671
-0.0002964
-0.00029609
-0.00029578
-0.00029547
-0.00029516
-0.00029485
-0.00029453
-0.00029422
-0.00029391
-0.0002936
-0.00029329
-0.00029298
-0.00029267
-0.00029236
-0.00029205
-0.00029174
-0.00029143
-0.00029112
-0.00029081
-0.0002905
-0.00029019
-0.00028988
-0.00028957
-0.00028926
-0.00028894
-0.00028863
-0.00028832
-0.00028801
-0.0002877
-0.00028739
-0.00028708
-0.00028677
-0.00028646
-0.00028615
-0.00028584
-0.00028553
-0.00028522
-0.00028491
-0.0002846
-0.00028429
-0.00028398
-0.00028367
-0.00028335
-0.00028304
-0.00028273
-0.00028242
-0.00028211
-0.0002818
-0.00028149
-0.00028118
-0.00028087
-0.00028056
-0.00028025
-0.00027994
-0.00027963
-0.00027932
-0.00027901
-0.0002787
-0.00027839
-0.00027808
-0.00027776
-0.00027745
-0.00027714
-0.00027683
-0.00027652
-0.00027621
-0.0002759
-0.00027559
-0.00027528
-0.00027497
-0.00027466
-0.00027435
-0.00027404
-0.00027373
-0.00027342
-0.00027311
-0.0002728
-0.00027248
-0.00027217
-0.00027186
-0.00027155
-0.00027124
-0.00027093
-0.00027062
-0.00027031
-0.00027
-0.00026969
-0.00026938
-0.00026907
-0.00026876
-0.00026845
-0.00026814
-0.00026783
-0.00026752
-0.00026721
-0.00026689
-0.00026658
-0.00026627
-0.00026596
-0.00026565
-0.00026534
-0.00026503
-0.00026472
-0.00026441
-0.0002641
-0.00026379
-0.00026348
-0.00026317
-0.00026286
-0.00026255
-0.00026224
-0.00026193
-0.00026162
-0.0002613
-0.00026099
-0.00026068
-0.00026037
-0.00026006
-0.00025975
-0.00025944
-0.00025913
-0.00025882
-0.00025851
-0.0002582
-0.00025789
-0.00025758
-0.00025727
-0.00025696
-0.00025665
-0.00025634
-0.00025603
-0.00025571
-0.0002554
-0.00025509
-0.00025478
-0.00025447
-0.00025416
-0.00025385
-0.00025354
-0.00025323
-0.00025292
-0.00025261
-0.0002523
-0.00025199
-0.00025168
-0.00025137
-0.00025106
-0.00025075
-0.00025044
-0.00025012
-0.00024981
-0.0002495
-0.00024919
-0.00024888
-0.00024857
-0.00024826
-0.00024795
-0.00024764
-0.00024733
-0.00024702
-0.00024671
-0.0002464
-0.00024609
-0.00024578
-0.00024547
-0.00024516
-0.00024485
-0.00024453
-0.00024422
-0.00024391
-0.0002436
-0.00024329
-0.00024298
-0.00024267
-0.00024236
-0.00024205
-0.00024174
-0.00024143
-0.00024112
-0.00024081
-0.0002405
-0.00024019
-0.00023988
-0.00023957
-0.00023925
-0.00023894
-0.00023863
-0.00023832
-0.00023801
-0.0002377
-0.00023739
-0.00023708
-0.00023677
-0.00023646
-0.00023615
-0.00023584
-0.00023553
-0.00023522
-0.00023491
-0.0002346
-0.00023429
-0.00023398
-0.00023366
-0.00023335
-0.00023304
-0.00023273
-0.00023242
-0.00023211
-0.0002318
-0.00023149
-0.00023118
-0.00023087
-0.00023056
-0.00023025
-0.00022994
-0.00022963
-0.00022932
-0.00022901
-0.0002287
-0.00022839
-0.00022807
-0.00022776
-0.00022745
-0.00022714
-0.00022683
-0.00022652
-0.00022621
-0.0002259
-0.00022559
-0.00022528
-0.00022497
-0.00022466
-0.00022435
-0.00022404
-0.00022373
-0.00022342
-0.00022311
-0.0002228
-0.00022248
-0.00022217
-0.00022186
-0.00022155
-0.00022124
-0.00022093
-0.00022062
-0.00022031
-0.00022
-0.00021969
-0.00021938
-0.00021907
-0.00021876
-0.00021845
-0.00021814
-0.00021783
-0.00021752
-0.00021721
-0.00021689
-0.00021658
-0.00021627
-0.00021596
-0.00021565
-0.00021534
-0.00021503
-0.00021472
-0.00021441
-0.0002141
-0.00021379
-0.00021348
-0.00021317
-0.00021286
-0.00021255
-0.00021224
-0.00021193
-0.00021162
-0.0002113
-0.00021099
-0.00021068
-0.00021037
-0.00021006
-0.00020975
-0.00020944
-0.00020913
-0.00020882
-0.00020851
-0.0002082
-0.00020789
-0.00020758
-0.00020727
-0.00020696
-0.00020665
-0.00020634
-0.00020602
-0.00020571
-0.0002054
-0.00020509
-0.00020478
-0.00020447
-0.00020416
-0.00020385
-0.00020354
-0.00020323
-0.00020292
-0.00020261
-0.0002023
-0.00020199
-0.00020168
-0.00020137
-0.00020106
-0.00020075
-0.00020043
-0.00020012
-0.00019981
-0.0001995
-0.00019919
-0.00019888
-0.00019857
-0.00019826
-0.00019795
-0.00019764
-0.00019733
-0.00019702
-0.00019671
-0.0001964
-0.00019609
-0.00019578
-0.00019547
-0.00019516
-0.00019484
-0.00019453
-0.00019422
-0.00019391
-0.0001936
-0.00019329
-0.00019298
-0.00019267
-0.00019236
-0.00019205
-0.00019174
-0.00019143
-0.00019112
-0.00019081
-0.0001905
-0.00019019
-0.00018988
-0.00018957
-0.00018925
-0.00018894
-0.00018863
-0.00018832
-0.00018801
-0.0001877
-0.00018739
-0.00018708
-0.00018677
-0.00018646
-0.00018615
-0.00018584
-0.00018553
-0.00018522
-0.00018491
-0.0001846
-0.00018429
-0.00018398
-0.00018366
-0.00018335
-0.00018304
-0.00018273
-0.00018242
-0.00018211
-0.0001818
-0.00018149
-0.00018118
-0.00018087
-0.00018056
-0.00018025
-0.00017994
-0.00017963
-0.00017932
-0.00017901
-0.0001787
-0.00017839
-0.00017807
-0.00017776
-0.00017745
-0.00017714
-0.00017683
-0.00017652
-0.00017621
-0.0001759
-0.00017559
-0.00017528
-0.00017497
-0.00017466
-0.00017435
-0.00017404
-0.00017373
-0.00017342
-0.00017311
-0.00017279
-0.00017248
-0.00017217
-0.00017186
-0.00017155
-0.00017124
-0.00017093
-0.00017062
-0.00017031
-0.00017
-0.00016969
-0.00016938
-0.00016907
-0.00016876
-0.00016845
-0.00016814
-0.00016783
-0.00016752
-0.0001672
-0.00016689
-0.00016658
-0.00016627
-0.00016596
-0.00016565
-0.00016534
-0.00016503
-0.00016472
-0.00016441
-0.0001641
-0.00016379
-0.00016348
-0.00016317
-0.00016286
-0.00016255
-0.00016224
-0.00016193
-0.00016161
-0.0001613
-0.00016099
-0.00016068
-0.00016037
-0.00016006
-0.00015975
-0.00015944
-0.00015913
-0.00015882
-0.00015851
-0.0001582
-0.00015789
-0.00015758
-0.00015727
-0.00015696
-0.00015665
-0.00015634
-0.00015602
-0.00015571
-0.0001554
-0.00015509
-0.00015478
-0.00015447
-0.00015416
-0.00015385
-0.00015354
-0.00015323
-0.00015292
-0.00015261
-0.0001523
-0.00015199
-0.00015168
-0.00015137
-0.00015106
-0.00015075
-0.00015043
-0.00015012
-0.00014981
-0.0001495
-0.00014919
-0.00014888
-0.00014857
-0.00014826
-0.00014795
-0.00014764
-0.00014733
-0.00014702
-0.00014671
-0.0001464
-0.00014609
-0.00014578
-0.00014547
-0.00014516
-0.00014484
-0.00014453
-0.00014422
-0.00014391
-0.0001436
-0.00014329
-0.00014298
-0.00014267
-0.00014236
-0.00014205
-0.00014174
-0.00014143
-0.00014112
-0.00014081
-0.0001405
-0.00014019
-0.00013988
-0.00013956
-0.00013925
-0.00013894
-0.00013863
-0.00013832
-0.00013801
-0.0001377
-0.00013739
-0.00013708
-0.00013677
-0.00013646
-0.00013615
-0.00013584
-0.00013553
-0.00013522
-0.00013491
-0.0001346
-0.00013429
-0.00013397
-0.00013366
-0.00013335
-0.00013304
-0.00013273
-0.00013242
-0.00013211
-0.0001318
-0.00013149
-0.00013118
-0.00013087
-0.00013056
-0.00013025
-0.00012994
-0.00012963
-0.00012932
-0.00012901
-0.0001287
-0.00012838
-0.00012807
-0.00012776
-0.00012745
-0.00012714
-0.00012683
-0.00012652
-0.00012621
-0.0001259
-0.00012559
-0.00012528
-0.00012497
-0.00012466
-0.00012435
-0.00012404
-0.00012373
-0.00012342
-0.00012311
-0.00012279
-0.00012248
-0.00012217
-0.00012186
-0.00012155
-0.00012124
-0.00012093
-0.00012062
-0.00012031
-0.00012
-0.00011969
-0.00011938
-0.00011907
-0.00011876
-0.00011845
-0.00011814
-0.00011783
-0.00011752
-0.0001172
-0.00011689
-0.00011658
-0.00011627
-0.00011596
-0.00011565
-0.00011534
-0.00011503
-0.00011472
-0.00011441
-0.0001141
-0.00011379
-0.00011348
-0.00011317
-0.00011286
-0.00011255
-0.00011224
-0.00011193
-0.00011161
-0.0001113
-0.00011099
-0.00011068
-0.00011037
-0.00011006
-0.00010975
-0.00010944
-0.00010913
-0.00010882
-0.00010851
-0.0001082
-0.00010789
-0.00010758
-0.00010727
-0.00010696
-0.00010665
-0.00010633
-0.00010602
-0.00010571
-0.0001054
-0.00010509
-0.00010478
-0.00010447
-0.00010416
-0.00010385
-0.00010354
-0.00010323
-0.00010292
-0.00010261
-0.0001023
-0.00010199
-0.00010168
-0.00010137
-0.00010106
-0.00010074
-0.00010043
-0.00010012
-9.9813e-05
-9.9503e-05
-9.9192e-05
-9.8882e-05
-9.8571e-05
-9.826e-05
-9.795e-05
-9.7639e-05
-9.7329e-05
-9.7018e-05
-9.6708e-05
-9.6397e-05
-9.6086e-05
-9.5776e-05
-9.5465e-05
-9.5155e-05
-9.4844e-05
-9.4534e-05
-9.4223e-05
-9.3913e-05
-9.3602e-05
-9.3291e-05
-9.2981e-05
-9.267e-05
-9.236e-05
-9.2049e-05
-9.1739e-05
-9.1428e-05
-9.1118e-05
-9.0807e-05
-9.0496e-05
-9.0186e-05
-8.9875e-05
-8.9565e-05
-8.9254e-05
-8.8944e-05
-8.8633e-05
-8.8322e-05
-8.8012e-05
-8.7701e-05
-8.7391e-05
-8.708e-05
-8.677e-05
-8.6459e-05
-8.6149e-05
-8.5838e-05
-8.5527e-05
-8.5217e-05
-8.4906e-05
-8.4596e-05
-8.4285e-05
-8.3975e-05
-8.3664e-05
-8.3354e-05
-8.3043e-05
-8.2732e-05
-8.2422e-05
-8.2111e-05
-8.1801e-05
-8.149e-05
-8.118e-05
-8.0869e-05
-8.0558e-05
-8.0248e-05
-7.9937e-05
-7.9627e-05
-7.9316e-05
-7.9006e-05
-7.8695e-05
-7.8385e-05
-7.8074e-05
-7.7763e-05
-7.7453e-05
-7.7142e-05
-7.6832e-05
-7.6521e-05
-7.6211e-05
-7.59e-05
-7.5589e-05
-7.5279e-05
-7.4968e-05
-7.4658e-05
-7.4347e-05
-7.4037e-05
-7.3726e-05
-7.3416e-05
-7.3105e-05
-7.2794e-05
-7.2484e-05
-7.2173e-05
-7.1863e-05
-7.1552e-05
-7.1242e-05
-7.0931e-05
-7.0621e-05
-7.031e-05
-6.9999e-05
-6.9689e-05
-6.9378e-05
-6.9068e-05
-6.8757e-05
-6.8447e-05
-6.8136e-05
-6.7825e-05
-6.7515e-05
-6.7204e-05
-6.6894e-05
-6.6583e-05
-6.6273e-05
-6.5962e-05
-6.5652e-05
-6.5341e-05
-6.503e-05
-6.472e-05
-6.4409e-05
-6.4099e-05
-6.3788e-05
-6.3478e-05
-6.3167e-05
-6.2856e-05
-6.2546e-05
-6.2235e-05
-6.1925e-05
-6.1614e-05
-6.1304e-05
-6.0993e-05
-6.0683e-05
-6.0372e-05
-6.0061e-05
-5.9751e-05
-5.944e-05
-5.913e-05
-5.8819e-05
-5.8509e-05
-5.8198e-05
-5.7888e-05
-5.7577e-05
-5.7266e-05
-5.6956e-05
-5.6645e-05
-5.6335e-05
-5.6024e-05
-5.5714e-05
-5.5403e-05
-5.5092e-05
-5.4782e-05
-5.4471e-05
-5.4161e-05
-5.385e-05
-5.354e-05
-5.3229e-05
-5.2919e-05
-5.2608e-05
-5.2297e-05
-5.1987e-05
-5.1676e-05
-5.1366e-05
-5.1055e-05
-5.0745e-05
-5.0434e-05
-5.0124e-05
-4.9813e-05
-4.9502e-05
-4.9192e-05
-4.8881e-05
-4.8571e-05
-4.826e-05
-4.795e-05
-4.7639e-05
-4.7328e-05
-4.7018e-05
-4.6707e-05
-4.6397e-05
-4.6086e-05
-4.5776e-05
-4.5465e-05
-4.5155e-05
-4.4844e-05
-4.4533e-05
-4.4223e-05
-4.3912e-05
-4.3602e-05
-4.3291e-05
-4.2981e-05
-4.267e-05
-4.2359e-05
-4.2049e-05
-4.1738e-05
-4.1428e-05
-4.1117e-05
-4.0807e-05
-4.0496e-05
-4.0186e-05
-3.9875e-05
-3.9564e-05
-3.9254e-05
-3.8943e-05
-3.8633e-05
-3.8322e-05
-3.8012e-05
-3.7701e-05
-3.7391e-05
-3.708e-05
-3.6769e-05
-3.6459e-05
-3.6148e-05
-3.5838e-05
-3.5527e-05
-3.5217e-05
-3.4906e-05
-3.4595e-05
-3.4285e-05
-3.3974e-05
-3.3664e-05
-3.3353e-05
-3.3043e-05
-3.2732e-05
-3.2422e-05
-3.2111e-05
-3.18e-05
-3.149e-05
-3.1179e-05
-3.0869e-05
-3.0558e-05
-3.0248e-05
-2.9937e-05
-2.9627e-05
-2.9316e-05
-2.9005e-05
-2.8695e-05
-2.8384e-05
-2.8074e-05
-2.7763e-05
-2.7453e-05
-2.7142e-05
-2.6831e-05
-2.6521e-05
-2.621e-05
-2.59e-05
-2.5589e-05
-2.5279e-05
-2.4968e-05
-2.4658e-05
-2.4347e-05
-2.4036e-05
-2.3726e-05
-2.3415e-05
-2.3105e-05
-2.2794e-05
-2.2484e-05
-2.2173e-05
-2.1862e-05
-2.1552e-05
-2.1241e-05
-2.0931e-05
-2.062e-05
-2.031e-05
-1.9999e-05
-1.9689e-05
-1.9378e-05
-1.9067e-05
-1.8757e-05
-1.8446e-05
-1.8136e-05
-1.7825e-05
-1.7515e-05
-1.7204e-05
-1.6894e-05
-1.6583e-05
-1.6272e-05
-1.5962e-05
-1.5651e-05
-1.5341e-05
-1.503e-05
-1.472e-05
-1.4409e-05
-1.4098e-05
-1.3788e-05
-1.3477e-05
-1.3167e-05
-1.2856e-05
-1.2546e-05
-1.2235e-05
-1.1925e-05
-1.1614e-05
-1.1303e-05
-1.0993e-05
-1.0682e-05
-1.0372e-05
-1.0061e-05
-9.7506e-06
-9.4401e-06
-9.1295e-06
-8.8189e-06
-8.5084e-06
-8.1978e-06
-7.8873e-06
-7.5767e-06
-7.2661e-06
-6.9556e-06
-6.645e-06
-6.3344e-06
-6.0239e-06
-5.7133e-06
-5.4028e-06
-5.0922e-06
-4.7816e-06
-4.4711e-06
-4.1605e-06
-3.85e-06
-3.5394e-06
-3.2288e-06
-2.9183e-06
-2.6077e-06
-2.2972e-06
-1.9866e-06
-1.676e-06
-1.3655e-06
-1.0549e-06
-7.4436e-07
-4.338e-07
-1.2324e-07
1.8733e-07
4.9789e-07
8.0845e-07
1.119e-06
1.4296e-06
1.7401e-06
2.0507e-06
2.3613e-06
2.6718e-06
2.9824e-06
3.2929e-06
3.6035e-06
3.9141e-06
4.2246e-06
4.5352e-06
4.8457e-06
5.1563e-06
5.4669e-06
5.7774e-06
6.088e-06
6.3985e-06
6.7091e-06
7.0197e-06
7.3302e-06
7.6408e-06
7.9513e-06
8.2619e-06
8.5725e-06
8.883e-06
9.1936e-06
9.5041e-06
9.8147e-06
1.0125e-05
1.0436e-05
1.0746e-05
1.1057e-05
1.1368e-05
1.1678e-05
1.1989e-05
1.2299e-05
1.261e-05
1.292e-05
1.3231e-05
1.3541e-05
1.3852e-05
1.4163e-05
1.4473e-05
1.4784e-05
1.5094e-05
1.5405e-05
1.5715e-05
1.6026e-05
1.6336e-05
1.6647e-05
1.6958e-05
1.7268e-05
1.7579e-05
1.7889e-05
1.82e-05
1.851e-05
1.8821e-05
1.9132e-05
1.9442e-05
1.9753e-05
2.0063e-05
2.0374e-05
2.0684e-05
2.0995e-05
2.1305e-05
2.1616e-05
2.1927e-05
2.2237e-05
2.2548e-05
2.2858e-05
2.3169e-05
2.3479e-05
2.379e-05
2.4101e-05
2.4411e-05
2.4722e-05
2.5032e-05
2.5343e-05
2.5653e-05
2.5964e-05
2.6274e-05
2.6585e-05
2.6896e-05
2.7206e-05
2.7517e-05
2.7827e-05
2.8138e-05
2.8448e-05
2.8759e-05
2.9069e-05
2.938e-05
2.9691e-05
3.0001e-05
3.0312e-05
3.0622e-05
3.0933e-05
3.1243e-05
3.1554e-05
3.1865e-05
3.2175e-05
3.2486e-05
3.2796e-05
3.3107e-05
3.3417e-05
3.3728e-05
3.4038e-05
3.4349e-05
3.466e-05
3.497e-05
3.5281e-05
3.5591e-05
3.5902e-05
3.6212e-05
3.6523e-05
3.6833e-05
3.7144e-05
3.7455e-05
3.7765e-05
3.8076e-05
3.8386e-05
3.8697e-05
3.9007e-05
3.9318e-05
3.9629e-05
3.9939e-05
4.025e-05
4.056e-05
4.0871e-05
4.1181e-05
4.1492e-05
4.1802e-05
4.2113e-05
4.2424e-05
4.2734e-05
4.3045e-05
4.3355e-05
4.3666e-05
4.3976e-05
4.4287e-05
4.4598e-05
4.4908e-05
4.5219e-05
4.5529e-05
4.584e-05
4.615e-05
4.6461e-05
4.6771e-05
4.7082e-05
4.7393e-05
4.7703e-05
4.8014e-05
4.8324e-05
4.8635e-05
4.8945e-05
4.9256e-05
4.9566e-05
4.9877e-05
5.0188e-05
5.0498e-05
5.0809e-05
5.1119e-05
5.143e-05
5.174e-05
5.2051e-05
5.2362e-05
5.2672e-05
5.2983e-05
5.3293e-05
5.3604e-05
5.3914e-05
5.4225e-05
5.4535e-05
5.4846e-05
5.5157e-05
5.5467e-05
5.5778e-05
5.6088e-05
5.6399e-05
5.6709e-05
5.702e-05
5.733e-05
5.7641e-05
5.7952e-05
5.8262e-05
5.8573e-05
5.8883e-05
5.9194e-05
5.9504e-05
5.9815e-05
6.0126e-05
6.0436e-05
6.0747e-05
6.1057e-05
6.1368e-05
6.1678e-05
6.1989e-05
6.2299e-05
6.261e-05
6.2921e-05
6.3231e-05
6.3542e-05
6.3852e-05
6.4163e-05
6.4473e-05
6.4784e-05
6.5095e-05
6.5405e-05
6.5716e-05
6.6026e-05
6.6337e-05
6.6647e-05
6.6958e-05
6.7268e-05
6.7579e-05
6.789e-05
6.82e-05
6.8511e-05
6.8821e-05
6.9132e-05
6.9442e-05
6.9753e-05
7.0063e-05
7.0374e-05
7.0685e-05
7.0995e-05
7.1306e-05
7.1616e-05
7.1927e-05
7.2237e-05
7.2548e-05
7.2859e-05
7.3169e-05
7.348e-05
7.379e-05
7.4101e-05
7.4411e-05
7.4722e-05
7.5032e-05
7.5343e-05
7.5654e-05
7.5964e-05
7.6275e-05
7.6585e-05
7.6896e-05
7.7206e-05
7.7517e-05
7.7827e-05
7.8138e-05
7.8449e-05
7.8759e-05
7.907e-05
7.938e-05
7.9691e-05
8.0001e-05
8.0312e-05
8.0623e-05
8.0933e-05
8.1244e-05
8.1554e-05
8.1865e-05
8.2175e-05
8.2486e-05
8.2796e-05
8.3107e-05
8.3418e-05
8.3728e-05
8.4039e-05
8.4349e-05
8.466e-05
8.497e-05
8.5281e-05
8.5592e-05
8.5902e-05
8.6213e-05
8.6523e-05
8.6834e-05
8.7144e-05
8.7455e-05
8.7765e-05
8.8076e-05
8.8387e-05
8.8697e-05
8.9008e-05
8.9318e-05
8.9629e-05
8.9939e-05
9.025e-05
9.056e-05
9.0871e-05
9.1182e-05
9.1492e-05
9.1803e-05
9.2113e-05
9.2424e-05
9.2734e-05
9.3045e-05
9.3356e-05
9.3666e-05
9.3977e-05
9.4287e-05
9.4598e-05
9.4908e-05
9.5219e-05
9.5529e-05
9.584e-05
9.6151e-05
9.6461e-05
9.6772e-05
9.7082e-05
9.7393e-05
9.7703e-05
9.8014e-05
9.8324e-05
9.8635e-05
9.8946e-05
9.9256e-05
9.9567e-05
9.9877e-05
0.00010019
0.0001005
0.00010081
0.00010112
0.00010143
0.00010174
0.00010205
0.00010236
0.00010267
0.00010298
0.00010329
0.0001036
0.00010391
0.00010423
0.00010454
0.00010485
0.00010516
0.00010547
0.00010578
0.00010609
0.0001064
0.00010671
0.00010702
0.00010733
0.00010764
0.00010795
0.00010826
0.00010857
0.00010888
0.00010919
0.0001095
0.00010982
0.00011013
0.00011044
0.00011075
0.00011106
0.00011137
0.00011168
0.00011199
0.0001123
0.00011261
0.00011292
0.00011323
0.00011354
0.00011385
0.00011416
0.00011447
0.00011478
0.00011509
0.00011541
0.00011572
0.00011603
0.00011634
0.00011665
0.00011696
0.00011727
0.00011758
0.00011789
0.0001182
0.00011851
0.00011882
0.00011913
0.00011944
0.00011975
0.00012006
0.00012037
0.00012068
0.000121
0.00012131
0.00012162
0.00012193
0.00012224
0.00012255
0.00012286
0.00012317
0.00012348
0.00012379
0.0001241
0.00012441
0.00012472
0.00012503
0.00012534
0.00012565
0.00012596
0.00012627
0.00012659
0.0001269
0.00012721
0.00012752
0.00012783
0.00012814
0.00012845
0.00012876
0.00012907
0.00012938
0.00012969
0.00013
0.00013031
0.00013062
0.00013093
0.00013124
0.00013155
0.00013186
0.00013218
0.00013249
0.0001328
0.00013311
0.00013342
0.00013373
0.00013404
0.00013435
0.00013466
0.00013497
0.00013528
0.00013559
0.0001359
0.00013621
0.00013652
0.00013683
0.00013714
0.00013745
0.00013777
0.00013808
0.00013839
0.0001387
0.00013901
0.00013932
0.00013963
0.00013994
0.00014025
0.00014056
0.00014087
0.00014118
0.00014149
0.0001418
0.00014211
0.00014242
0.00014273
0.00014304
0.00014336
0.00014367
0.00014398
0.00014429
0.0001446
0.00014491
0.00014522
0.00014553
0.00014584
0.00014615
0.00014646
0.00014677
0.00014708
0.00014739
0.0001477
0.00014801
0.00014832
0.00014863
0.00014895
0.00014926
0.00014957
0.00014988
0.00015019
0.0001505
0.00015081
0.00015112
0.00015143
0.00015174
0.00015205
0.00015236
0.00015267
0.00015298
0.00015329
0.0001536
0.00015391
0.00015422
0.00015454
0.00015485
0.00015516
0.00015547
0.00015578
0.00015609
0.0001564
0.00015671
0.00015702
0.00015733
0.00015764
0.00015795
0.00015826
0.00015857
0.00015888
0.00015919
0.0001595
0.00015981
0.00016013
0.00016044
0.00016075
0.00016106
0.00016137
0.00016168
0.00016199
0.0001623
0.00016261
0.00016292
0.00016323
0.00016354
0.00016385
0.00016416
0.00016447
0.00016478
0.00016509
0.0001654
0.00016572
0.00016603
0.00016634
0.00016665
0.00016696
0.00016727
0.00016758
0.00016789
0.0001682
0.00016851
0.00016882
0.00016913
0.00016944
0.00016975
0.00017006
0.00017037
0.00017068
0.00017099
0.0001713
0.00017162
0.00017193
0.00017224
0.00017255
0.00017286
0.00017317
0.00017348
0.00017379
0.0001741
0.00017441
0.00017472
0.00017503
0.00017534
0.00017565
0.00017596
0.00017627
0.00017658
0.00017689
0.00017721
0.00017752
0.00017783
0.00017814
0.00017845
0.00017876
0.00017907
0.00017938
0.00017969
0.00018
0.00018031
0.00018062
0.00018093
0.00018124
0.00018155
0.00018186
0.00018217
0.00018248
0.00018279
0.00018311
0.00018342
0.00018373
0.00018404
0.00018435
0.00018466
0.00018497
0.00018528
0.00018559
0.0001859
0.00018621
0.00018652
0.00018683
0.00018714
0.00018745
0.00018776
0.00018807
0.00018838
0.00018869
0.000189
0.00018932
0.00018963
0.00018994
0.00019025
0.00019056
0.00019087
0.00019118
0.00019149
0.0001918
0.00019211
0.00019242
0.00019273
0.00019304
0.00019335
0.00019366
0.00019397
0.00019428
0.00019459
0.0001949
0.00019521
0.00019553
0.00019584
0.00019615
0.00019646
0.00019677
0.00019708
0.00019739
0.0001977
0.00019801
0.00019832
0.00019863
0.00019894
0.00019925
0.00019956
0.00019987
0.00020018
0.00020049
0.0002008
0.00020111
0.00020142
0.00020173
0.00020205
0.00020236
0.00020267
0.00020298
0.00020329
0.0002036
0.00020391
0.00020422
0.00020453
0.00020484
0.00020515
0.00020546
0.00020577
0.00020608
0.00020639
0.0002067
0.00020701
0.00020732
0.00020763
0.00020794
0.00020825
0.00020856
0.00020888
0.00020919
0.0002095
0.00020981
0.00021012
0.00021043
0.00021074
0.00021105
0.00021136
0.00021167
0.00021198
0.00021229
0.0002126
0.00021291
0.00021322
0.00021353
0.00021384
0.00021415
0.00021446
0.00021477
0.00021508
0.00021539
0.0002157
0.00021601
0.00021632
0.00021664
0.00021695
0.00021726
0.00021757
0.00021788
0.00021819
0.0002185
0.00021881
0.00021912
0.00021943
0.00021974
0.00022005
0.00022036
0.00022067
0.00022098
0.00022129
0.0002216
0.00022191
0.00022222
0.00022253
0.00022284
0.00022315
0.00022346
0.00022377
0.00022408
0.00022439
0.0002247
0.00022501
0.00022532
0.00022563
0.00022594
0.00022625
0.00022657
0.00022688
0.00022719
0.0002275
0.00022781
0.00022812
0.00022843
0.00022874
0.00022905
0.00022936
0.00022967
0.00022998
0.00023029
0.0002306
0.00023091
0.00023122
0.00023153
0.00023184
0.00023215
0.00023246
0.00023277
0.00023308
0.00023339
0.0002337
0.00023401
0.00023432
0.00023463
0.00023494
0.00023525
0.00023556
0.00023587
0.00023618
0.00023649
0.0002368
0.00023711
0.00023742
0.00023773
0.00023804
0.00023835
0.00023866
0.00023897
0.00023928
0.00023959
0.0002399
0.00024021
0.00024052
0.00024083
0.00024114
0.00024145
0.00024176
0.00024207
0.00024238
0.00024269
0.000243
0.00024331
0.00024362
0.00024393
0.00024424
0.00024455
0.00024486
0.00024517
0.00024548
0.00024579
0.0002461
0.00024641
0.00024672
0.00024703
0.00024734
0.00024765
0.00024796
0.00024827
0.00024858
0.00024889
0.0002492
0.00024951
0.00024982
0.00025013
0.00025044
0.00025075
0.00025106
0.00025137
0.00025168
0.00025198
0.00025229
0.0002526
0.00025291
0.00025322
0.00025353
0.00025384
0.00025415
0.00025446
0.00025477
0.00025508
0.00025539
0.0002557
0.00025601
0.00025632
0.00025663
0.00025694
0.00025725
0.00025756
0.00025787
0.00025817
0.00025848
0.00025879
0.0002591
0.00025941
0.00025972
0.00026003
0.00026034
0.00026065
0.00026096
0.00026127
0.00026158
0.00026189
0.0002622
0.0002625
0.00026281
0.00026312
0.00026343
0.00026374
0.00026405
0.00026436
0.00026467
0.00026498
0.00026529
0.00026559
0.0002659
0.00026621
0.00026652
0.00026683
0.00026714
0.00026745
0.00026776
0.00026807
0.00026837
0.00026868
0.00026899
0.0002693
0.00026961
0.00026992
0.00027023
0.00027053
0.00027084
0.00027115
0.00027146
0.00027177
0.00027208
0.00027239
0.00027269
0.000273
0.00027331
0.00027362
0.00027393
0.00027424
0.00027454
0.00027485
0.00027516
0.00027547
0.00027578
0.00027608
0.00027639
0.0002767
0.00027701
0.00027732
0.00027762
0.00027793
0.00027824
0.00027855
0.00027886
0.00027916
0.00027947
0.00027978
0.00028009
0.00028039
0.0002807
0.00028101
0.00028132
0.00028162
0.00028193
0.00028224
0.00028255
0.00028285
0.00028316
0.00028347
0.00028378
0.00028408
0.00028439
0.0002847
0.000285
0.00028531
0.00028562
0.00028593
0.00028623
0.00028654
0.00028685
0.00028715
0.00028746
0.00028777
0.00028807
0.00028838
0.00028869
0.00028899
0.0002893
0.0002896
0.00028991
0.00029022
0.00029052
0.00029083
0.00029114
0.00029144
0.00029175
0.00029205
0.00029236
0.00029266
0.00029297
0.00029328
0.00029358
0.00029389
0.00029419
0.0002945
0.0002948
0.00029511
0.00029541
0.00029572
0.00029602
0.00029633
0.00029663
0.00029694
0.00029724
0.00029755
0.00029785
0.00029816
0.00029846
0.00029877
0.00029907
0.00029938
0.00029968
0.00029999
0.00030029
0.00030059
0.0003009
0.0003012
0.00030151
0.00030181
0.00030211
0.00030242
0.00030272
0.00030302
0.00030333
0.00030363
0.00030393
0.00030424
0.00030454
0.00030484
0.00030514
0.00030545
0.00030575
0.00030605
0.00030636
0.00030666
0.00030696
0.00030726
0.00030756
0.00030787
0.00030817
0.00030847
0.00030877
0.00030907
0.00030937
0.00030968
0.00030998
0.00031028
0.00031058
0.00031088
0.00031118
0.00031148
0.00031178
0.00031208
0.00031238
0.00031268
0.00031298
0.00031328
0.00031358
0.00031388
0.00031418
0.00031448
0.00031478
0.00031508
0.00031538
0.00031568
0.00031598
0.00031628
0.00031658
0.00031687
0.00031717
0.00031747
0.00031777
0.00031807
0.00031836
0.00031866
0.00031896
0.00031926
0.00031955
0.00031985
0.00032015
0.00032044
0.00032074
0.00032104
0.00032133
0.00032163
0.00032192
0.00032222
0.00032252
0.00032281
0.00032311
0.0003234
0.0003237
0.00032399
0.00032429
0.00032458
0.00032487
0.00032517
0.00032546
0.00032576
0.00032605
0.00032634
0.00032663
0.00032693
0.00032722
0.00032751
0.0003278
0.0003281
0.00032839
0.00032868
0.00032897
0.00032926
0.00032955
0.00032984
0.00033013
0.00033042
0.00033071
0.000331
0.00033129
0.00033158
0.00033187
0.00033216
0.00033245
0.00033274
0.00033303
0.00033331
0.0003336
0.00033389
0.00033417
0.00033446
0.00033475
0.00033503
0.00033532
0.00033561
0.00033589
0.00033618
0.00033646
0.00033675
0.00033703
0.00033731
0.0003376
0.00033788
0.00033816
0.00033845
0.00033873
0.00033901
0.00033929
0.00033957
0.00033986
0.00034014
0.00034042
0.0003407
0.00034098
0.00034126
0.00034154
0.00034182
0.00034209
0.00034237
0.00034265
0.00034293
0.0003432
0.00034348
0.00034376
0.00034403
0.00034431
0.00034458
0.00034486
0.00034513
0.00034541
0.00034568
0.00034595
0.00034623
0.0003465
0.00034677
0.00034704
0.00034731
0.00034758
0.00034785
0.00034812
0.00034839
0.00034866
0.00034893
0.0003492
0.00034947
0.00034973
0.00035
0.00035027
0.00035053
0.0003508
0.00035106
0.00035133
0.00035159
0.00035185
0.00035211
0.00035238
0.00035264
0.0003529
0.00035316
0.00035342
0.00035368
0.00035394
0.0003542
0.00035445
0.00035471
0.00035497
0.00035522
0.00035548
0.00035573
0.00035599
0.00035624
0.00035649
0.00035675
0.000357
0.00035725
0.0003575
0.00035775
0.000358
0.00035825
0.0003585
0.00035874
0.00035899
0.00035923
0.00035948
0.00035972
0.00035997
0.00036021
0.00036045
0.00036069
0.00036094
0.00036118
0.00036141
0.00036165
0.00036189
0.00036213
0.00036236
0.0003626
0.00036283
0.00036307
0.0003633
0.00036353
0.00036376
0.00036399
0.00036422
0.00036445
0.00036468
0.00036491
0.00036513
0.00036536
0.00036558
0.0003658
0.00036603
0.00036625
0.00036647
0.00036669
0.00036691
0.00036712
0.00036734
0.00036756
0.00036777
0.00036798
0.0003682
0.00036841
0.00036862
0.00036883
0.00036904
0.00036924
0.00036945
0.00036966
0.00036986
0.00037006
0.00037026
0.00037046
0.00037066
0.00037086
0.00037106
0.00037125
0.00037145
0.00037164
0.00037183
0.00037202
0.00037221
0.0003724
0.00037259
0.00037278
0.00037296
0.00037314
0.00037332
0.0003735
0.00037368
0.00037386
0.00037404
0.00037421
0.00037439
0.00037456
0.00037473
0.0003749
0.00037506
0.00037523
0.0003754
0.00037556
0.00037572
0.00037588
0.00037604
0.00037619
0.00037635
0.0003765
0.00037665
0.0003768
0.00037695
0.0003771
0.00037725
0.00037739
0.00037753
0.00037767
0.00037781
0.00037794
0.00037808
0.00037821
0.00037834
0.00037847
0.0003786
0.00037872
0.00037885
0.00037897
0.00037909
0.0003792
0.00037932
0.00037943
0.00037954
0.00037965
0.00037976
0.00037987
0.00037997
0.00038007
0.00038017
0.00038026
0.00038036
0.00038045
0.00038054
0.00038063
0.00038071
0.00038079
0.00038087
0.00038095
0.00038103
0.0003811
0.00038117
0.00038124
0.0003813
0.00038137
0.00038143
0.00038149
0.00038154
0.00038159
0.00038164
0.00038169
0.00038173
0.00038178
0.00038182
0.00038185
0.00038189
0.00038192
0.00038194
0.00038197
0.00038199
0.00038201
0.00038203
0.00038204
0.00038205
0.00038205
0.00038206
0.00038206
0.00038206
0.00038205
0.00038204
0.00038203
0.00038201
0.00038199
0.00038197
0.00038195
0.00038192
0.00038188
0.00038185
0.00038181
0.00038176
0.00038172
0.00038167
0.00038161
0.00038155
0.00038149
0.00038143
0.00038136
0.00038128
0.0003812
0.00038112
0.00038104
0.00038095
0.00038085
0.00038076
0.00038066
0.00038055
0.00038044
0.00038032
0.00038021
0.00038008
0.00037996
0.00037982
0.00037969
0.00037955
0.0003794
0.00037925
0.00037909
0.00037893
0.00037877
0.0003786
0.00037843
0.00037825
0.00037806
0.00037787
0.00037768
0.00037748
0.00037727
0.00037707
0.00037685
0.00037663
0.0003764
0.00037617
0.00037594
0.00037569
0.00037545
0.00037519
0.00037493
0.00037467
0.0003744
0.00037412
0.00037384
0.00037355
0.00037325
0.00037295
0.00037265
0.00037233
0.00037201
0.00037169
0.00037136
0.00037102
0.00037067
0.00037032
0.00036996
0.0003696
0.00036922
0.00036885
0.00036846
0.00036807
0.00036767
0.00036726
0.00036684
0.00036642
0.00036599
0.00036556
0.00036511
0.00036466
0.0003642
0.00036374
0.00036326
0.00036278
0.00036229
0.00036179
0.00036128
0.00036077
0.00036024
0.00035971
0.00035917
0.00035862
0.00035806
0.0003575
0.00035692
0.00035634
0.00035575
0.00035515
0.00035453
0.00035391
0.00035328
0.00035265
0.000352
0.00035134
0.00035067
0.00034999
0.00034931
0.00034861
0.0003479
0.00034719
0.00034646
0.00034572
0.00034497
0.00034421
0.00034344
0.00034266
0.00034187
0.00034107
0.00034025
0.00033943
0.00033859
0.00033775
0.00033689
0.00033602
0.00033513
0.00033424
0.00033333
0.00033241
0.00033148
0.00033054
0.00032958
0.00032862
0.00032763
0.00032664
0.00032563
0.00032461
0.00032358
0.00032253
0.00032147
0.0003204
0.00031931
0.00031821
0.0003171
0.00031597
0.00031482
0.00031367
0.00031249
0.00031131
0.0003101
0.00030889
0.00030766
0.00030641
0.00030514
0.00030387
0.00030257
0.00030126
0.00029994
0.00029859
0.00029723
0.00029586
0.00029447
0.00029306
0.00029163
0.00029019
0.00028873
0.00028725
0.00028575
0.00028424
0.00028271
0.00028116
0.00027959
0.00027801
0.0002764
0.00027478
0.00027313
0.00027147
0.00026979
0.00026809
0.00026637
0.00026462
0.00026286
0.00026108
0.00025928
0.00025745
0.00025561
0.00025374
0.00025186
0.00024995
0.00024802
0.00024606
0.00024409
0.00024209
0.00024007
0.00023803
0.00023596
0.00023387
0.00023176
0.00022962
0.00022746
0.00022527
0.00022306
0.00022083
0.00021857
0.00021628
0.00021397
0.00021164
0.00020928
0.00020689
0.00020447
0.00020203
0.00019956
0.00019707
0.00019454
0.00019199
0.00018941
0.00018681
0.00018417
0.0001815
0.00017881
0.00017609
0.00017333
0.00017055
0.00016774
0.00016489
0.00016202
0.00015911
0.00015618
0.00015321
0.00015021
0.00014717
0.00014411
0.00014101
0.00013788
0.00013471
0.00013151
0.00012828
0.00012501
0.0001217
0.00011836
0.00011499
0.00011158
0.00010813
0.00010465
0.00010113
9.7571e-05
9.3975e-05
9.0342e-05
8.6669e-05
8.2959e-05
7.9208e-05
7.542e-05
7.1589e-05
6.7721e-05
6.3809e-05
5.9859e-05
5.5865e-05
5.1832e-05
4.7753e-05
4.3635e-05
3.9471e-05
3.5266e-05
3.1015e-05
2.6721e-05
2.2382e-05
1.7998e-05
1.3567e-05
9.0919e-06
4.5692e-06
