-0.018888
-0.024626
-0.027783
-0.029856
-0.031336
-0.032447
-0.033306
-0.033983
-0.034523
-0.034958
-0.035308
-0.035589
-0.035814
-0.035991
-0.036127
-0.036229
-0.036301
-0.036347
-0.03637
-0.036372
-0.036356
-0.036325
-0.036278
-0.036219
-0.036148
-0.036067
-0.035975
-0.035875
-0.035766
-0.03565
-0.035528
-0.035398
-0.035263
-0.035123
-0.034978
-0.034828
-0.034674
-0.034515
-0.034353
-0.034188
-0.034019
-0.033847
-0.033673
-0.033495
-0.033316
-0.033134
-0.032949
-0.032763
-0.032575
-0.032385
-0.032193
-0.032
-0.031806
-0.031609
-0.031412
-0.031213
-0.031014
-0.030813
-0.030611
-0.030408
-0.030205
-0.03
-0.029795
-0.029589
-0.029382
-0.029175
-0.028967
-0.028759
-0.02855
-0.028341
-0.028131
-0.027921
-0.027711
-0.0275
-0.027289
-0.027078
-0.026866
-0.026654
-0.026442
-0.02623
-0.026018
-0.025806
-0.025593
-0.025381
-0.025169
-0.024956
-0.024744
-0.024531
-0.024319
-0.024106
-0.023894
-0.023682
-0.02347
-0.023258
-0.023046
-0.022834
-0.022622
-0.022411
-0.0222
-0.021989
-0.021778
-0.021567
-0.021357
-0.021147
-0.020937
-0.020728
-0.020518
-0.020309
-0.020101
-0.019892
-0.019684
-0.019476
-0.019269
-0.019062
-0.018855
-0.018649
-0.018443
-0.018238
-0.018032
-0.017828
-0.017623
-0.017419
-0.017216
-0.017013
-0.01681
-0.016608
-0.016406
-0.016205
-0.016004
-0.015804
-0.015604
-0.015405
-0.015206
-0.015008
-0.01481
-0.014612
-0.014416
-0.014219
-0.014024
-0.013828
-0.013634
-0.01344
-0.013246
-0.013053
-0.012861
-0.012669
-0.012478
-0.012287
-0.012097
-0.011908
-0.011719
-0.011531
-0.011343
-0.011156
-0.01097
-0.010784
-0.010599
-0.010415
-0.010231
-0.010048
-0.0098654
-0.0096836
-0.0095026
-0.0093222
-0.0091425
-0.0089634
-0.0087851
-0.0086075
-0.0084306
-0.0082544
-0.0080789
-0.0079042
-0.0077302
-0.0075569
-0.0073843
-0.0072125
-0.0070415
-0.0068712
-0.0067017
-0.0065329
-0.006365
-0.0061978
-0.0060313
-0.0058657
-0.0057009
-0.0055369
-0.0053736
-0.0052112
-0.0050496
-0.0048889
-0.0047289
-0.0045698
-0.0044115
-0.0042541
-0.0040975
-0.0039418
-0.0037869
-0.0036329
-0.0034798
-0.0033276
-0.0031762
-0.0030257
-0.0028762
-0.0027275
-0.0025797
-0.0024328
-0.0022869
-0.0021419
-0.0019978
-0.0018546
-0.0017124
-0.0015711
-0.0014308
-0.0012914
-0.001153
-0.0010156
-0.00087911
-0.00074363
-0.00060913
-0.00047563
-0.00034312
-0.00021162
-8.1123e-05
4.8356e-05
0.00017681
0.00030424
0.00043064
0.00055599
0.0006803
0.00080355
0.00092575
0.0010469
0.0011669
0.0012859
0.0014038
0.0015207
0.0016364
0.001751
0.0018645
0.0019769
0.0020882
0.0021983
0.0023073
0.0024152
0.0025219
0.0026275
0.0027319
0.0028351
0.0029372
0.0030381
0.0031377
0.0032363
0.0033336
0.0034297
0.0035245
0.0036182
0.0037106
0.0038018
0.0038918
0.0039805
0.0040679
0.0041541
0.0042391
0.0043227
0.0044051
0.0044861
0.0045659
0.0046443
0.0047215
0.0047973
0.0048718
0.004945
0.0050168
0.0050873
0.0051564
0.0052242
0.0052905
0.0053555
0.0054191
0.0054814
0.0055422
0.0056016
0.0056595
0.0057161
0.0057712
0.0058249
0.0058771
0.0059279
0.0059772
0.006025
0.0060714
0.0061162
0.0061596
0.0062014
0.0062418
0.0062806
0.0063179
0.0063536
0.0063878
0.0064204
0.0064515
0.006481
0.0065089
0.0065353
0.00656
0.0065831
0.0066046
0.0066245
0.0066427
0.0066593
0.0066742
0.0066875
0.0066991
0.0067091
0.0067173
0.0067239
0.0067287
0.0067318
0.0067332
0.0067329
0.0067308
0.006727
0.0067214
0.006714
0.0067049
0.0066939
0.0066812
0.0066666
0.0066503
0.0066321
0.006612
0.0065901
0.0065664
0.0065408
0.0065133
0.0064839
0.0064526
0.0064194
0.0063843
0.0063472
0.0063082
0.0062673
0.0062244
0.0061795
0.0061327
0.0060839
0.006033
0.0059802
0.0059253
0.0058684
0.0058094
0.0057484
0.0056853
0.0056201
0.0055529
0.0054835
0.0054121
0.0053385
0.0052628
0.0051849
0.0051049
0.0050227
0.0049383
0.0048518
0.004763
0.0046721
0.0045789
0.0044834
0.0043858
0.0042858
0.0041836
0.0040791
0.0039723
0.0038632
0.0037518
0.0036381
0.003522
0.0034035
0.0032827
0.0031595
0.0030339
0.002906
0.0027755
0.0026427
0.0025073
0.0023698
0.0022293
0.0020869
0.0019414
0.0017941
0.0016434
0.0014912
0.0013353
0.0011781
0.001017
0.00085468
0.00068837
0.00052076
0.00034943
0.00017625
