-0.00040531
-0.00046265
-0.00047964
-0.00048585
-0.00048815
-0.00048875
-0.00048853
-0.0004879
-0.00048702
-0.00048601
-0.00048492
-0.00048377
-0.00048259
-0.00048139
-0.00048018
-0.00047895
-0.00047772
-0.00047649
-0.00047525
-0.00047401
-0.00047276
-0.00047152
-0.00047027
-0.00046903
-0.00046778
-0.00046654
-0.00046529
-0.00046404
-0.00046279
-0.00046154
-0.0004603
-0.00045905
-0.0004578
-0.00045655
-0.0004553
-0.00045406
-0.00045281
-0.00045156
-0.00045031
-0.00044906
-0.00044781
-0.00044657
-0.00044532
-0.00044407
-0.00044282
-0.00044157
-0.00044032
-0.00043907
-0.00043783
-0.00043658
-0.00043533
-0.00043408
-0.00043283
-0.00043158
-0.00043034
-0.00042909
-0.00042784
-0.00042659
-0.00042534
-0.00042409
-0.00042285
-0.0004216
-0.00042035
-0.0004191
-0.00041785
-0.0004166
-0.00041535
-0.00041411
-0.00041286
-0.00041161
-0.00041036
-0.00040911
-0.00040786
-0.00040662
-0.00040537
-0.00040412
-0.00040287
-0.00040162
-0.00040037
-0.00039912
-0.00039788
-0.00039663
-0.00039538
-0.00039413
-0.00039288
-0.00039163
-0.00039039
-0.00038914
-0.00038789
-0.00038664
-0.00038539
-0.00038414
-0.0003829
-0.00038165
-0.0003804
-0.00037915
-0.0003779
-0.00037665
-0.0003754
-0.00037416
-0.00037291
-0.00037166
-0.00037041
-0.00036916
-0.00036791
-0.00036667
-0.00036542
-0.00036417
-0.00036292
-0.00036167
-0.00036042
-0.00035917
-0.00035793
-0.00035668
-0.00035543
-0.00035418
-0.00035293
-0.00035168
-0.00035044
-0.00034919
-0.00034794
-0.00034669
-0.00034544
-0.00034419
-0.00034295
-0.0003417
-0.00034045
-0.0003392
-0.00033795
-0.0003367
-0.00033545
-0.00033421
-0.00033296
-0.00033171
-0.00033046
-0.00032921
-0.00032796
-0.00032672
-0.00032547
-0.00032422
-0.00032297
-0.00032172
-0.00032047
-0.00031922
-0.00031798
-0.00031673
-0.00031548
-0.00031423
-0.00031298
-0.00031173
-0.00031049
-0.00030924
-0.00030799
-0.00030674
-0.00030549
-0.00030424
-0.000303
-0.00030175
-0.0003005
-0.00029925
-0.000298
-0.00029675
-0.0002955
-0.00029426
-0.00029301
-0.00029176
-0.00029051
-0.00028926
-0.00028801
-0.00028677
-0.00028552
-0.00028427
-0.00028302
-0.00028177
-0.00028052
-0.00027927
-0.00027803
-0.00027678
-0.00027553
-0.00027428
-0.00027303
-0.00027178
-0.00027054
-0.00026929
-0.00026804
-0.00026679
-0.00026554
-0.00026429
-0.00026304
-0.0002618
-0.00026055
-0.0002593
-0.00025805
-0.0002568
-0.00025555
-0.00025431
-0.00025306
-0.00025181
-0.00025056
-0.00024931
-0.00024806
-0.00024682
-0.00024557
-0.00024432
-0.00024307
-0.00024182
-0.00024057
-0.00023932
-0.00023808
-0.00023683
-0.00023558
-0.00023433
-0.00023308
-0.00023183
-0.00023059
-0.00022934
-0.00022809
-0.00022684
-0.00022559
-0.00022434
-0.00022309
-0.00022185
-0.0002206
-0.00021935
-0.0002181
-0.00021685
-0.0002156
-0.00021436
-0.00021311
-0.00021186
-0.00021061
-0.00020936
-0.00020811
-0.00020687
-0.00020562
-0.00020437
-0.00020312
-0.00020187
-0.00020062
-0.00019937
-0.00019813
-0.00019688
-0.00019563
-0.00019438
-0.00019313
-0.00019188
-0.00019064
-0.00018939
-0.00018814
-0.00018689
-0.00018564
-0.00018439
-0.00018314
-0.0001819
-0.00018065
-0.0001794
-0.00017815
-0.0001769
-0.00017565
-0.00017441
-0.00017316
-0.00017191
-0.00017066
-0.00016941
-0.00016816
-0.00016692
-0.00016567
-0.00016442
-0.00016317
-0.00016192
-0.00016067
-0.00015942
-0.00015818
-0.00015693
-0.00015568
-0.00015443
-0.00015318
-0.00015193
-0.00015069
-0.00014944
-0.00014819
-0.00014694
-0.00014569
-0.00014444
-0.00014319
-0.00014195
-0.0001407
-0.00013945
-0.0001382
-0.00013695
-0.0001357
-0.00013446
-0.00013321
-0.00013196
-0.00013071
-0.00012946
-0.00012821
-0.00012697
-0.00012572
-0.00012447
-0.00012322
-0.00012197
-0.00012072
-0.00011947
-0.00011823
-0.00011698
-0.00011573
-0.00011448
-0.00011323
-0.00011198
-0.00011074
-0.00010949
-0.00010824
-0.00010699
-0.00010574
-0.00010449
-0.00010324
-0.000102
-0.00010075
-9.9499e-05
-9.8251e-05
-9.7002e-05
-9.5754e-05
-9.4506e-05
-9.3257e-05
-9.2009e-05
-9.076e-05
-8.9512e-05
-8.8263e-05
-8.7015e-05
-8.5767e-05
-8.4518e-05
-8.327e-05
-8.2021e-05
-8.0773e-05
-7.9524e-05
-7.8276e-05
-7.7027e-05
-7.5779e-05
-7.4531e-05
-7.3282e-05
-7.2034e-05
-7.0785e-05
-6.9537e-05
-6.8288e-05
-6.704e-05
-6.5792e-05
-6.4543e-05
-6.3295e-05
-6.2046e-05
-6.0798e-05
-5.9549e-05
-5.8301e-05
-5.7052e-05
-5.5804e-05
-5.4556e-05
-5.3307e-05
-5.2059e-05
-5.081e-05
-4.9562e-05
-4.8313e-05
-4.7065e-05
-4.5816e-05
-4.4568e-05
-4.332e-05
-4.2071e-05
-4.0823e-05
-3.9574e-05
-3.8326e-05
-3.7077e-05
-3.5829e-05
-3.4581e-05
-3.3332e-05
-3.2084e-05
-3.0835e-05
-2.9587e-05
-2.8338e-05
-2.709e-05
-2.5841e-05
-2.4593e-05
-2.3345e-05
-2.2096e-05
-2.0848e-05
-1.9599e-05
-1.8351e-05
-1.7102e-05
-1.5854e-05
-1.4605e-05
-1.3357e-05
-1.2109e-05
-1.086e-05
-9.6117e-06
-8.3633e-06
-7.1149e-06
-5.8664e-06
-4.618e-06
-3.3695e-06
-2.1211e-06
-8.7266e-07
3.7578e-07
1.6242e-06
2.8727e-06
4.1211e-06
5.3695e-06
6.618e-06
7.8664e-06
9.1148e-06
1.0363e-05
1.1612e-05
1.286e-05
1.4109e-05
1.5357e-05
1.6605e-05
1.7854e-05
1.9102e-05
2.0351e-05
2.1599e-05
2.2848e-05
2.4096e-05
2.5345e-05
2.6593e-05
2.7841e-05
2.909e-05
3.0338e-05
3.1587e-05
3.2835e-05
3.4084e-05
3.5332e-05
3.658e-05
3.7829e-05
3.9077e-05
4.0326e-05
4.1574e-05
4.2823e-05
4.4071e-05
4.532e-05
4.6568e-05
4.7816e-05
4.9065e-05
5.0313e-05
5.1562e-05
5.281e-05
5.4059e-05
5.5307e-05
5.6555e-05
5.7804e-05
5.9052e-05
6.0301e-05
6.1549e-05
6.2798e-05
6.4046e-05
6.5295e-05
6.6543e-05
6.7791e-05
6.904e-05
7.0288e-05
7.1537e-05
7.2785e-05
7.4034e-05
7.5282e-05
7.653e-05
7.7779e-05
7.9027e-05
8.0276e-05
8.1524e-05
8.2773e-05
8.4021e-05
8.5269e-05
8.6518e-05
8.7766e-05
8.9015e-05
9.0263e-05
9.1512e-05
9.276e-05
9.4008e-05
9.5257e-05
9.6505e-05
9.7754e-05
9.9002e-05
0.00010025
0.0001015
0.00010275
0.000104
0.00010524
0.00010649
0.00010774
0.00010899
0.00011024
0.00011149
0.00011273
0.00011398
0.00011523
0.00011648
0.00011773
0.00011898
0.00012023
0.00012147
0.00012272
0.00012397
0.00012522
0.00012647
0.00012772
0.00012896
0.00013021
0.00013146
0.00013271
0.00013396
0.00013521
0.00013645
0.0001377
0.00013895
0.0001402
0.00014145
0.0001427
0.00014394
0.00014519
0.00014644
0.00014769
0.00014894
0.00015019
0.00015143
0.00015268
0.00015393
0.00015518
0.00015643
0.00015768
0.00015892
0.00016017
0.00016142
0.00016267
0.00016392
0.00016517
0.00016641
0.00016766
0.00016891
0.00017016
0.00017141
0.00017265
0.0001739
0.00017515
0.0001764
0.00017765
0.00017889
0.00018014
0.00018139
0.00018264
0.00018389
0.00018513
0.00018638
0.00018763
0.00018888
0.00019013
0.00019137
0.00019262
0.00019387
0.00019512
0.00019637
0.00019761
0.00019886
0.00020011
0.00020136
0.0002026
0.00020385
0.0002051
0.00020635
0.00020759
0.00020884
0.00021009
0.00021134
0.00021258
0.00021383
0.00021508
0.00021632
0.00021757
0.00021882
0.00022006
0.00022131
0.00022256
0.0002238
0.00022505
0.0002263
0.00022754
0.00022879
0.00023004
0.00023128
0.00023253
0.00023377
0.00023502
0.00023626
0.00023751
0.00023876
0.00024
0.00024125
0.00024249
0.00024373
0.00024498
0.00024622
0.00024747
0.00024871
0.00024995
0.0002512
0.00025244
0.00025368
0.00025493
0.00025617
0.00025741
0.00025865
0.0002599
0.00026114
0.00026238
0.00026362
0.00026486
0.0002661
0.00026734
0.00026858
0.00026982
0.00027105
0.00027229
0.00027353
0.00027477
0.000276
0.00027724
0.00027847
0.00027971
0.00028094
0.00028217
0.00028341
0.00028464
0.00028587
0.0002871
0.00028833
0.00028956
0.00029079
0.00029202
0.00029324
0.00029447
0.00029569
0.00029691
0.00029814
0.00029936
0.00030058
0.00030179
0.00030301
0.00030423
0.00030544
0.00030665
0.00030787
0.00030907
0.00031028
0.00031149
0.00031269
0.00031389
0.0003151
0.00031629
0.00031749
0.00031868
0.00031987
0.00032106
0.00032225
0.00032343
0.00032461
0.00032579
0.00032697
0.00032814
0.00032931
0.00033047
0.00033163
0.00033279
0.00033394
0.00033509
0.00033624
0.00033738
0.00033852
0.00033965
0.00034077
0.00034189
0.00034301
0.00034412
0.00034522
0.00034632
0.00034741
0.0003485
0.00034958
0.00035065
0.00035171
0.00035277
0.00035381
0.00035485
0.00035588
0.0003569
0.00035791
0.00035891
0.0003599
0.00036088
0.00036185
0.00036281
0.00036375
0.00036468
0.0003656
0.0003665
0.00036739
0.00036826
0.00036912
0.00036996
0.00037079
0.0003716
0.00037239
0.00037315
0.0003739
0.00037463
0.00037534
0.00037602
0.00037669
0.00037732
0.00037793
0.00037852
0.00037907
0.0003796
0.0003801
0.00038057
0.000381
0.0003814
0.00038177
0.0003821
0.00038239
0.00038264
0.00038285
0.00038302
0.00038315
0.00038322
0.00038325
0.00038323
0.00038316
0.00038303
0.00038285
0.0003826
0.0003823
0.00038193
0.0003815
0.000381
0.00038042
0.00037977
0.00037905
0.00037824
0.00037735
0.00037638
0.00037531
0.00037415
0.00037289
0.00037152
0.00037006
0.00036848
0.00036679
0.00036497
0.00036304
0.00036097
0.00035877
0.00035644
0.00035395
0.00035132
0.00034853
0.00034558
0.00034246
0.00033916
0.00033568
0.00033201
0.00032814
0.00032406
0.00031977
0.00031526
0.00031052
0.00030554
0.00030031
0.00029482
0.00028907
0.00028303
0.0002767
0.00027007
0.00026312
0.00025585
0.00024824
0.00024028
0.00023195
0.00022324
0.00021413
0.00020461
0.00019467
0.00018428
0.00017343
0.0001621
0.00015028
0.00013793
0.00012505
0.00011162
9.7599e-05
8.2979e-05
6.7734e-05
5.1839e-05
3.527e-05
1.7999e-05
