-0.00045682
-0.00048236
-0.00048239
-0.00047858
-0.00047394
-0.00046908
-0.00046415
-0.00045919
-0.00045422
-0.00044925
-0.00044427
-0.0004393
-0.00043432
-0.00042935
-0.00042437
-0.0004194
-0.00041442
-0.00040945
-0.00040447
-0.0003995
-0.00039452
-0.00038955
-0.00038457
-0.0003796
-0.00037462
-0.00036965
-0.00036467
-0.0003597
-0.00035472
-0.00034975
-0.00034477
-0.0003398
-0.00033482
-0.00032985
-0.00032487
-0.0003199
-0.00031492
-0.00030995
-0.00030497
-0.0003
-0.00029502
-0.00029004
-0.00028507
-0.00028009
-0.00027512
-0.00027014
-0.00026517
-0.00026019
-0.00025522
-0.00025024
-0.00024527
-0.00024029
-0.00023532
-0.00023034
-0.00022537
-0.00022039
-0.00021542
-0.00021044
-0.00020547
-0.00020049
-0.00019552
-0.00019054
-0.00018557
-0.00018059
-0.00017562
-0.00017064
-0.00016567
-0.00016069
-0.00015572
-0.00015074
-0.00014577
-0.00014079
-0.00013582
-0.00013084
-0.00012587
-0.00012089
-0.00011592
-0.00011094
-0.00010597
-0.00010099
-9.6015e-05
-9.104e-05
-8.6065e-05
-8.109e-05
-7.6114e-05
-7.1139e-05
-6.6164e-05
-6.1189e-05
-5.6214e-05
-5.1239e-05
-4.6264e-05
-4.1289e-05
-3.6313e-05
-3.1338e-05
-2.6363e-05
-2.1388e-05
-1.6413e-05
-1.1438e-05
-6.4627e-06
-1.4876e-06
3.4876e-06
8.4627e-06
1.3438e-05
1.8413e-05
2.3388e-05
2.8363e-05
3.3338e-05
3.8313e-05
4.3289e-05
4.8264e-05
5.3239e-05
5.8214e-05
6.3189e-05
6.8164e-05
7.3139e-05
7.8114e-05
8.3089e-05
8.8064e-05
9.304e-05
9.8015e-05
0.00010299
0.00010796
0.00011294
0.00011791
0.00012289
0.00012786
0.00013284
0.00013781
0.00014279
0.00014776
0.00015274
0.00015771
0.00016269
0.00016766
0.00017264
0.00017761
0.00018258
0.00018756
0.00019253
0.0001975
0.00020247
0.00020744
0.00021242
0.00021738
0.00022235
0.00022732
0.00023229
0.00023725
0.00024221
0.00024717
0.00025212
0.00025708
0.00026202
0.00026697
0.0002719
0.00027683
0.00028175
0.00028666
0.00029155
0.00029644
0.0003013
0.00030614
0.00031096
0.00031575
0.00032051
0.00032522
0.00032989
0.0003345
0.00033904
0.00034351
0.00034788
0.00035215
0.00035628
0.00036027
0.00036408
0.00036768
0.00037104
0.00037411
0.00037685
0.00037919
0.00038106
0.0003824
0.00038309
0.00038304
0.00038212
0.00038018
0.00037704
0.0003725
0.00036633
0.00035825
0.00034794
0.00033503
0.00031908
0.00029958
0.00027595
0.00024749
0.00021342
0.0001728
0.00012455
6.744e-05
