-0.0013433
-0.0017308
-0.0019357
-0.0020659
-0.0021565
-0.0022231
-0.0022739
-0.0023136
-0.0023453
-0.0023709
-0.0023918
-0.0024092
-0.0024235
-0.0024355
-0.0024456
-0.0024541
-0.0024612
-0.0024672
-0.0024722
-0.0024764
-0.00248
-0.0024829
-0.0024853
-0.0024872
-0.0024888
-0.00249
-0.0024909
-0.0024916
-0.002492
-0.0024922
-0.0024922
-0.0024921
-0.0024918
-0.0024914
-0.0024909
-0.0024903
-0.0024895
-0.0024887
-0.0024879
-0.0024869
-0.0024859
-0.0024849
-0.0024838
-0.0024826
-0.0024814
-0.0024802
-0.0024789
-0.0024776
-0.0024763
-0.002475
-0.0024736
-0.0024722
-0.0024708
-0.0024694
-0.002468
-0.0024665
-0.002465
-0.0024636
-0.0024621
-0.0024606
-0.0024591
-0.0024576
-0.0024561
-0.0024545
-0.002453
-0.0024515
-0.0024499
-0.0024484
-0.0024468
-0.0024452
-0.0024437
-0.0024421
-0.0024406
-0.002439
-0.0024374
-0.0024358
-0.0024343
-0.0024327
-0.0024311
-0.0024295
-0.0024279
-0.0024263
-0.0024247
-0.0024232
-0.0024216
-0.00242
-0.0024184
-0.0024168
-0.0024152
-0.0024136
-0.002412
-0.0024104
-0.0024088
-0.0024072
-0.0024056
-0.002404
-0.0024024
-0.0024008
-0.0023992
-0.0023976
-0.002396
-0.0023944
-0.0023928
-0.0023912
-0.0023896
-0.002388
-0.0023864
-0.0023848
-0.0023832
-0.0023816
-0.0023799
-0.0023783
-0.0023767
-0.0023751
-0.0023735
-0.0023719
-0.0023703
-0.0023687
-0.0023671
-0.0023655
-0.0023639
-0.0023623
-0.0023607
-0.0023591
-0.0023575
-0.0023559
-0.0023543
-0.0023527
-0.002351
-0.0023494
-0.0023478
-0.0023462
-0.0023446
-0.002343
-0.0023414
-0.0023398
-0.0023382
-0.0023366
-0.002335
-0.0023334
-0.0023318
-0.0023302
-0.0023286
-0.002327
-0.0023253
-0.0023237
-0.0023221
-0.0023205
-0.0023189
-0.0023173
-0.0023157
-0.0023141
-0.0023125
-0.0023109
-0.0023093
-0.0023077
-0.0023061
-0.0023045
-0.0023029
-0.0023012
-0.0022996
-0.002298
-0.0022964
-0.0022948
-0.0022932
-0.0022916
-0.00229
-0.0022884
-0.0022868
-0.0022852
-0.0022836
-0.002282
-0.0022804
-0.0022788
-0.0022771
-0.0022755
-0.0022739
-0.0022723
-0.0022707
-0.0022691
-0.0022675
-0.0022659
-0.0022643
-0.0022627
-0.0022611
-0.0022595
-0.0022579
-0.0022563
-0.0022547
-0.002253
-0.0022514
-0.0022498
-0.0022482
-0.0022466
-0.002245
-0.0022434
-0.0022418
-0.0022402
-0.0022386
-0.002237
-0.0022354
-0.0022338
-0.0022322
-0.0022306
-0.0022289
-0.0022273
-0.0022257
-0.0022241
-0.0022225
-0.0022209
-0.0022193
-0.0022177
-0.0022161
-0.0022145
-0.0022129
-0.0022113
-0.0022097
-0.0022081
-0.0022065
-0.0022048
-0.0022032
-0.0022016
-0.0022
-0.0021984
-0.0021968
-0.0021952
-0.0021936
-0.002192
-0.0021904
-0.0021888
-0.0021872
-0.0021856
-0.002184
-0.0021824
-0.0021807
-0.0021791
-0.0021775
-0.0021759
-0.0021743
-0.0021727
-0.0021711
-0.0021695
-0.0021679
-0.0021663
-0.0021647
-0.0021631
-0.0021615
-0.0021599
-0.0021583
-0.0021566
-0.002155
-0.0021534
-0.0021518
-0.0021502
-0.0021486
-0.002147
-0.0021454
-0.0021438
-0.0021422
-0.0021406
-0.002139
-0.0021374
-0.0021358
-0.0021341
-0.0021325
-0.0021309
-0.0021293
-0.0021277
-0.0021261
-0.0021245
-0.0021229
-0.0021213
-0.0021197
-0.0021181
-0.0021165
-0.0021149
-0.0021133
-0.0021117
-0.00211
-0.0021084
-0.0021068
-0.0021052
-0.0021036
-0.002102
-0.0021004
-0.0020988
-0.0020972
-0.0020956
-0.002094
-0.0020924
-0.0020908
-0.0020892
-0.0020876
-0.0020859
-0.0020843
-0.0020827
-0.0020811
-0.0020795
-0.0020779
-0.0020763
-0.0020747
-0.0020731
-0.0020715
-0.0020699
-0.0020683
-0.0020667
-0.0020651
-0.0020635
-0.0020618
-0.0020602
-0.0020586
-0.002057
-0.0020554
-0.0020538
-0.0020522
-0.0020506
-0.002049
-0.0020474
-0.0020458
-0.0020442
-0.0020426
-0.002041
-0.0020394
-0.0020377
-0.0020361
-0.0020345
-0.0020329
-0.0020313
-0.0020297
-0.0020281
-0.0020265
-0.0020249
-0.0020233
-0.0020217
-0.0020201
-0.0020185
-0.0020169
-0.0020153
-0.0020136
-0.002012
-0.0020104
-0.0020088
-0.0020072
-0.0020056
-0.002004
-0.0020024
-0.0020008
-0.0019992
-0.0019976
-0.001996
-0.0019944
-0.0019928
-0.0019912
-0.0019895
-0.0019879
-0.0019863
-0.0019847
-0.0019831
-0.0019815
-0.0019799
-0.0019783
-0.0019767
-0.0019751
-0.0019735
-0.0019719
-0.0019703
-0.0019687
-0.0019671
-0.0019654
-0.0019638
-0.0019622
-0.0019606
-0.001959
-0.0019574
-0.0019558
-0.0019542
-0.0019526
-0.001951
-0.0019494
-0.0019478
-0.0019462
-0.0019446
-0.001943
-0.0019413
-0.0019397
-0.0019381
-0.0019365
-0.0019349
-0.0019333
-0.0019317
-0.0019301
-0.0019285
-0.0019269
-0.0019253
-0.0019237
-0.0019221
-0.0019205
-0.0019188
-0.0019172
-0.0019156
-0.001914
-0.0019124
-0.0019108
-0.0019092
-0.0019076
-0.001906
-0.0019044
-0.0019028
-0.0019012
-0.0018996
-0.001898
-0.0018964
-0.0018947
-0.0018931
-0.0018915
-0.0018899
-0.0018883
-0.0018867
-0.0018851
-0.0018835
-0.0018819
-0.0018803
-0.0018787
-0.0018771
-0.0018755
-0.0018739
-0.0018723
-0.0018706
-0.001869
-0.0018674
-0.0018658
-0.0018642
-0.0018626
-0.001861
-0.0018594
-0.0018578
-0.0018562
-0.0018546
-0.001853
-0.0018514
-0.0018498
-0.0018482
-0.0018465
-0.0018449
-0.0018433
-0.0018417
-0.0018401
-0.0018385
-0.0018369
-0.0018353
-0.0018337
-0.0018321
-0.0018305
-0.0018289
-0.0018273
-0.0018257
-0.0018241
-0.0018224
-0.0018208
-0.0018192
-0.0018176
-0.001816
-0.0018144
-0.0018128
-0.0018112
-0.0018096
-0.001808
-0.0018064
-0.0018048
-0.0018032
-0.0018016
-0.0018
-0.0017983
-0.0017967
-0.0017951
-0.0017935
-0.0017919
-0.0017903
-0.0017887
-0.0017871
-0.0017855
-0.0017839
-0.0017823
-0.0017807
-0.0017791
-0.0017775
-0.0017759
-0.0017742
-0.0017726
-0.001771
-0.0017694
-0.0017678
-0.0017662
-0.0017646
-0.001763
-0.0017614
-0.0017598
-0.0017582
-0.0017566
-0.001755
-0.0017534
-0.0017518
-0.0017501
-0.0017485
-0.0017469
-0.0017453
-0.0017437
-0.0017421
-0.0017405
-0.0017389
-0.0017373
-0.0017357
-0.0017341
-0.0017325
-0.0017309
-0.0017293
-0.0017277
-0.001726
-0.0017244
-0.0017228
-0.0017212
-0.0017196
-0.001718
-0.0017164
-0.0017148
-0.0017132
-0.0017116
-0.00171
-0.0017084
-0.0017068
-0.0017052
-0.0017035
-0.0017019
-0.0017003
-0.0016987
-0.0016971
-0.0016955
-0.0016939
-0.0016923
-0.0016907
-0.0016891
-0.0016875
-0.0016859
-0.0016843
-0.0016827
-0.0016811
-0.0016794
-0.0016778
-0.0016762
-0.0016746
-0.001673
-0.0016714
-0.0016698
-0.0016682
-0.0016666
-0.001665
-0.0016634
-0.0016618
-0.0016602
-0.0016586
-0.001657
-0.0016553
-0.0016537
-0.0016521
-0.0016505
-0.0016489
-0.0016473
-0.0016457
-0.0016441
-0.0016425
-0.0016409
-0.0016393
-0.0016377
-0.0016361
-0.0016345
-0.0016329
-0.0016312
-0.0016296
-0.001628
-0.0016264
-0.0016248
-0.0016232
-0.0016216
-0.00162
-0.0016184
-0.0016168
-0.0016152
-0.0016136
-0.001612
-0.0016104
-0.0016088
-0.0016071
-0.0016055
-0.0016039
-0.0016023
-0.0016007
-0.0015991
-0.0015975
-0.0015959
-0.0015943
-0.0015927
-0.0015911
-0.0015895
-0.0015879
-0.0015863
-0.0015847
-0.001583
-0.0015814
-0.0015798
-0.0015782
-0.0015766
-0.001575
-0.0015734
-0.0015718
-0.0015702
-0.0015686
-0.001567
-0.0015654
-0.0015638
-0.0015622
-0.0015606
-0.0015589
-0.0015573
-0.0015557
-0.0015541
-0.0015525
-0.0015509
-0.0015493
-0.0015477
-0.0015461
-0.0015445
-0.0015429
-0.0015413
-0.0015397
-0.0015381
-0.0015365
-0.0015348
-0.0015332
-0.0015316
-0.00153
-0.0015284
-0.0015268
-0.0015252
-0.0015236
-0.001522
-0.0015204
-0.0015188
-0.0015172
-0.0015156
-0.001514
-0.0015124
-0.0015107
-0.0015091
-0.0015075
-0.0015059
-0.0015043
-0.0015027
-0.0015011
-0.0014995
-0.0014979
-0.0014963
-0.0014947
-0.0014931
-0.0014915
-0.0014899
-0.0014882
-0.0014866
-0.001485
-0.0014834
-0.0014818
-0.0014802
-0.0014786
-0.001477
-0.0014754
-0.0014738
-0.0014722
-0.0014706
-0.001469
-0.0014674
-0.0014658
-0.0014641
-0.0014625
-0.0014609
-0.0014593
-0.0014577
-0.0014561
-0.0014545
-0.0014529
-0.0014513
-0.0014497
-0.0014481
-0.0014465
-0.0014449
-0.0014433
-0.0014417
-0.00144
-0.0014384
-0.0014368
-0.0014352
-0.0014336
-0.001432
-0.0014304
-0.0014288
-0.0014272
-0.0014256
-0.001424
-0.0014224
-0.0014208
-0.0014192
-0.0014176
-0.0014159
-0.0014143
-0.0014127
-0.0014111
-0.0014095
-0.0014079
-0.0014063
-0.0014047
-0.0014031
-0.0014015
-0.0013999
-0.0013983
-0.0013967
-0.0013951
-0.0013935
-0.0013918
-0.0013902
-0.0013886
-0.001387
-0.0013854
-0.0013838
-0.0013822
-0.0013806
-0.001379
-0.0013774
-0.0013758
-0.0013742
-0.0013726
-0.001371
-0.0013694
-0.0013677
-0.0013661
-0.0013645
-0.0013629
-0.0013613
-0.0013597
-0.0013581
-0.0013565
-0.0013549
-0.0013533
-0.0013517
-0.0013501
-0.0013485
-0.0013469
-0.0013453
-0.0013436
-0.001342
-0.0013404
-0.0013388
-0.0013372
-0.0013356
-0.001334
-0.0013324
-0.0013308
-0.0013292
-0.0013276
-0.001326
-0.0013244
-0.0013228
-0.0013212
-0.0013195
-0.0013179
-0.0013163
-0.0013147
-0.0013131
-0.0013115
-0.0013099
-0.0013083
-0.0013067
-0.0013051
-0.0013035
-0.0013019
-0.0013003
-0.0012987
-0.0012971
-0.0012954
-0.0012938
-0.0012922
-0.0012906
-0.001289
-0.0012874
-0.0012858
-0.0012842
-0.0012826
-0.001281
-0.0012794
-0.0012778
-0.0012762
-0.0012746
-0.0012729
-0.0012713
-0.0012697
-0.0012681
-0.0012665
-0.0012649
-0.0012633
-0.0012617
-0.0012601
-0.0012585
-0.0012569
-0.0012553
-0.0012537
-0.0012521
-0.0012505
-0.0012488
-0.0012472
-0.0012456
-0.001244
-0.0012424
-0.0012408
-0.0012392
-0.0012376
-0.001236
-0.0012344
-0.0012328
-0.0012312
-0.0012296
-0.001228
-0.0012264
-0.0012247
-0.0012231
-0.0012215
-0.0012199
-0.0012183
-0.0012167
-0.0012151
-0.0012135
-0.0012119
-0.0012103
-0.0012087
-0.0012071
-0.0012055
-0.0012039
-0.0012023
-0.0012006
-0.001199
-0.0011974
-0.0011958
-0.0011942
-0.0011926
-0.001191
-0.0011894
-0.0011878
-0.0011862
-0.0011846
-0.001183
-0.0011814
-0.0011798
-0.0011782
-0.0011765
-0.0011749
-0.0011733
-0.0011717
-0.0011701
-0.0011685
-0.0011669
-0.0011653
-0.0011637
-0.0011621
-0.0011605
-0.0011589
-0.0011573
-0.0011557
-0.0011541
-0.0011524
-0.0011508
-0.0011492
-0.0011476
-0.001146
-0.0011444
-0.0011428
-0.0011412
-0.0011396
-0.001138
-0.0011364
-0.0011348
-0.0011332
-0.0011316
-0.00113
-0.0011283
-0.0011267
-0.0011251
-0.0011235
-0.0011219
-0.0011203
-0.0011187
-0.0011171
-0.0011155
-0.0011139
-0.0011123
-0.0011107
-0.0011091
-0.0011075
-0.0011059
-0.0011042
-0.0011026
-0.001101
-0.0010994
-0.0010978
-0.0010962
-0.0010946
-0.001093
-0.0010914
-0.0010898
-0.0010882
-0.0010866
-0.001085
-0.0010834
-0.0010818
-0.0010801
-0.0010785
-0.0010769
-0.0010753
-0.0010737
-0.0010721
-0.0010705
-0.0010689
-0.0010673
-0.0010657
-0.0010641
-0.0010625
-0.0010609
-0.0010593
-0.0010576
-0.001056
-0.0010544
-0.0010528
-0.0010512
-0.0010496
-0.001048
-0.0010464
-0.0010448
-0.0010432
-0.0010416
-0.00104
-0.0010384
-0.0010368
-0.0010352
-0.0010335
-0.0010319
-0.0010303
-0.0010287
-0.0010271
-0.0010255
-0.0010239
-0.0010223
-0.0010207
-0.0010191
-0.0010175
-0.0010159
-0.0010143
-0.0010127
-0.0010111
-0.0010094
-0.0010078
-0.0010062
-0.0010046
-0.001003
-0.0010014
-0.00099981
-0.0009982
-0.00099659
-0.00099499
-0.00099338
-0.00099177
-0.00099017
-0.00098856
-0.00098695
-0.00098535
-0.00098374
-0.00098213
-0.00098053
-0.00097892
-0.00097731
-0.00097571
-0.0009741
-0.00097249
-0.00097089
-0.00096928
-0.00096767
-0.00096607
-0.00096446
-0.00096285
-0.00096125
-0.00095964
-0.00095803
-0.00095643
-0.00095482
-0.00095321
-0.00095161
-0.00095
-0.00094839
-0.00094679
-0.00094518
-0.00094357
-0.00094197
-0.00094036
-0.00093875
-0.00093715
-0.00093554
-0.00093393
-0.00093233
-0.00093072
-0.00092911
-0.00092751
-0.0009259
-0.00092429
-0.00092269
-0.00092108
-0.00091947
-0.00091787
-0.00091626
-0.00091465
-0.00091305
-0.00091144
-0.00090983
-0.00090823
-0.00090662
-0.00090501
-0.00090341
-0.0009018
-0.00090019
-0.00089858
-0.00089698
-0.00089537
-0.00089376
-0.00089216
-0.00089055
-0.00088894
-0.00088734
-0.00088573
-0.00088412
-0.00088252
-0.00088091
-0.0008793
-0.0008777
-0.00087609
-0.00087448
-0.00087288
-0.00087127
-0.00086966
-0.00086806
-0.00086645
-0.00086484
-0.00086324
-0.00086163
-0.00086002
-0.00085842
-0.00085681
-0.0008552
-0.0008536
-0.00085199
-0.00085038
-0.00084878
-0.00084717
-0.00084556
-0.00084396
-0.00084235
-0.00084074
-0.00083914
-0.00083753
-0.00083592
-0.00083432
-0.00083271
-0.0008311
-0.0008295
-0.00082789
-0.00082628
-0.00082468
-0.00082307
-0.00082146
-0.00081986
-0.00081825
-0.00081664
-0.00081504
-0.00081343
-0.00081182
-0.00081022
-0.00080861
-0.000807
-0.0008054
-0.00080379
-0.00080218
-0.00080058
-0.00079897
-0.00079736
-0.00079576
-0.00079415
-0.00079254
-0.00079093
-0.00078933
-0.00078772
-0.00078611
-0.00078451
-0.0007829
-0.00078129
-0.00077969
-0.00077808
-0.00077647
-0.00077487
-0.00077326
-0.00077165
-0.00077005
-0.00076844
-0.00076683
-0.00076523
-0.00076362
-0.00076201
-0.00076041
-0.0007588
-0.00075719
-0.00075559
-0.00075398
-0.00075237
-0.00075077
-0.00074916
-0.00074755
-0.00074595
-0.00074434
-0.00074273
-0.00074113
-0.00073952
-0.00073791
-0.00073631
-0.0007347
-0.00073309
-0.00073149
-0.00072988
-0.00072827
-0.00072667
-0.00072506
-0.00072345
-0.00072185
-0.00072024
-0.00071863
-0.00071703
-0.00071542
-0.00071381
-0.00071221
-0.0007106
-0.00070899
-0.00070739
-0.00070578
-0.00070417
-0.00070257
-0.00070096
-0.00069935
-0.00069775
-0.00069614
-0.00069453
-0.00069293
-0.00069132
-0.00068971
-0.00068811
-0.0006865
-0.00068489
-0.00068328
-0.00068168
-0.00068007
-0.00067846
-0.00067686
-0.00067525
-0.00067364
-0.00067204
-0.00067043
-0.00066882
-0.00066722
-0.00066561
-0.000664
-0.0006624
-0.00066079
-0.00065918
-0.00065758
-0.00065597
-0.00065436
-0.00065276
-0.00065115
-0.00064954
-0.00064794
-0.00064633
-0.00064472
-0.00064312
-0.00064151
-0.0006399
-0.0006383
-0.00063669
-0.00063508
-0.00063348
-0.00063187
-0.00063026
-0.00062866
-0.00062705
-0.00062544
-0.00062384
-0.00062223
-0.00062062
-0.00061902
-0.00061741
-0.0006158
-0.0006142
-0.00061259
-0.00061098
-0.00060938
-0.00060777
-0.00060616
-0.00060456
-0.00060295
-0.00060134
-0.00059974
-0.00059813
-0.00059652
-0.00059492
-0.00059331
-0.0005917
-0.0005901
-0.00058849
-0.00058688
-0.00058528
-0.00058367
-0.00058206
-0.00058046
-0.00057885
-0.00057724
-0.00057563
-0.00057403
-0.00057242
-0.00057081
-0.00056921
-0.0005676
-0.00056599
-0.00056439
-0.00056278
-0.00056117
-0.00055957
-0.00055796
-0.00055635
-0.00055475
-0.00055314
-0.00055153
-0.00054993
-0.00054832
-0.00054671
-0.00054511
-0.0005435
-0.00054189
-0.00054029
-0.00053868
-0.00053707
-0.00053547
-0.00053386
-0.00053225
-0.00053065
-0.00052904
-0.00052743
-0.00052583
-0.00052422
-0.00052261
-0.00052101
-0.0005194
-0.00051779
-0.00051619
-0.00051458
-0.00051297
-0.00051137
-0.00050976
-0.00050815
-0.00050655
-0.00050494
-0.00050333
-0.00050173
-0.00050012
-0.00049851
-0.00049691
-0.0004953
-0.00049369
-0.00049209
-0.00049048
-0.00048887
-0.00048727
-0.00048566
-0.00048405
-0.00048245
-0.00048084
-0.00047923
-0.00047763
-0.00047602
-0.00047441
-0.00047281
-0.0004712
-0.00046959
-0.00046798
-0.00046638
-0.00046477
-0.00046316
-0.00046156
-0.00045995
-0.00045834
-0.00045674
-0.00045513
-0.00045352
-0.00045192
-0.00045031
-0.0004487
-0.0004471
-0.00044549
-0.00044388
-0.00044228
-0.00044067
-0.00043906
-0.00043746
-0.00043585
-0.00043424
-0.00043264
-0.00043103
-0.00042942
-0.00042782
-0.00042621
-0.0004246
-0.000423
-0.00042139
-0.00041978
-0.00041818
-0.00041657
-0.00041496
-0.00041336
-0.00041175
-0.00041014
-0.00040854
-0.00040693
-0.00040532
-0.00040372
-0.00040211
-0.0004005
-0.0003989
-0.00039729
-0.00039568
-0.00039408
-0.00039247
-0.00039086
-0.00038926
-0.00038765
-0.00038604
-0.00038444
-0.00038283
-0.00038122
-0.00037962
-0.00037801
-0.0003764
-0.0003748
-0.00037319
-0.00037158
-0.00036998
-0.00036837
-0.00036676
-0.00036516
-0.00036355
-0.00036194
-0.00036033
-0.00035873
-0.00035712
-0.00035551
-0.00035391
-0.0003523
-0.00035069
-0.00034909
-0.00034748
-0.00034587
-0.00034427
-0.00034266
-0.00034105
-0.00033945
-0.00033784
-0.00033623
-0.00033463
-0.00033302
-0.00033141
-0.00032981
-0.0003282
-0.00032659
-0.00032499
-0.00032338
-0.00032177
-0.00032017
-0.00031856
-0.00031695
-0.00031535
-0.00031374
-0.00031213
-0.00031053
-0.00030892
-0.00030731
-0.00030571
-0.0003041
-0.00030249
-0.00030089
-0.00029928
-0.00029767
-0.00029607
-0.00029446
-0.00029285
-0.00029125
-0.00028964
-0.00028803
-0.00028643
-0.00028482
-0.00028321
-0.00028161
-0.00028
-0.00027839
-0.00027679
-0.00027518
-0.00027357
-0.00027197
-0.00027036
-0.00026875
-0.00026715
-0.00026554
-0.00026393
-0.00026233
-0.00026072
-0.00025911
-0.00025751
-0.0002559
-0.00025429
-0.00025268
-0.00025108
-0.00024947
-0.00024786
-0.00024626
-0.00024465
-0.00024304
-0.00024144
-0.00023983
-0.00023822
-0.00023662
-0.00023501
-0.0002334
-0.0002318
-0.00023019
-0.00022858
-0.00022698
-0.00022537
-0.00022376
-0.00022216
-0.00022055
-0.00021894
-0.00021734
-0.00021573
-0.00021412
-0.00021252
-0.00021091
-0.0002093
-0.0002077
-0.00020609
-0.00020448
-0.00020288
-0.00020127
-0.00019966
-0.00019806
-0.00019645
-0.00019484
-0.00019324
-0.00019163
-0.00019002
-0.00018842
-0.00018681
-0.0001852
-0.0001836
-0.00018199
-0.00018038
-0.00017878
-0.00017717
-0.00017556
-0.00017396
-0.00017235
-0.00017074
-0.00016914
-0.00016753
-0.00016592
-0.00016432
-0.00016271
-0.0001611
-0.0001595
-0.00015789
-0.00015628
-0.00015468
-0.00015307
-0.00015146
-0.00014986
-0.00014825
-0.00014664
-0.00014503
-0.00014343
-0.00014182
-0.00014021
-0.00013861
-0.000137
-0.00013539
-0.00013379
-0.00013218
-0.00013057
-0.00012897
-0.00012736
-0.00012575
-0.00012415
-0.00012254
-0.00012093
-0.00011933
-0.00011772
-0.00011611
-0.00011451
-0.0001129
-0.00011129
-0.00010969
-0.00010808
-0.00010647
-0.00010487
-0.00010326
-0.00010165
-0.00010005
-9.844e-05
-9.6833e-05
-9.5227e-05
-9.362e-05
-9.2013e-05
-9.0407e-05
-8.88e-05
-8.7193e-05
-8.5586e-05
-8.398e-05
-8.2373e-05
-8.0766e-05
-7.916e-05
-7.7553e-05
-7.5946e-05
-7.4339e-05
-7.2733e-05
-7.1126e-05
-6.9519e-05
-6.7913e-05
-6.6306e-05
-6.4699e-05
-6.3092e-05
-6.1486e-05
-5.9879e-05
-5.8272e-05
-5.6666e-05
-5.5059e-05
-5.3452e-05
-5.1845e-05
-5.0239e-05
-4.8632e-05
-4.7025e-05
-4.5418e-05
-4.3812e-05
-4.2205e-05
-4.0598e-05
-3.8992e-05
-3.7385e-05
-3.5778e-05
-3.4171e-05
-3.2565e-05
-3.0958e-05
-2.9351e-05
-2.7745e-05
-2.6138e-05
-2.4531e-05
-2.2924e-05
-2.1318e-05
-1.9711e-05
-1.8104e-05
-1.6498e-05
-1.4891e-05
-1.3284e-05
-1.1677e-05
-1.0071e-05
-8.464e-06
-6.8573e-06
-5.2506e-06
-3.6439e-06
-2.0371e-06
-4.3043e-07
1.1763e-06
2.783e-06
4.3897e-06
5.9964e-06
7.6032e-06
9.2099e-06
1.0817e-05
1.2423e-05
1.403e-05
1.5637e-05
1.7243e-05
1.885e-05
2.0457e-05
2.2064e-05
2.367e-05
2.5277e-05
2.6884e-05
2.849e-05
3.0097e-05
3.1704e-05
3.3311e-05
3.4917e-05
3.6524e-05
3.8131e-05
3.9737e-05
4.1344e-05
4.2951e-05
4.4558e-05
4.6164e-05
4.7771e-05
4.9378e-05
5.0984e-05
5.2591e-05
5.4198e-05
5.5805e-05
5.7411e-05
5.9018e-05
6.0625e-05
6.2232e-05
6.3838e-05
6.5445e-05
6.7052e-05
6.8658e-05
7.0265e-05
7.1872e-05
7.3479e-05
7.5085e-05
7.6692e-05
7.8299e-05
7.9905e-05
8.1512e-05
8.3119e-05
8.4726e-05
8.6332e-05
8.7939e-05
8.9546e-05
9.1152e-05
9.2759e-05
9.4366e-05
9.5973e-05
9.7579e-05
9.9186e-05
0.00010079
0.0001024
0.00010401
0.00010561
0.00010722
0.00010883
0.00011043
0.00011204
0.00011365
0.00011525
0.00011686
0.00011847
0.00012007
0.00012168
0.00012329
0.00012489
0.0001265
0.00012811
0.00012971
0.00013132
0.00013293
0.00013453
0.00013614
0.00013775
0.00013935
0.00014096
0.00014257
0.00014417
0.00014578
0.00014739
0.00014899
0.0001506
0.00015221
0.00015381
0.00015542
0.00015703
0.00015863
0.00016024
0.00016185
0.00016345
0.00016506
0.00016667
0.00016827
0.00016988
0.00017149
0.00017309
0.0001747
0.00017631
0.00017792
0.00017952
0.00018113
0.00018274
0.00018434
0.00018595
0.00018756
0.00018916
0.00019077
0.00019238
0.00019398
0.00019559
0.0001972
0.0001988
0.00020041
0.00020202
0.00020362
0.00020523
0.00020684
0.00020844
0.00021005
0.00021166
0.00021326
0.00021487
0.00021648
0.00021808
0.00021969
0.0002213
0.0002229
0.00022451
0.00022612
0.00022772
0.00022933
0.00023094
0.00023254
0.00023415
0.00023576
0.00023736
0.00023897
0.00024058
0.00024218
0.00024379
0.0002454
0.000247
0.00024861
0.00025022
0.00025182
0.00025343
0.00025504
0.00025664
0.00025825
0.00025986
0.00026146
0.00026307
0.00026468
0.00026628
0.00026789
0.0002695
0.0002711
0.00027271
0.00027432
0.00027592
0.00027753
0.00027914
0.00028074
0.00028235
0.00028396
0.00028557
0.00028717
0.00028878
0.00029039
0.00029199
0.0002936
0.00029521
0.00029681
0.00029842
0.00030003
0.00030163
0.00030324
0.00030485
0.00030645
0.00030806
0.00030967
0.00031127
0.00031288
0.00031449
0.00031609
0.0003177
0.00031931
0.00032091
0.00032252
0.00032413
0.00032573
0.00032734
0.00032895
0.00033055
0.00033216
0.00033377
0.00033537
0.00033698
0.00033859
0.00034019
0.0003418
0.00034341
0.00034501
0.00034662
0.00034823
0.00034983
0.00035144
0.00035305
0.00035465
0.00035626
0.00035787
0.00035947
0.00036108
0.00036269
0.00036429
0.0003659
0.00036751
0.00036911
0.00037072
0.00037233
0.00037393
0.00037554
0.00037715
0.00037875
0.00038036
0.00038197
0.00038357
0.00038518
0.00038679
0.00038839
0.00039
0.00039161
0.00039321
0.00039482
0.00039643
0.00039803
0.00039964
0.00040125
0.00040286
0.00040446
0.00040607
0.00040768
0.00040928
0.00041089
0.0004125
0.0004141
0.00041571
0.00041732
0.00041892
0.00042053
0.00042214
0.00042374
0.00042535
0.00042696
0.00042856
0.00043017
0.00043178
0.00043338
0.00043499
0.0004366
0.0004382
0.00043981
0.00044142
0.00044302
0.00044463
0.00044624
0.00044784
0.00044945
0.00045106
0.00045266
0.00045427
0.00045588
0.00045748
0.00045909
0.0004607
0.0004623
0.00046391
0.00046552
0.00046712
0.00046873
0.00047034
0.00047194
0.00047355
0.00047516
0.00047676
0.00047837
0.00047998
0.00048158
0.00048319
0.0004848
0.0004864
0.00048801
0.00048962
0.00049122
0.00049283
0.00049444
0.00049604
0.00049765
0.00049926
0.00050086
0.00050247
0.00050408
0.00050568
0.00050729
0.0005089
0.0005105
0.00051211
0.00051372
0.00051532
0.00051693
0.00051854
0.00052014
0.00052175
0.00052336
0.00052496
0.00052657
0.00052818
0.00052978
0.00053139
0.000533
0.0005346
0.00053621
0.00053782
0.00053942
0.00054103
0.00054264
0.00054424
0.00054585
0.00054746
0.00054906
0.00055067
0.00055228
0.00055388
0.00055549
0.0005571
0.0005587
0.00056031
0.00056192
0.00056352
0.00056513
0.00056674
0.00056834
0.00056995
0.00057156
0.00057316
0.00057477
0.00057638
0.00057798
0.00057959
0.0005812
0.0005828
0.00058441
0.00058602
0.00058762
0.00058923
0.00059084
0.00059244
0.00059405
0.00059566
0.00059726
0.00059887
0.00060048
0.00060208
0.00060369
0.0006053
0.0006069
0.00060851
0.00061012
0.00061172
0.00061333
0.00061494
0.00061654
0.00061815
0.00061976
0.00062136
0.00062297
0.00062458
0.00062618
0.00062779
0.0006294
0.000631
0.00063261
0.00063422
0.00063582
0.00063743
0.00063904
0.00064064
0.00064225
0.00064385
0.00064546
0.00064707
0.00064867
0.00065028
0.00065189
0.00065349
0.0006551
0.00065671
0.00065831
0.00065992
0.00066153
0.00066313
0.00066474
0.00066635
0.00066795
0.00066956
0.00067117
0.00067277
0.00067438
0.00067599
0.00067759
0.0006792
0.00068081
0.00068241
0.00068402
0.00068562
0.00068723
0.00068884
0.00069044
0.00069205
0.00069366
0.00069526
0.00069687
0.00069848
0.00070008
0.00070169
0.0007033
0.0007049
0.00070651
0.00070811
0.00070972
0.00071133
0.00071293
0.00071454
0.00071615
0.00071775
0.00071936
0.00072097
0.00072257
0.00072418
0.00072579
0.00072739
0.000729
0.0007306
0.00073221
0.00073382
0.00073542
0.00073703
0.00073864
0.00074024
0.00074185
0.00074345
0.00074506
0.00074667
0.00074827
0.00074988
0.00075149
0.00075309
0.0007547
0.0007563
0.00075791
0.00075952
0.00076112
0.00076273
0.00076434
0.00076594
0.00076755
0.00076915
0.00077076
0.00077237
0.00077397
0.00077558
0.00077718
0.00077879
0.0007804
0.000782
0.00078361
0.00078522
0.00078682
0.00078843
0.00079003
0.00079164
0.00079325
0.00079485
0.00079646
0.00079806
0.00079967
0.00080128
0.00080288
0.00080449
0.00080609
0.0008077
0.0008093
0.00081091
0.00081252
0.00081412
0.00081573
0.00081733
0.00081894
0.00082055
0.00082215
0.00082376
0.00082536
0.00082697
0.00082857
0.00083018
0.00083179
0.00083339
0.000835
0.0008366
0.00083821
0.00083981
0.00084142
0.00084302
0.00084463
0.00084624
0.00084784
0.00084945
0.00085105
0.00085266
0.00085426
0.00085587
0.00085747
0.00085908
0.00086068
0.00086229
0.0008639
0.0008655
0.00086711
0.00086871
0.00087032
0.00087192
0.00087353
0.00087513
0.00087674
0.00087834
0.00087995
0.00088155
0.00088316
0.00088476
0.00088637
0.00088797
0.00088958
0.00089118
0.00089279
0.00089439
0.000896
0.0008976
0.00089921
0.00090081
0.00090242
0.00090402
0.00090562
0.00090723
0.00090883
0.00091044
0.00091204
0.00091365
0.00091525
0.00091686
0.00091846
0.00092006
0.00092167
0.00092327
0.00092488
0.00092648
0.00092809
0.00092969
0.00093129
0.0009329
0.0009345
0.00093611
0.00093771
0.00093931
0.00094092
0.00094252
0.00094412
0.00094573
0.00094733
0.00094894
0.00095054
0.00095214
0.00095375
0.00095535
0.00095695
0.00095856
0.00096016
0.00096176
0.00096337
0.00096497
0.00096657
0.00096818
0.00096978
0.00097138
0.00097298
0.00097459
0.00097619
0.00097779
0.0009794
0.000981
0.0009826
0.0009842
0.00098581
0.00098741
0.00098901
0.00099061
0.00099221
0.00099382
0.00099542
0.00099702
0.00099862
0.0010002
0.0010018
0.0010034
0.001005
0.0010066
0.0010082
0.0010098
0.0010114
0.001013
0.0010146
0.0010162
0.0010178
0.0010194
0.001021
0.0010226
0.0010242
0.0010258
0.0010274
0.001029
0.0010306
0.0010322
0.0010338
0.0010354
0.001037
0.0010386
0.0010402
0.0010418
0.0010434
0.001045
0.0010466
0.0010482
0.0010498
0.0010514
0.001053
0.0010546
0.0010562
0.0010578
0.0010594
0.001061
0.0010626
0.0010642
0.0010658
0.0010674
0.001069
0.0010706
0.0010722
0.0010738
0.0010754
0.001077
0.0010786
0.0010802
0.0010818
0.0010834
0.001085
0.0010866
0.0010882
0.0010898
0.0010914
0.001093
0.0010946
0.0010962
0.0010978
0.0010994
0.001101
0.0011026
0.0011042
0.0011057
0.0011073
0.0011089
0.0011105
0.0011121
0.0011137
0.0011153
0.0011169
0.0011185
0.0011201
0.0011217
0.0011233
0.0011249
0.0011265
0.0011281
0.0011297
0.0011312
0.0011328
0.0011344
0.001136
0.0011376
0.0011392
0.0011408
0.0011424
0.001144
0.0011456
0.0011472
0.0011487
0.0011503
0.0011519
0.0011535
0.0011551
0.0011567
0.0011583
0.0011599
0.0011615
0.001163
0.0011646
0.0011662
0.0011678
0.0011694
0.001171
0.0011726
0.0011742
0.0011757
0.0011773
0.0011789
0.0011805
0.0011821
0.0011837
0.0011853
0.0011868
0.0011884
0.00119
0.0011916
0.0011932
0.0011948
0.0011963
0.0011979
0.0011995
0.0012011
0.0012027
0.0012043
0.0012058
0.0012074
0.001209
0.0012106
0.0012122
0.0012137
0.0012153
0.0012169
0.0012185
0.00122
0.0012216
0.0012232
0.0012248
0.0012264
0.0012279
0.0012295
0.0012311
0.0012327
0.0012342
0.0012358
0.0012374
0.001239
0.0012405
0.0012421
0.0012437
0.0012452
0.0012468
0.0012484
0.00125
0.0012515
0.0012531
0.0012547
0.0012562
0.0012578
0.0012594
0.0012609
0.0012625
0.0012641
0.0012656
0.0012672
0.0012688
0.0012703
0.0012719
0.0012735
0.001275
0.0012766
0.0012782
0.0012797
0.0012813
0.0012829
0.0012844
0.001286
0.0012875
0.0012891
0.0012906
0.0012922
0.0012938
0.0012953
0.0012969
0.0012984
0.0013
0.0013015
0.0013031
0.0013047
0.0013062
0.0013078
0.0013093
0.0013109
0.0013124
0.001314
0.0013155
0.0013171
0.0013186
0.0013202
0.0013217
0.0013232
0.0013248
0.0013263
0.0013279
0.0013294
0.001331
0.0013325
0.0013341
0.0013356
0.0013371
0.0013387
0.0013402
0.0013417
0.0013433
0.0013448
0.0013464
0.0013479
0.0013494
0.001351
0.0013525
0.001354
0.0013556
0.0013571
0.0013586
0.0013601
0.0013617
0.0013632
0.0013647
0.0013662
0.0013678
0.0013693
0.0013708
0.0013723
0.0013739
0.0013754
0.0013769
0.0013784
0.0013799
0.0013814
0.001383
0.0013845
0.001386
0.0013875
0.001389
0.0013905
0.001392
0.0013935
0.001395
0.0013965
0.0013981
0.0013996
0.0014011
0.0014026
0.0014041
0.0014056
0.0014071
0.0014086
0.00141
0.0014115
0.001413
0.0014145
0.001416
0.0014175
0.001419
0.0014205
0.001422
0.0014235
0.0014249
0.0014264
0.0014279
0.0014294
0.0014309
0.0014323
0.0014338
0.0014353
0.0014368
0.0014382
0.0014397
0.0014412
0.0014427
0.0014441
0.0014456
0.0014471
0.0014485
0.00145
0.0014514
0.0014529
0.0014544
0.0014558
0.0014573
0.0014587
0.0014602
0.0014616
0.0014631
0.0014645
0.001466
0.0014674
0.0014688
0.0014703
0.0014717
0.0014732
0.0014746
0.001476
0.0014775
0.0014789
0.0014803
0.0014817
0.0014832
0.0014846
0.001486
0.0014874
0.0014889
0.0014903
0.0014917
0.0014931
0.0014945
0.0014959
0.0014973
0.0014987
0.0015001
0.0015015
0.0015029
0.0015043
0.0015057
0.0015071
0.0015085
0.0015099
0.0015113
0.0015127
0.0015141
0.0015154
0.0015168
0.0015182
0.0015196
0.0015209
0.0015223
0.0015237
0.001525
0.0015264
0.0015278
0.0015291
0.0015305
0.0015318
0.0015332
0.0015345
0.0015359
0.0015372
0.0015386
0.0015399
0.0015413
0.0015426
0.0015439
0.0015453
0.0015466
0.0015479
0.0015492
0.0015506
0.0015519
0.0015532
0.0015545
0.0015558
0.0015571
0.0015584
0.0015597
0.001561
0.0015623
0.0015636
0.0015649
0.0015662
0.0015675
0.0015688
0.00157
0.0015713
0.0015726
0.0015739
0.0015751
0.0015764
0.0015776
0.0015789
0.0015802
0.0015814
0.0015827
0.0015839
0.0015852
0.0015864
0.0015876
0.0015889
0.0015901
0.0015913
0.0015925
0.0015938
0.001595
0.0015962
0.0015974
0.0015986
0.0015998
0.001601
0.0016022
0.0016034
0.0016046
0.0016058
0.001607
0.0016081
0.0016093
0.0016105
0.0016116
0.0016128
0.001614
0.0016151
0.0016163
0.0016174
0.0016186
0.0016197
0.0016208
0.001622
0.0016231
0.0016242
0.0016254
0.0016265
0.0016276
0.0016287
0.0016298
0.0016309
0.001632
0.0016331
0.0016342
0.0016353
0.0016363
0.0016374
0.0016385
0.0016395
0.0016406
0.0016417
0.0016427
0.0016438
0.0016448
0.0016458
0.0016469
0.0016479
0.0016489
0.0016499
0.001651
0.001652
0.001653
0.001654
0.001655
0.001656
0.001657
0.0016579
0.0016589
0.0016599
0.0016608
0.0016618
0.0016628
0.0016637
0.0016647
0.0016656
0.0016665
0.0016675
0.0016684
0.0016693
0.0016702
0.0016711
0.001672
0.0016729
0.0016738
0.0016747
0.0016756
0.0016764
0.0016773
0.0016782
0.001679
0.0016799
0.0016807
0.0016816
0.0016824
0.0016832
0.001684
0.0016849
0.0016857
0.0016865
0.0016873
0.0016881
0.0016888
0.0016896
0.0016904
0.0016911
0.0016919
0.0016927
0.0016934
0.0016941
0.0016949
0.0016956
0.0016963
0.001697
0.0016977
0.0016984
0.0016991
0.0016998
0.0017005
0.0017012
0.0017018
0.0017025
0.0017031
0.0017038
0.0017044
0.001705
0.0017057
0.0017063
0.0017069
0.0017075
0.0017081
0.0017086
0.0017092
0.0017098
0.0017104
0.0017109
0.0017115
0.001712
0.0017125
0.001713
0.0017136
0.0017141
0.0017146
0.0017151
0.0017155
0.001716
0.0017165
0.0017169
0.0017174
0.0017178
0.0017183
0.0017187
0.0017191
0.0017195
0.0017199
0.0017203
0.0017207
0.0017211
0.0017214
0.0017218
0.0017221
0.0017225
0.0017228
0.0017231
0.0017234
0.0017237
0.001724
0.0017243
0.0017246
0.0017248
0.0017251
0.0017253
0.0017256
0.0017258
0.001726
0.0017262
0.0017264
0.0017266
0.0017268
0.0017269
0.0017271
0.0017273
0.0017274
0.0017275
0.0017276
0.0017277
0.0017278
0.0017279
0.001728
0.0017281
0.0017281
0.0017282
0.0017282
0.0017282
0.0017282
0.0017283
0.0017282
0.0017282
0.0017282
0.0017282
0.0017281
0.001728
0.001728
0.0017279
0.0017278
0.0017277
0.0017276
0.0017274
0.0017273
0.0017271
0.001727
0.0017268
0.0017266
0.0017264
0.0017262
0.001726
0.0017257
0.0017255
0.0017252
0.0017249
0.0017247
0.0017244
0.0017241
0.0017237
0.0017234
0.001723
0.0017227
0.0017223
0.0017219
0.0017215
0.0017211
0.0017207
0.0017203
0.0017198
0.0017193
0.0017189
0.0017184
0.0017179
0.0017174
0.0017168
0.0017163
0.0017157
0.0017152
0.0017146
0.001714
0.0017134
0.0017127
0.0017121
0.0017114
0.0017108
0.0017101
0.0017094
0.0017087
0.001708
0.0017072
0.0017065
0.0017057
0.0017049
0.0017041
0.0017033
0.0017025
0.0017016
0.0017008
0.0016999
0.001699
0.0016981
0.0016972
0.0016963
0.0016953
0.0016943
0.0016934
0.0016924
0.0016913
0.0016903
0.0016893
0.0016882
0.0016871
0.001686
0.0016849
0.0016838
0.0016827
0.0016815
0.0016803
0.0016792
0.0016779
0.0016767
0.0016755
0.0016742
0.001673
0.0016717
0.0016704
0.001669
0.0016677
0.0016663
0.0016649
0.0016636
0.0016621
0.0016607
0.0016593
0.0016578
0.0016563
0.0016548
0.0016533
0.0016518
0.0016502
0.0016486
0.001647
0.0016454
0.0016438
0.0016421
0.0016405
0.0016388
0.0016371
0.0016354
0.0016336
0.0016319
0.0016301
0.0016283
0.0016265
0.0016246
0.0016228
0.0016209
0.001619
0.0016171
0.0016152
0.0016132
0.0016112
0.0016092
0.0016072
0.0016052
0.0016031
0.0016011
0.001599
0.0015968
0.0015947
0.0015926
0.0015904
0.0015882
0.001586
0.0015837
0.0015815
0.0015792
0.0015769
0.0015745
0.0015722
0.0015698
0.0015674
0.001565
0.0015626
0.0015601
0.0015577
0.0015552
0.0015526
0.0015501
0.0015475
0.0015449
0.0015423
0.0015397
0.001537
0.0015344
0.0015317
0.0015289
0.0015262
0.0015234
0.0015206
0.0015178
0.001515
0.0015121
0.0015092
0.0015063
0.0015034
0.0015004
0.0014975
0.0014944
0.0014914
0.0014884
0.0014853
0.0014822
0.0014791
0.0014759
0.0014727
0.0014695
0.0014663
0.0014631
0.0014598
0.0014565
0.0014532
0.0014498
0.0014465
0.0014431
0.0014396
0.0014362
0.0014327
0.0014292
0.0014257
0.0014221
0.0014185
0.0014149
0.0014113
0.0014077
0.001404
0.0014003
0.0013965
0.0013928
0.001389
0.0013852
0.0013813
0.0013774
0.0013735
0.0013696
0.0013657
0.0013617
0.0013577
0.0013537
0.0013496
0.0013455
0.0013414
0.0013372
0.0013331
0.0013289
0.0013246
0.0013204
0.0013161
0.0013118
0.0013074
0.0013031
0.0012987
0.0012942
0.0012898
0.0012853
0.0012808
0.0012762
0.0012717
0.0012671
0.0012624
0.0012578
0.0012531
0.0012483
0.0012436
0.0012388
0.001234
0.0012292
0.0012243
0.0012194
0.0012145
0.0012095
0.0012045
0.0011995
0.0011944
0.0011893
0.0011842
0.0011791
0.0011739
0.0011687
0.0011634
0.0011582
0.0011529
0.0011475
0.0011422
0.0011368
0.0011313
0.0011259
0.0011204
0.0011148
0.0011093
0.0011037
0.0010981
0.0010924
0.0010867
0.001081
0.0010752
0.0010694
0.0010636
0.0010578
0.0010519
0.0010459
0.00104
0.001034
0.001028
0.0010219
0.0010158
0.0010097
0.0010035
0.00099735
0.00099112
0.00098486
0.00097856
0.00097223
0.00096587
0.00095947
0.00095303
0.00094656
0.00094006
0.00093352
0.00092694
0.00092033
0.00091369
0.00090701
0.00090029
0.00089354
0.00088675
0.00087993
0.00087307
0.00086617
0.00085924
0.00085227
0.00084527
0.00083823
0.00083115
0.00082403
0.00081688
0.0008097
0.00080247
0.00079521
0.00078791
0.00078057
0.0007732
0.00076579
0.00075834
0.00075086
0.00074333
0.00073577
0.00072817
0.00072053
0.00071286
0.00070515
0.00069739
0.0006896
0.00068178
0.00067391
0.000666
0.00065806
0.00065007
0.00064205
0.00063399
0.00062589
0.00061775
0.00060957
0.00060135
0.00059309
0.0005848
0.00057646
0.00056809
0.00055966
0.00055121
0.00054271
0.00053418
0.00052559
0.00051699
0.00050831
0.00049963
0.00049087
0.00048211
0.00047327
0.00046443
0.0004555
0.00044659
0.00043757
0.00042858
0.00041947
0.00041041
0.0004012
0.00039207
0.00038277
0.00037356
0.00036417
0.00035489
0.00034541
0.00033604
0.00032647
0.00031702
0.00030737
0.00029783
0.0002881
0.00027847
0.00026866
0.00025893
0.00024906
0.00023922
0.00022928
0.00021933
0.00020934
0.00019926
0.00018922
0.00017902
0.00016893
0.0001586
0.00014846
0.000138
0.00012781
0.00011724
0.00010698
9.6308e-05
8.5958e-05
7.5206e-05
6.4751e-05
5.3934e-05
4.3354e-05
3.2492e-05
2.177e-05
1.0875e-05
