-0.054418
-0.069681
-0.077213
-0.081481
-0.083967
-0.085342
-0.085963
-0.086047
-0.085731
-0.085109
-0.084249
-0.083199
-0.081997
-0.080672
-0.079247
-0.07774
-0.076166
-0.074537
-0.072864
-0.071155
-0.069419
-0.06766
-0.065885
-0.064099
-0.062306
-0.060509
-0.058712
-0.056917
-0.055128
-0.053347
-0.051575
-0.049816
-0.048069
-0.046338
-0.044624
-0.042927
-0.04125
-0.039593
-0.037957
-0.036344
-0.034754
-0.033188
-0.031647
-0.030132
-0.028643
-0.027182
-0.025748
-0.024342
-0.022966
-0.021618
-0.020301
-0.019014
-0.017758
-0.016534
-0.015341
-0.01418
-0.013052
-0.011957
-0.010895
-0.0098673
-0.0088731
-0.0079133
-0.0069881
-0.0060979
-0.005243
-0.0044236
-0.00364
-0.0028925
-0.0021814
-0.0015069
-0.00086937
-0.00026894
0.00029409
0.0008195
0.001307
0.0017565
0.0021676
0.0025402
0.002874
0.0031688
0.0034244
0.0036406
0.0038173
0.003954
0.0040508
0.0041074
0.0041235
0.004099
0.0040337
0.0039275
0.00378
0.0035912
0.0033608
0.0030887
0.0027746
0.0024185
0.0020201
0.0015792
0.0010957
0.00056933
