-0.074324
-0.098177
-0.11192
-0.12132
-0.12831
-0.13377
-0.13815
-0.14176
-0.14477
-0.14731
-0.14947
-0.15131
-0.15289
-0.15424
-0.1554
-0.15639
-0.15724
-0.15795
-0.15855
-0.15904
-0.15944
-0.15976
-0.16
-0.16017
-0.16028
-0.16033
-0.16033
-0.16027
-0.16017
-0.16003
-0.15985
-0.15964
-0.15938
-0.1591
-0.15879
-0.15845
-0.15808
-0.15769
-0.15728
-0.15685
-0.15639
-0.15592
-0.15543
-0.15492
-0.1544
-0.15386
-0.15331
-0.15274
-0.15216
-0.15157
-0.15097
-0.15035
-0.14973
-0.1491
-0.14846
-0.14781
-0.14715
-0.14649
-0.14581
-0.14513
-0.14445
-0.14376
-0.14306
-0.14236
-0.14165
-0.14094
-0.14022
-0.1395
-0.13877
-0.13804
-0.13731
-0.13658
-0.13584
-0.1351
-0.13435
-0.13361
-0.13286
-0.13211
-0.13135
-0.1306
-0.12984
-0.12908
-0.12832
-0.12756
-0.1268
-0.12604
-0.12528
-0.12451
-0.12375
-0.12299
-0.12222
-0.12146
-0.12069
-0.11993
-0.11916
-0.1184
-0.11763
-0.11687
-0.1161
-0.11534
-0.11458
-0.11381
-0.11305
-0.11229
-0.11153
-0.11077
-0.11001
-0.10926
-0.1085
-0.10775
-0.10699
-0.10624
-0.10549
-0.10474
-0.10399
-0.10324
-0.1025
-0.10175
-0.10101
-0.10027
-0.099532
-0.098794
-0.098059
-0.097325
-0.096593
-0.095863
-0.095135
-0.094408
-0.093684
-0.092962
-0.092241
-0.091523
-0.090807
-0.090093
-0.089381
-0.088671
-0.087963
-0.087258
-0.086554
-0.085853
-0.085155
-0.084458
-0.083764
-0.083072
-0.082383
-0.081696
-0.081011
-0.080329
-0.079649
-0.078972
-0.078297
-0.077624
-0.076955
-0.076287
-0.075622
-0.07496
-0.0743
-0.073643
-0.072988
-0.072336
-0.071687
-0.07104
-0.070396
-0.069755
-0.069116
-0.06848
-0.067846
-0.067216
-0.066588
-0.065962
-0.06534
-0.06472
-0.064103
-0.063488
-0.062876
-0.062268
-0.061661
-0.061058
-0.060458
-0.05986
-0.059265
-0.058673
-0.058084
-0.057497
-0.056913
-0.056333
-0.055755
-0.055179
-0.054607
-0.054038
-0.053471
-0.052908
-0.052347
-0.051789
-0.051234
-0.050682
-0.050132
-0.049586
-0.049043
-0.048502
-0.047964
-0.04743
-0.046898
-0.046369
-0.045843
-0.04532
-0.0448
-0.044282
-0.043768
-0.043257
-0.042748
-0.042243
-0.04174
-0.041241
-0.040744
-0.04025
-0.03976
-0.039272
-0.038787
-0.038305
-0.037826
-0.03735
-0.036877
-0.036407
-0.03594
-0.035476
-0.035015
-0.034557
-0.034101
-0.033649
-0.0332
-0.032754
-0.03231
-0.03187
-0.031433
-0.030998
-0.030567
-0.030138
-0.029713
-0.02929
-0.028871
-0.028454
-0.028041
-0.02763
-0.027223
-0.026818
-0.026416
-0.026018
-0.025622
-0.025229
-0.02484
-0.024453
-0.024069
-0.023688
-0.023311
-0.022936
-0.022564
-0.022195
-0.021829
-0.021466
-0.021106
-0.020749
-0.020396
-0.020045
-0.019697
-0.019352
-0.01901
-0.018671
-0.018335
-0.018001
-0.017671
-0.017344
-0.01702
-0.016699
-0.016381
-0.016066
-0.015753
-0.015444
-0.015138
-0.014835
-0.014534
-0.014237
-0.013942
-0.013651
-0.013363
-0.013077
-0.012795
-0.012515
-0.012239
-0.011965
-0.011695
-0.011427
-0.011162
-0.010901
-0.010642
-0.010386
-0.010133
-0.0098836
-0.0096367
-0.0093929
-0.009152
-0.008914
-0.0086791
-0.0084471
-0.008218
-0.007992
-0.0077689
-0.0075487
-0.0073315
-0.0071173
-0.0069061
-0.0066978
-0.0064925
-0.0062901
-0.0060907
-0.0058942
-0.0057007
-0.0055102
-0.0053227
-0.0051381
-0.0049564
-0.0047777
-0.004602
-0.0044292
-0.0042594
-0.0040925
-0.0039286
-0.0037677
-0.0036097
-0.0034547
-0.0033026
-0.0031535
-0.0030073
-0.0028641
-0.0027239
-0.0025866
-0.0024522
-0.0023208
-0.0021924
-0.0020669
-0.0019444
-0.0018248
-0.0017082
-0.0015945
-0.0014838
-0.0013761
-0.0012713
-0.0011694
-0.0010705
-0.00097458
-0.00088158
-0.00079154
-0.00070446
-0.00062032
-0.00053914
-0.00046092
-0.00038564
-0.00031332
-0.00024395
-0.00017754
-0.00011407
-5.3565e-05
3.9903e-06
5.8592e-05
0.00011024
0.00015893
0.00020467
0.00024746
0.00028729
0.00032417
0.00035808
0.00038905
0.00041706
0.00044212
0.00046421
0.00048337
0.00049952
0.0005128
0.000523
0.00053042
0.00053463
0.00053624
0.00053438
0.00053026
0.00052226
0.00051251
0.00049822
0.00048297
0.00046229
0.00044164
0.00041447
0.00038847
0.00035484
0.00032336
0.0002835
0.00024617
0.00020057
0.00015681
0.0001061
5.5285e-05
