-0.00012338
-0.00024078
-0.00035242
-0.00045849
-0.00055919
-0.0006547
-0.0007452
-0.00083086
-0.00091186
-0.00098835
-0.0010605
-0.0011284
-0.0011923
-0.0012523
-0.0013085
-0.0013611
-0.0014101
-0.0014558
-0.0014981
-0.0015373
-0.0015735
-0.0016067
-0.0016371
-0.0016647
-0.0016896
-0.001712
-0.001732
-0.0017495
-0.0017648
-0.0017778
-0.0017887
-0.0017975
-0.0018044
-0.0018093
-0.0018123
-0.0018136
-0.0018132
-0.001811
-0.0018073
-0.001802
-0.0017952
-0.001787
-0.0017774
-0.0017665
-0.0017542
-0.0017407
-0.0017261
-0.0017102
-0.0016932
-0.0016752
-0.0016561
-0.0016361
-0.001615
-0.0015931
-0.0015702
-0.0015465
-0.001522
-0.0014966
-0.0014705
-0.0014437
-0.0014162
-0.001388
-0.0013591
-0.0013296
-0.0012995
-0.0012688
-0.0012376
-0.0012058
-0.0011736
-0.0011408
-0.0011076
-0.0010739
-0.0010398
-0.0010053
-0.00097043
-0.00093517
-0.00089956
-0.00086362
-0.00082736
-0.00079081
-0.00075396
-0.00071685
-0.00067949
-0.0006419
-0.00060408
-0.00056605
-0.00052783
-0.00048944
-0.00045088
-0.00041217
-0.00037332
-0.00033435
-0.00029527
-0.00025609
-0.00021684
-0.00017751
-0.00013812
-9.8689e-05
-5.9226e-05
-1.9744e-05
1.9744e-05
5.9226e-05
9.8689e-05
0.00013812
0.00017751
0.00021684
0.00025609
0.00029527
0.00033435
0.00037332
0.00041217
0.00045088
0.00048944
0.00052783
0.00056605
0.00060408
0.0006419
0.00067949
0.00071685
0.00075396
0.00079081
0.00082736
0.00086362
0.00089956
0.00093517
0.00097043
0.0010053
0.0010398
0.0010739
0.0011076
0.0011408
0.0011736
0.0012058
0.0012376
0.0012688
0.0012995
0.0013296
0.0013591
0.001388
0.0014162
0.0014437
0.0014705
0.0014966
0.001522
0.0015465
0.0015702
0.0015931
0.001615
0.0016361
0.0016561
0.0016752
0.0016932
0.0017102
0.0017261
0.0017407
0.0017542
0.0017665
0.0017774
0.001787
0.0017952
0.001802
0.0018073
0.001811
0.0018132
0.0018136
0.0018123
0.0018093
0.0018044
0.0017975
0.0017887
0.0017778
0.0017648
0.0017495
0.001732
0.001712
0.0016896
0.0016647
0.0016371
0.0016067
0.0015735
0.0015373
0.0014981
0.0014558
0.0014101
0.0013611
0.0013085
0.0012523
0.0011923
0.0011284
0.0010605
0.00098835
0.00091186
0.00083086
0.0007452
0.0006547
0.00055919
0.00045849
0.00035242
0.00024078
0.00012338
