-0.00095687
-0.0019137
-0.0028705
-0.0038272
-0.0047838
-0.0057403
-0.0066968
-0.0076531
-0.0086094
-0.0095654
-0.010521
-0.011477
-0.012433
-0.013388
-0.014343
-0.015298
-0.016253
-0.017208
-0.018162
-0.019116
-0.02007
-0.021023
-0.021976
-0.022929
-0.023882
-0.024834
-0.025786
-0.026737
-0.027688
-0.028639
-0.029589
-0.030539
-0.031488
-0.032437
-0.033386
-0.034334
-0.035282
-0.036229
-0.037176
-0.038121
-0.039067
-0.040012
-0.040957
-0.041901
-0.042844
-0.043787
-0.044729
-0.045671
-0.046612
-0.047552
-0.048492
-0.049431
-0.050369
-0.051307
-0.052244
-0.05318
-0.054116
-0.05505
-0.055985
-0.056918
-0.057851
-0.058782
-0.059714
-0.060643
-0.061573
-0.062501
-0.06343
-0.064356
-0.065282
-0.066207
-0.067132
-0.068055
-0.068978
-0.069899
-0.07082
-0.071739
-0.072658
-0.073576
-0.074493
-0.075408
-0.076323
-0.077237
-0.07815
-0.079061
-0.079972
-0.080881
-0.081791
-0.082698
-0.083604
-0.084509
-0.085414
-0.086316
-0.087219
-0.088119
-0.089019
-0.089917
-0.090815
-0.091711
-0.092606
-0.093499
-0.094392
-0.095283
-0.096173
-0.097061
-0.09795
-0.098835
-0.099721
-0.1006
-0.10149
-0.10237
-0.10325
-0.10412
-0.105
-0.10588
-0.10675
-0.10762
-0.1085
-0.10937
-0.11024
-0.1111
-0.11197
-0.11283
-0.1137
-0.11456
-0.11542
-0.11628
-0.11713
-0.11799
-0.11884
-0.11969
-0.12055
-0.12139
-0.12224
-0.12309
-0.12393
-0.12478
-0.12562
-0.12646
-0.1273
-0.12813
-0.12897
-0.1298
-0.13064
-0.13146
-0.13229
-0.13312
-0.13395
-0.13477
-0.13559
-0.13641
-0.13723
-0.13805
-0.13886
-0.13967
-0.14049
-0.1413
-0.1421
-0.14291
-0.14372
-0.14452
-0.14532
-0.14612
-0.14692
-0.14771
-0.1485
-0.1493
-0.15009
-0.15087
-0.15166
-0.15244
-0.15323
-0.15401
-0.15479
-0.15556
-0.15634
-0.15711
-0.15788
-0.15865
-0.15942
-0.16018
-0.16095
-0.16171
-0.16247
-0.16323
-0.16398
-0.16473
-0.16549
-0.16624
-0.16698
-0.16773
-0.16847
-0.16921
-0.16995
-0.17069
-0.17143
-0.17216
-0.17289
-0.17362
-0.17435
-0.17507
-0.17579
-0.17651
-0.17723
-0.17795
-0.17867
-0.17938
-0.18009
-0.1808
-0.1815
-0.18221
-0.18291
-0.18361
-0.1843
-0.185
-0.18569
-0.18638
-0.18707
-0.18776
-0.18844
-0.18913
-0.18981
-0.19048
-0.19116
-0.19183
-0.1925
-0.19317
-0.19384
-0.1945
-0.19517
-0.19583
-0.19648
-0.19714
-0.19779
-0.19844
-0.19909
-0.19974
-0.20038
-0.20102
-0.20167
-0.2023
-0.20294
-0.20357
-0.2042
-0.20483
-0.20546
-0.20608
-0.2067
-0.20732
-0.20794
-0.20855
-0.20916
-0.20977
-0.21038
-0.21098
-0.21159
-0.21219
-0.21279
-0.21338
-0.21397
-0.21456
-0.21515
-0.21574
-0.21632
-0.2169
-0.21749
-0.21806
-0.21864
-0.21921
-0.21978
-0.22034
-0.22091
-0.22147
-0.22203
-0.22259
-0.22315
-0.2237
-0.22425
-0.2248
-0.22534
-0.22589
-0.22643
-0.22697
-0.2275
-0.22804
-0.22857
-0.2291
-0.22962
-0.23015
-0.23067
-0.23119
-0.23171
-0.23222
-0.23273
-0.23324
-0.23375
-0.23425
-0.23476
-0.23525
-0.23575
-0.23625
-0.23674
-0.23723
-0.23772
-0.2382
-0.23869
-0.23917
-0.23965
-0.24012
-0.2406
-0.24106
-0.24153
-0.242
-0.24246
-0.24292
-0.24338
-0.24384
-0.24429
-0.24474
-0.24519
-0.24564
-0.24608
-0.24652
-0.24696
-0.2474
-0.24784
-0.24827
-0.2487
-0.24912
-0.24955
-0.24997
-0.25039
-0.25081
-0.25122
-0.25163
-0.25204
-0.25245
-0.25286
-0.25326
-0.25366
-0.25406
-0.25445
-0.25485
-0.25524
-0.25562
-0.25601
-0.25639
-0.25678
-0.25715
-0.25753
-0.2579
-0.25828
-0.25864
-0.25901
-0.25937
-0.25974
-0.2601
-0.26045
-0.26081
-0.26116
-0.26151
-0.26186
-0.2622
-0.26254
-0.26288
-0.26322
-0.26356
-0.26389
-0.26422
-0.26455
-0.26488
-0.2652
-0.26552
-0.26584
-0.26616
-0.26647
-0.26678
-0.26709
-0.2674
-0.2677
-0.26801
-0.26831
-0.2686
-0.2689
-0.26919
-0.26948
-0.26977
-0.27006
-0.27034
-0.27062
-0.2709
-0.27118
-0.27145
-0.27173
-0.272
-0.27226
-0.27253
-0.27279
-0.27305
-0.27331
-0.27357
-0.27382
-0.27407
-0.27432
-0.27457
-0.27482
-0.27506
-0.2753
-0.27554
-0.27577
-0.276
-0.27624
-0.27647
-0.27669
-0.27692
-0.27714
-0.27736
-0.27758
-0.27779
-0.27801
-0.27822
-0.27843
-0.27863
-0.27884
-0.27904
-0.27924
-0.27944
-0.27964
-0.27983
-0.28002
-0.28021
-0.2804
-0.28058
-0.28077
-0.28095
-0.28113
-0.2813
-0.28148
-0.28165
-0.28182
-0.28199
-0.28215
-0.28232
-0.28248
-0.28264
-0.2828
-0.28295
-0.28311
-0.28326
-0.28341
-0.28355
-0.2837
-0.28384
-0.28398
-0.28412
-0.28426
-0.28439
-0.28453
-0.28466
-0.28479
-0.28491
-0.28504
-0.28516
-0.28528
-0.2854
-0.28551
-0.28563
-0.28574
-0.28585
-0.28596
-0.28607
-0.28617
-0.28627
-0.28638
-0.28647
-0.28657
-0.28666
-0.28676
-0.28685
-0.28694
-0.28702
-0.28711
-0.28719
-0.28728
-0.28735
-0.28743
-0.28751
-0.28758
-0.28765
-0.28772
-0.28779
-0.28786
-0.28792
-0.28799
-0.28804
-0.2881
-0.28816
-0.28822
-0.28827
-0.28832
-0.28837
-0.28842
-0.28846
-0.28851
-0.28855
-0.28859
-0.28863
-0.28867
-0.2887
-0.28874
-0.28877
-0.2888
-0.28883
-0.28885
-0.28888
-0.2889
-0.28892
-0.28894
-0.28896
-0.28898
-0.28899
-0.289
-0.28901
-0.28902
-0.28903
-0.28904
-0.28904
-0.28904
-0.28905
-0.28905
-0.28904
-0.28904
-0.28903
-0.28903
-0.28902
-0.28901
-0.28899
-0.28898
-0.28896
-0.28895
-0.28893
-0.28891
-0.28889
-0.28886
-0.28884
-0.28881
-0.28878
-0.28876
-0.28872
-0.28869
-0.28866
-0.28862
-0.28858
-0.28855
-0.2885
-0.28846
-0.28842
-0.28838
-0.28833
-0.28828
-0.28823
-0.28818
-0.28813
-0.28807
-0.28802
-0.28796
-0.2879
-0.28785
-0.28778
-0.28772
-0.28766
-0.28759
-0.28753
-0.28746
-0.28739
-0.28732
-0.28724
-0.28717
-0.2871
-0.28702
-0.28694
-0.28686
-0.28678
-0.2867
-0.28662
-0.28653
-0.28645
-0.28636
-0.28627
-0.28618
-0.28609
-0.286
-0.2859
-0.28581
-0.28571
-0.28561
-0.28551
-0.28542
-0.28531
-0.28521
-0.28511
-0.285
-0.28489
-0.28479
-0.28468
-0.28457
-0.28446
-0.28434
-0.28423
-0.28411
-0.284
-0.28388
-0.28376
-0.28364
-0.28352
-0.2834
-0.28327
-0.28315
-0.28302
-0.2829
-0.28277
-0.28264
-0.28251
-0.28238
-0.28224
-0.28211
-0.28197
-0.28184
-0.2817
-0.28156
-0.28142
-0.28128
-0.28114
-0.281
-0.28086
-0.28071
-0.28056
-0.28042
-0.28027
-0.28012
-0.27997
-0.27982
-0.27967
-0.27951
-0.27936
-0.2792
-0.27905
-0.27889
-0.27873
-0.27857
-0.27841
-0.27825
-0.27809
-0.27793
-0.27776
-0.2776
-0.27743
-0.27726
-0.27709
-0.27692
-0.27675
-0.27658
-0.27641
-0.27624
-0.27606
-0.27589
-0.27571
-0.27554
-0.27536
-0.27518
-0.275
-0.27482
-0.27464
-0.27446
-0.27428
-0.27409
-0.27391
-0.27372
-0.27354
-0.27335
-0.27316
-0.27297
-0.27278
-0.27259
-0.2724
-0.27221
-0.27201
-0.27182
-0.27162
-0.27143
-0.27123
-0.27104
-0.27084
-0.27064
-0.27044
-0.27024
-0.27004
-0.26984
-0.26963
-0.26943
-0.26922
-0.26902
-0.26881
-0.26861
-0.2684
-0.26819
-0.26798
-0.26777
-0.26756
-0.26735
-0.26714
-0.26693
-0.26671
-0.2665
-0.26628
-0.26607
-0.26585
-0.26564
-0.26542
-0.2652
-0.26498
-0.26476
-0.26454
-0.26432
-0.2641
-0.26388
-0.26366
-0.26343
-0.26321
-0.26298
-0.26276
-0.26253
-0.2623
-0.26208
-0.26185
-0.26162
-0.26139
-0.26116
-0.26093
-0.2607
-0.26047
-0.26024
-0.26
-0.25977
-0.25953
-0.2593
-0.25906
-0.25883
-0.25859
-0.25836
-0.25812
-0.25788
-0.25764
-0.2574
-0.25716
-0.25692
-0.25668
-0.25644
-0.2562
-0.25595
-0.25571
-0.25547
-0.25522
-0.25498
-0.25473
-0.25449
-0.25424
-0.25399
-0.25375
-0.2535
-0.25325
-0.253
-0.25275
-0.2525
-0.25225
-0.252
-0.25175
-0.2515
-0.25124
-0.25099
-0.25074
-0.25048
-0.25023
-0.24998
-0.24972
-0.24946
-0.24921
-0.24895
-0.24869
-0.24844
-0.24818
-0.24792
-0.24766
-0.2474
-0.24714
-0.24688
-0.24662
-0.24636
-0.2461
-0.24584
-0.24558
-0.24531
-0.24505
-0.24479
-0.24452
-0.24426
-0.244
-0.24373
-0.24347
-0.2432
-0.24293
-0.24267
-0.2424
-0.24213
-0.24187
-0.2416
-0.24133
-0.24106
-0.24079
-0.24052
-0.24025
-0.23998
-0.23971
-0.23944
-0.23917
-0.2389
-0.23862
-0.23835
-0.23808
-0.23781
-0.23753
-0.23726
-0.23699
-0.23671
-0.23644
-0.23616
-0.23589
-0.23561
-0.23533
-0.23506
-0.23478
-0.2345
-0.23423
-0.23395
-0.23367
-0.23339
-0.23312
-0.23284
-0.23256
-0.23228
-0.232
-0.23172
-0.23144
-0.23116
-0.23088
-0.2306
-0.23031
-0.23003
-0.22975
-0.22947
-0.22919
-0.2289
-0.22862
-0.22834
-0.22805
-0.22777
-0.22749
-0.2272
-0.22692
-0.22663
-0.22635
-0.22606
-0.22578
-0.22549
-0.2252
-0.22492
-0.22463
-0.22435
-0.22406
-0.22377
-0.22348
-0.2232
-0.22291
-0.22262
-0.22233
-0.22204
-0.22175
-0.22146
-0.22118
-0.22089
-0.2206
-0.22031
-0.22002
-0.21973
-0.21944
-0.21914
-0.21885
-0.21856
-0.21827
-0.21798
-0.21769
-0.2174
-0.2171
-0.21681
-0.21652
-0.21623
-0.21593
-0.21564
-0.21535
-0.21505
-0.21476
-0.21447
-0.21417
-0.21388
-0.21358
-0.21329
-0.21299
-0.2127
-0.2124
-0.21211
-0.21181
-0.21152
-0.21122
-0.21092
-0.21063
-0.21033
-0.21004
-0.20974
-0.20944
-0.20915
-0.20885
-0.20855
-0.20825
-0.20796
-0.20766
-0.20736
-0.20706
-0.20676
-0.20647
-0.20617
-0.20587
-0.20557
-0.20527
-0.20497
-0.20467
-0.20437
-0.20407
-0.20377
-0.20348
-0.20318
-0.20288
-0.20258
-0.20227
-0.20197
-0.20167
-0.20137
-0.20107
-0.20077
-0.20047
-0.20017
-0.19987
-0.19957
-0.19927
-0.19896
-0.19866
-0.19836
-0.19806
-0.19776
-0.19745
-0.19715
-0.19685
-0.19655
-0.19624
-0.19594
-0.19564
-0.19534
-0.19503
-0.19473
-0.19443
-0.19412
-0.19382
-0.19352
-0.19321
-0.19291
-0.1926
-0.1923
-0.192
-0.19169
-0.19139
-0.19108
-0.19078
-0.19047
-0.19017
-0.18987
-0.18956
-0.18926
-0.18895
-0.18865
-0.18834
-0.18803
-0.18773
-0.18742
-0.18712
-0.18681
-0.18651
-0.1862
-0.1859
-0.18559
-0.18528
-0.18498
-0.18467
-0.18436
-0.18406
-0.18375
-0.18345
-0.18314
-0.18283
-0.18253
-0.18222
-0.18191
-0.18161
-0.1813
-0.18099
-0.18068
-0.18038
-0.18007
-0.17976
-0.17945
-0.17915
-0.17884
-0.17853
-0.17822
-0.17792
-0.17761
-0.1773
-0.17699
-0.17669
-0.17638
-0.17607
-0.17576
-0.17545
-0.17514
-0.17484
-0.17453
-0.17422
-0.17391
-0.1736
-0.17329
-0.17298
-0.17268
-0.17237
-0.17206
-0.17175
-0.17144
-0.17113
-0.17082
-0.17051
-0.1702
-0.16989
-0.16959
-0.16928
-0.16897
-0.16866
-0.16835
-0.16804
-0.16773
-0.16742
-0.16711
-0.1668
-0.16649
-0.16618
-0.16587
-0.16556
-0.16525
-0.16494
-0.16463
-0.16432
-0.16401
-0.1637
-0.16339
-0.16308
-0.16277
-0.16246
-0.16215
-0.16184
-0.16153
-0.16122
-0.16091
-0.1606
-0.16029
-0.15998
-0.15967
-0.15936
-0.15904
-0.15873
-0.15842
-0.15811
-0.1578
-0.15749
-0.15718
-0.15687
-0.15656
-0.15625
-0.15594
-0.15562
-0.15531
-0.155
-0.15469
-0.15438
-0.15407
-0.15376
-0.15345
-0.15313
-0.15282
-0.15251
-0.1522
-0.15189
-0.15158
-0.15127
-0.15096
-0.15064
-0.15033
-0.15002
-0.14971
-0.1494
-0.14909
-0.14877
-0.14846
-0.14815
-0.14784
-0.14753
-0.14721
-0.1469
-0.14659
-0.14628
-0.14597
-0.14566
-0.14534
-0.14503
-0.14472
-0.14441
-0.1441
-0.14378
-0.14347
-0.14316
-0.14285
-0.14254
-0.14222
-0.14191
-0.1416
-0.14129
-0.14097
-0.14066
-0.14035
-0.14004
-0.13973
-0.13941
-0.1391
-0.13879
-0.13848
-0.13816
-0.13785
-0.13754
-0.13723
-0.13691
-0.1366
-0.13629
-0.13598
-0.13566
-0.13535
-0.13504
-0.13473
-0.13441
-0.1341
-0.13379
-0.13348
-0.13316
-0.13285
-0.13254
-0.13222
-0.13191
-0.1316
-0.13129
-0.13097
-0.13066
-0.13035
-0.13003
-0.12972
-0.12941
-0.1291
-0.12878
-0.12847
-0.12816
-0.12784
-0.12753
-0.12722
-0.12691
-0.12659
-0.12628
-0.12597
-0.12565
-0.12534
-0.12503
-0.12472
-0.1244
-0.12409
-0.12378
-0.12346
-0.12315
-0.12284
-0.12252
-0.12221
-0.1219
-0.12158
-0.12127
-0.12096
-0.12065
-0.12033
-0.12002
-0.11971
-0.11939
-0.11908
-0.11877
-0.11845
-0.11814
-0.11783
-0.11751
-0.1172
-0.11689
-0.11657
-0.11626
-0.11595
-0.11563
-0.11532
-0.11501
-0.11469
-0.11438
-0.11407
-0.11375
-0.11344
-0.11313
-0.11281
-0.1125
-0.11219
-0.11187
-0.11156
-0.11125
-0.11093
-0.11062
-0.11031
-0.10999
-0.10968
-0.10937
-0.10905
-0.10874
-0.10843
-0.10811
-0.1078
-0.10749
-0.10717
-0.10686
-0.10655
-0.10623
-0.10592
-0.1056
-0.10529
-0.10498
-0.10466
-0.10435
-0.10404
-0.10372
-0.10341
-0.1031
-0.10278
-0.10247
-0.10216
-0.10184
-0.10153
-0.10122
-0.1009
-0.10059
-0.10027
-0.099961
-0.099647
-0.099334
-0.09902
-0.098707
-0.098393
-0.098079
-0.097766
-0.097452
-0.097139
-0.096825
-0.096511
-0.096198
-0.095884
-0.09557
-0.095257
-0.094943
-0.094629
-0.094316
-0.094002
-0.093688
-0.093375
-0.093061
-0.092747
-0.092434
-0.09212
-0.091806
-0.091493
-0.091179
-0.090865
-0.090552
-0.090238
-0.089924
-0.089611
-0.089297
-0.088983
-0.088669
-0.088356
-0.088042
-0.087728
-0.087415
-0.087101
-0.086787
-0.086473
-0.08616
-0.085846
-0.085532
-0.085218
-0.084905
-0.084591
-0.084277
-0.083963
-0.08365
-0.083336
-0.083022
-0.082708
-0.082395
-0.082081
-0.081767
-0.081453
-0.08114
-0.080826
-0.080512
-0.080198
-0.079884
-0.079571
-0.079257
-0.078943
-0.078629
-0.078316
-0.078002
-0.077688
-0.077374
-0.07706
-0.076747
-0.076433
-0.076119
-0.075805
-0.075491
-0.075178
-0.074864
-0.07455
-0.074236
-0.073922
-0.073608
-0.073295
-0.072981
-0.072667
-0.072353
-0.072039
-0.071726
-0.071412
-0.071098
-0.070784
-0.07047
-0.070156
-0.069843
-0.069529
-0.069215
-0.068901
-0.068587
-0.068273
-0.06796
-0.067646
-0.067332
-0.067018
-0.066704
-0.06639
-0.066076
-0.065763
-0.065449
-0.065135
-0.064821
-0.064507
-0.064193
-0.063879
-0.063566
-0.063252
-0.062938
-0.062624
-0.06231
-0.061996
-0.061682
-0.061369
-0.061055
-0.060741
-0.060427
-0.060113
-0.059799
-0.059485
-0.059172
-0.058858
-0.058544
-0.05823
-0.057916
-0.057602
-0.057288
-0.056974
-0.056661
-0.056347
-0.056033
-0.055719
-0.055405
-0.055091
-0.054777
-0.054463
-0.05415
-0.053836
-0.053522
-0.053208
-0.052894
-0.05258
-0.052266
-0.051952
-0.051638
-0.051325
-0.051011
-0.050697
-0.050383
-0.050069
-0.049755
-0.049441
-0.049127
-0.048813
-0.0485
-0.048186
-0.047872
-0.047558
-0.047244
-0.04693
-0.046616
-0.046302
-0.045988
-0.045675
-0.045361
-0.045047
-0.044733
-0.044419
-0.044105
-0.043791
-0.043477
-0.043163
-0.042849
-0.042536
-0.042222
-0.041908
-0.041594
-0.04128
-0.040966
-0.040652
-0.040338
-0.040024
-0.03971
-0.039397
-0.039083
-0.038769
-0.038455
-0.038141
-0.037827
-0.037513
-0.037199
-0.036885
-0.036571
-0.036257
-0.035944
-0.03563
-0.035316
-0.035002
-0.034688
-0.034374
-0.03406
-0.033746
-0.033432
-0.033118
-0.032804
-0.032491
-0.032177
-0.031863
-0.031549
-0.031235
-0.030921
-0.030607
-0.030293
-0.029979
-0.029665
-0.029351
-0.029038
-0.028724
-0.02841
-0.028096
-0.027782
-0.027468
-0.027154
-0.02684
-0.026526
-0.026212
-0.025898
-0.025584
-0.025271
-0.024957
-0.024643
-0.024329
-0.024015
-0.023701
-0.023387
-0.023073
-0.022759
-0.022445
-0.022131
-0.021817
-0.021504
-0.02119
-0.020876
-0.020562
-0.020248
-0.019934
-0.01962
-0.019306
-0.018992
-0.018678
-0.018364
-0.01805
-0.017737
-0.017423
-0.017109
-0.016795
-0.016481
-0.016167
-0.015853
-0.015539
-0.015225
-0.014911
-0.014597
-0.014283
-0.013969
-0.013656
-0.013342
-0.013028
-0.012714
-0.0124
-0.012086
-0.011772
-0.011458
-0.011144
-0.01083
-0.010516
-0.010202
-0.0098885
-0.0095746
-0.0092607
-0.0089468
-0.0086328
-0.0083189
-0.008005
-0.0076911
-0.0073772
-0.0070632
-0.0067493
-0.0064354
-0.0061215
-0.0058076
-0.0054936
-0.0051797
-0.0048658
-0.0045519
-0.0042379
-0.003924
-0.0036101
-0.0032962
-0.0029823
-0.0026683
-0.0023544
-0.0020405
-0.0017266
-0.0014126
-0.0010987
-0.0007848
-0.00047088
-0.00015696
0.00015696
0.00047088
0.0007848
0.0010987
0.0014126
0.0017266
0.0020405
0.0023544
0.0026683
0.0029823
0.0032962
0.0036101
0.003924
0.0042379
0.0045519
0.0048658
0.0051797
0.0054936
0.0058076
0.0061215
0.0064354
0.0067493
0.0070632
0.0073772
0.0076911
0.008005
0.0083189
0.0086328
0.0089468
0.0092607
0.0095746
0.0098885
0.010202
0.010516
0.01083
0.011144
0.011458
0.011772
0.012086
0.0124
0.012714
0.013028
0.013342
0.013656
0.013969
0.014283
0.014597
0.014911
0.015225
0.015539
0.015853
0.016167
0.016481
0.016795
0.017109
0.017423
0.017737
0.01805
0.018364
0.018678
0.018992
0.019306
0.01962
0.019934
0.020248
0.020562
0.020876
0.02119
0.021504
0.021817
0.022131
0.022445
0.022759
0.023073
0.023387
0.023701
0.024015
0.024329
0.024643
0.024957
0.025271
0.025584
0.025898
0.026212
0.026526
0.02684
0.027154
0.027468
0.027782
0.028096
0.02841
0.028724
0.029038
0.029351
0.029665
0.029979
0.030293
0.030607
0.030921
0.031235
0.031549
0.031863
0.032177
0.032491
0.032804
0.033118
0.033432
0.033746
0.03406
0.034374
0.034688
0.035002
0.035316
0.03563
0.035944
0.036257
0.036571
0.036885
0.037199
0.037513
0.037827
0.038141
0.038455
0.038769
0.039083
0.039397
0.03971
0.040024
0.040338
0.040652
0.040966
0.04128
0.041594
0.041908
0.042222
0.042536
0.042849
0.043163
0.043477
0.043791
0.044105
0.044419
0.044733
0.045047
0.045361
0.045675
0.045988
0.046302
0.046616
0.04693
0.047244
0.047558
0.047872
0.048186
0.0485
0.048813
0.049127
0.049441
0.049755
0.050069
0.050383
0.050697
0.051011
0.051325
0.051638
0.051952
0.052266
0.05258
0.052894
0.053208
0.053522
0.053836
0.05415
0.054463
0.054777
0.055091
0.055405
0.055719
0.056033
0.056347
0.056661
0.056974
0.057288
0.057602
0.057916
0.05823
0.058544
0.058858
0.059172
0.059485
0.059799
0.060113
0.060427
0.060741
0.061055
0.061369
0.061682
0.061996
0.06231
0.062624
0.062938
0.063252
0.063566
0.063879
0.064193
0.064507
0.064821
0.065135
0.065449
0.065763
0.066076
0.06639
0.066704
0.067018
0.067332
0.067646
0.06796
0.068273
0.068587
0.068901
0.069215
0.069529
0.069843
0.070156
0.07047
0.070784
0.071098
0.071412
0.071726
0.072039
0.072353
0.072667
0.072981
0.073295
0.073608
0.073922
0.074236
0.07455
0.074864
0.075178
0.075491
0.075805
0.076119
0.076433
0.076747
0.07706
0.077374
0.077688
0.078002
0.078316
0.078629
0.078943
0.079257
0.079571
0.079884
0.080198
0.080512
0.080826
0.08114
0.081453
0.081767
0.082081
0.082395
0.082708
0.083022
0.083336
0.08365
0.083963
0.084277
0.084591
0.084905
0.085218
0.085532
0.085846
0.08616
0.086473
0.086787
0.087101
0.087415
0.087728
0.088042
0.088356
0.088669
0.088983
0.089297
0.089611
0.089924
0.090238
0.090552
0.090865
0.091179
0.091493
0.091806
0.09212
0.092434
0.092747
0.093061
0.093375
0.093688
0.094002
0.094316
0.094629
0.094943
0.095257
0.09557
0.095884
0.096198
0.096511
0.096825
0.097139
0.097452
0.097766
0.098079
0.098393
0.098707
0.09902
0.099334
0.099647
0.099961
0.10027
0.10059
0.1009
0.10122
0.10153
0.10184
0.10216
0.10247
0.10278
0.1031
0.10341
0.10372
0.10404
0.10435
0.10466
0.10498
0.10529
0.1056
0.10592
0.10623
0.10655
0.10686
0.10717
0.10749
0.1078
0.10811
0.10843
0.10874
0.10905
0.10937
0.10968
0.10999
0.11031
0.11062
0.11093
0.11125
0.11156
0.11187
0.11219
0.1125
0.11281
0.11313
0.11344
0.11375
0.11407
0.11438
0.11469
0.11501
0.11532
0.11563
0.11595
0.11626
0.11657
0.11689
0.1172
0.11751
0.11783
0.11814
0.11845
0.11877
0.11908
0.11939
0.11971
0.12002
0.12033
0.12065
0.12096
0.12127
0.12158
0.1219
0.12221
0.12252
0.12284
0.12315
0.12346
0.12378
0.12409
0.1244
0.12472
0.12503
0.12534
0.12565
0.12597
0.12628
0.12659
0.12691
0.12722
0.12753
0.12784
0.12816
0.12847
0.12878
0.1291
0.12941
0.12972
0.13003
0.13035
0.13066
0.13097
0.13129
0.1316
0.13191
0.13222
0.13254
0.13285
0.13316
0.13348
0.13379
0.1341
0.13441
0.13473
0.13504
0.13535
0.13566
0.13598
0.13629
0.1366
0.13691
0.13723
0.13754
0.13785
0.13816
0.13848
0.13879
0.1391
0.13941
0.13973
0.14004
0.14035
0.14066
0.14097
0.14129
0.1416
0.14191
0.14222
0.14254
0.14285
0.14316
0.14347
0.14378
0.1441
0.14441
0.14472
0.14503
0.14534
0.14566
0.14597
0.14628
0.14659
0.1469
0.14721
0.14753
0.14784
0.14815
0.14846
0.14877
0.14909
0.1494
0.14971
0.15002
0.15033
0.15064
0.15096
0.15127
0.15158
0.15189
0.1522
0.15251
0.15282
0.15313
0.15345
0.15376
0.15407
0.15438
0.15469
0.155
0.15531
0.15562
0.15594
0.15625
0.15656
0.15687
0.15718
0.15749
0.1578
0.15811
0.15842
0.15873
0.15904
0.15936
0.15967
0.15998
0.16029
0.1606
0.16091
0.16122
0.16153
0.16184
0.16215
0.16246
0.16277
0.16308
0.16339
0.1637
0.16401
0.16432
0.16463
0.16494
0.16525
0.16556
0.16587
0.16618
0.16649
0.1668
0.16711
0.16742
0.16773
0.16804
0.16835
0.16866
0.16897
0.16928
0.16959
0.16989
0.1702
0.17051
0.17082
0.17113
0.17144
0.17175
0.17206
0.17237
0.17268
0.17298
0.17329
0.1736
0.17391
0.17422
0.17453
0.17484
0.17514
0.17545
0.17576
0.17607
0.17638
0.17669
0.17699
0.1773
0.17761
0.17792
0.17822
0.17853
0.17884
0.17915
0.17945
0.17976
0.18007
0.18038
0.18068
0.18099
0.1813
0.18161
0.18191
0.18222
0.18253
0.18283
0.18314
0.18345
0.18375
0.18406
0.18436
0.18467
0.18498
0.18528
0.18559
0.1859
0.1862
0.18651
0.18681
0.18712
0.18742
0.18773
0.18803
0.18834
0.18865
0.18895
0.18926
0.18956
0.18987
0.19017
0.19047
0.19078
0.19108
0.19139
0.19169
0.192
0.1923
0.1926
0.19291
0.19321
0.19352
0.19382
0.19412
0.19443
0.19473
0.19503
0.19534
0.19564
0.19594
0.19624
0.19655
0.19685
0.19715
0.19745
0.19776
0.19806
0.19836
0.19866
0.19896
0.19927
0.19957
0.19987
0.20017
0.20047
0.20077
0.20107
0.20137
0.20167
0.20197
0.20227
0.20258
0.20288
0.20318
0.20348
0.20377
0.20407
0.20437
0.20467
0.20497
0.20527
0.20557
0.20587
0.20617
0.20647
0.20676
0.20706
0.20736
0.20766
0.20796
0.20825
0.20855
0.20885
0.20915
0.20944
0.20974
0.21004
0.21033
0.21063
0.21092
0.21122
0.21152
0.21181
0.21211
0.2124
0.2127
0.21299
0.21329
0.21358
0.21388
0.21417
0.21447
0.21476
0.21505
0.21535
0.21564
0.21593
0.21623
0.21652
0.21681
0.2171
0.2174
0.21769
0.21798
0.21827
0.21856
0.21885
0.21914
0.21944
0.21973
0.22002
0.22031
0.2206
0.22089
0.22118
0.22146
0.22175
0.22204
0.22233
0.22262
0.22291
0.2232
0.22348
0.22377
0.22406
0.22435
0.22463
0.22492
0.2252
0.22549
0.22578
0.22606
0.22635
0.22663
0.22692
0.2272
0.22749
0.22777
0.22805
0.22834
0.22862
0.2289
0.22919
0.22947
0.22975
0.23003
0.23031
0.2306
0.23088
0.23116
0.23144
0.23172
0.232
0.23228
0.23256
0.23284
0.23312
0.23339
0.23367
0.23395
0.23423
0.2345
0.23478
0.23506
0.23533
0.23561
0.23589
0.23616
0.23644
0.23671
0.23699
0.23726
0.23753
0.23781
0.23808
0.23835
0.23862
0.2389
0.23917
0.23944
0.23971
0.23998
0.24025
0.24052
0.24079
0.24106
0.24133
0.2416
0.24187
0.24213
0.2424
0.24267
0.24293
0.2432
0.24347
0.24373
0.244
0.24426
0.24452
0.24479
0.24505
0.24531
0.24558
0.24584
0.2461
0.24636
0.24662
0.24688
0.24714
0.2474
0.24766
0.24792
0.24818
0.24844
0.24869
0.24895
0.24921
0.24946
0.24972
0.24998
0.25023
0.25048
0.25074
0.25099
0.25124
0.2515
0.25175
0.252
0.25225
0.2525
0.25275
0.253
0.25325
0.2535
0.25375
0.25399
0.25424
0.25449
0.25473
0.25498
0.25522
0.25547
0.25571
0.25595
0.2562
0.25644
0.25668
0.25692
0.25716
0.2574
0.25764
0.25788
0.25812
0.25836
0.25859
0.25883
0.25906
0.2593
0.25953
0.25977
0.26
0.26024
0.26047
0.2607
0.26093
0.26116
0.26139
0.26162
0.26185
0.26208
0.2623
0.26253
0.26276
0.26298
0.26321
0.26343
0.26366
0.26388
0.2641
0.26432
0.26454
0.26476
0.26498
0.2652
0.26542
0.26564
0.26585
0.26607
0.26628
0.2665
0.26671
0.26693
0.26714
0.26735
0.26756
0.26777
0.26798
0.26819
0.2684
0.26861
0.26881
0.26902
0.26922
0.26943
0.26963
0.26984
0.27004
0.27024
0.27044
0.27064
0.27084
0.27104
0.27123
0.27143
0.27162
0.27182
0.27201
0.27221
0.2724
0.27259
0.27278
0.27297
0.27316
0.27335
0.27354
0.27372
0.27391
0.27409
0.27428
0.27446
0.27464
0.27482
0.275
0.27518
0.27536
0.27554
0.27571
0.27589
0.27606
0.27624
0.27641
0.27658
0.27675
0.27692
0.27709
0.27726
0.27743
0.2776
0.27776
0.27793
0.27809
0.27825
0.27841
0.27857
0.27873
0.27889
0.27905
0.2792
0.27936
0.27951
0.27967
0.27982
0.27997
0.28012
0.28027
0.28042
0.28056
0.28071
0.28086
0.281
0.28114
0.28128
0.28142
0.28156
0.2817
0.28184
0.28197
0.28211
0.28224
0.28238
0.28251
0.28264
0.28277
0.2829
0.28302
0.28315
0.28327
0.2834
0.28352
0.28364
0.28376
0.28388
0.284
0.28411
0.28423
0.28434
0.28446
0.28457
0.28468
0.28479
0.28489
0.285
0.28511
0.28521
0.28531
0.28542
0.28551
0.28561
0.28571
0.28581
0.2859
0.286
0.28609
0.28618
0.28627
0.28636
0.28645
0.28653
0.28662
0.2867
0.28678
0.28686
0.28694
0.28702
0.2871
0.28717
0.28724
0.28732
0.28739
0.28746
0.28753
0.28759
0.28766
0.28772
0.28778
0.28785
0.2879
0.28796
0.28802
0.28807
0.28813
0.28818
0.28823
0.28828
0.28833
0.28838
0.28842
0.28846
0.2885
0.28855
0.28858
0.28862
0.28866
0.28869
0.28872
0.28876
0.28878
0.28881
0.28884
0.28886
0.28889
0.28891
0.28893
0.28895
0.28896
0.28898
0.28899
0.28901
0.28902
0.28903
0.28903
0.28904
0.28904
0.28905
0.28905
0.28904
0.28904
0.28904
0.28903
0.28902
0.28901
0.289
0.28899
0.28898
0.28896
0.28894
0.28892
0.2889
0.28888
0.28885
0.28883
0.2888
0.28877
0.28874
0.2887
0.28867
0.28863
0.28859
0.28855
0.28851
0.28846
0.28842
0.28837
0.28832
0.28827
0.28822
0.28816
0.2881
0.28804
0.28799
0.28792
0.28786
0.28779
0.28772
0.28765
0.28758
0.28751
0.28743
0.28735
0.28728
0.28719
0.28711
0.28702
0.28694
0.28685
0.28676
0.28666
0.28657
0.28647
0.28638
0.28627
0.28617
0.28607
0.28596
0.28585
0.28574
0.28563
0.28551
0.2854
0.28528
0.28516
0.28504
0.28491
0.28479
0.28466
0.28453
0.28439
0.28426
0.28412
0.28398
0.28384
0.2837
0.28355
0.28341
0.28326
0.28311
0.28295
0.2828
0.28264
0.28248
0.28232
0.28215
0.28199
0.28182
0.28165
0.28148
0.2813
0.28113
0.28095
0.28077
0.28058
0.2804
0.28021
0.28002
0.27983
0.27964
0.27944
0.27924
0.27904
0.27884
0.27863
0.27843
0.27822
0.27801
0.27779
0.27758
0.27736
0.27714
0.27692
0.27669
0.27647
0.27624
0.276
0.27577
0.27554
0.2753
0.27506
0.27482
0.27457
0.27432
0.27407
0.27382
0.27357
0.27331
0.27305
0.27279
0.27253
0.27226
0.272
0.27173
0.27145
0.27118
0.2709
0.27062
0.27034
0.27006
0.26977
0.26948
0.26919
0.2689
0.2686
0.26831
0.26801
0.2677
0.2674
0.26709
0.26678
0.26647
0.26616
0.26584
0.26552
0.2652
0.26488
0.26455
0.26422
0.26389
0.26356
0.26322
0.26288
0.26254
0.2622
0.26186
0.26151
0.26116
0.26081
0.26045
0.2601
0.25974
0.25937
0.25901
0.25864
0.25828
0.2579
0.25753
0.25715
0.25678
0.25639
0.25601
0.25562
0.25524
0.25485
0.25445
0.25406
0.25366
0.25326
0.25286
0.25245
0.25204
0.25163
0.25122
0.25081
0.25039
0.24997
0.24955
0.24912
0.2487
0.24827
0.24784
0.2474
0.24696
0.24652
0.24608
0.24564
0.24519
0.24474
0.24429
0.24384
0.24338
0.24292
0.24246
0.242
0.24153
0.24106
0.2406
0.24012
0.23965
0.23917
0.23869
0.2382
0.23772
0.23723
0.23674
0.23625
0.23575
0.23525
0.23476
0.23425
0.23375
0.23324
0.23273
0.23222
0.23171
0.23119
0.23067
0.23015
0.22962
0.2291
0.22857
0.22804
0.2275
0.22697
0.22643
0.22589
0.22534
0.2248
0.22425
0.2237
0.22315
0.22259
0.22203
0.22147
0.22091
0.22034
0.21978
0.21921
0.21864
0.21806
0.21749
0.2169
0.21632
0.21574
0.21515
0.21456
0.21397
0.21338
0.21279
0.21219
0.21159
0.21098
0.21038
0.20977
0.20916
0.20855
0.20794
0.20732
0.2067
0.20608
0.20546
0.20483
0.2042
0.20357
0.20294
0.2023
0.20167
0.20102
0.20038
0.19974
0.19909
0.19844
0.19779
0.19714
0.19648
0.19583
0.19517
0.1945
0.19384
0.19317
0.1925
0.19183
0.19116
0.19048
0.18981
0.18913
0.18844
0.18776
0.18707
0.18638
0.18569
0.185
0.1843
0.18361
0.18291
0.18221
0.1815
0.1808
0.18009
0.17938
0.17867
0.17795
0.17723
0.17651
0.17579
0.17507
0.17435
0.17362
0.17289
0.17216
0.17143
0.17069
0.16995
0.16921
0.16847
0.16773
0.16698
0.16624
0.16549
0.16473
0.16398
0.16323
0.16247
0.16171
0.16095
0.16018
0.15942
0.15865
0.15788
0.15711
0.15634
0.15556
0.15479
0.15401
0.15323
0.15244
0.15166
0.15087
0.15009
0.1493
0.1485
0.14771
0.14692
0.14612
0.14532
0.14452
0.14372
0.14291
0.1421
0.1413
0.14049
0.13967
0.13886
0.13805
0.13723
0.13641
0.13559
0.13477
0.13395
0.13312
0.13229
0.13146
0.13064
0.1298
0.12897
0.12813
0.1273
0.12646
0.12562
0.12478
0.12393
0.12309
0.12224
0.12139
0.12055
0.11969
0.11884
0.11799
0.11713
0.11628
0.11542
0.11456
0.1137
0.11283
0.11197
0.1111
0.11024
0.10937
0.1085
0.10762
0.10675
0.10588
0.105
0.10412
0.10325
0.10237
0.10149
0.1006
0.099721
0.098835
0.09795
0.097061
0.096173
0.095283
0.094392
0.093499
0.092606
0.091711
0.090815
0.089917
0.089019
0.088119
0.087219
0.086316
0.085414
0.084509
0.083604
0.082698
0.081791
0.080881
0.079972
0.079061
0.07815
0.077237
0.076323
0.075408
0.074493
0.073576
0.072658
0.071739
0.07082
0.069899
0.068978
0.068055
0.067132
0.066207
0.065282
0.064356
0.06343
0.062501
0.061573
0.060643
0.059714
0.058782
0.057851
0.056918
0.055985
0.05505
0.054116
0.05318
0.052244
0.051307
0.050369
0.049431
0.048492
0.047552
0.046612
0.045671
0.044729
0.043787
0.042844
0.041901
0.040957
0.040012
0.039067
0.038121
0.037176
0.036229
0.035282
0.034334
0.033386
0.032437
0.031488
0.030539
0.029589
0.028639
0.027688
0.026737
0.025786
0.024834
0.023882
0.022929
0.021976
0.021023
0.02007
0.019116
0.018162
0.017208
0.016253
0.015298
0.014343
0.013388
0.012433
0.011477
0.010521
0.0095654
0.0086094
0.0076531
0.0066968
0.0057403
0.0047838
0.0038272
0.0028705
0.0019137
0.00095687
