-0.00020251
-0.00039889
-0.00058921
-0.00077354
-0.00095193
-0.0011245
-0.0012912
-0.0014522
-0.0016075
-0.0017572
-0.0019013
-0.0020399
-0.0021732
-0.002301
-0.0024236
-0.0025409
-0.0026531
-0.0027602
-0.0028622
-0.0029592
-0.0030513
-0.0031386
-0.003221
-0.0032987
-0.0033718
-0.0034402
-0.0035041
-0.0035636
-0.0036186
-0.0036692
-0.0037155
-0.0037577
-0.0037956
-0.0038294
-0.0038592
-0.003885
-0.0039069
-0.0039249
-0.0039391
-0.0039496
-0.0039564
-0.0039596
-0.0039592
-0.0039554
-0.0039481
-0.0039375
-0.0039235
-0.0039063
-0.0038859
-0.0038624
-0.0038358
-0.0038062
-0.0037737
-0.0037383
-0.0037001
-0.0036591
-0.0036155
-0.0035692
-0.0035203
-0.003469
-0.0034151
-0.0033589
-0.0033004
-0.0032395
-0.0031765
-0.0031114
-0.0030441
-0.0029748
-0.0029036
-0.0028304
-0.0027554
-0.0026787
-0.0026002
-0.00252
-0.0024383
-0.002355
-0.0022702
-0.002184
-0.0020964
-0.0020076
-0.0019175
-0.0018262
-0.0017339
-0.0016404
-0.001546
-0.0014506
-0.0013544
-0.0012573
-0.0011595
-0.001061
-0.00096187
-0.00086216
-0.00076193
-0.00066126
-0.00056019
-0.00045879
-0.00035712
-0.00025523
-0.0001532
-5.1077e-05
5.1077e-05
0.0001532
0.00025523
0.00035712
0.00045879
0.00056019
0.00066126
0.00076193
0.00086216
0.00096187
0.001061
0.0011595
0.0012573
0.0013544
0.0014506
0.001546
0.0016404
0.0017339
0.0018262
0.0019175
0.0020076
0.0020964
0.002184
0.0022702
0.002355
0.0024383
0.00252
0.0026002
0.0026787
0.0027554
0.0028304
0.0029036
0.0029748
0.0030441
0.0031114
0.0031765
0.0032395
0.0033004
0.0033589
0.0034151
0.003469
0.0035203
0.0035692
0.0036155
0.0036591
0.0037001
0.0037383
0.0037737
0.0038062
0.0038358
0.0038624
0.0038859
0.0039063
0.0039235
0.0039375
0.0039481
0.0039554
0.0039592
0.0039596
0.0039564
0.0039496
0.0039391
0.0039249
0.0039069
0.003885
0.0038592
0.0038294
0.0037956
0.0037577
0.0037155
0.0036692
0.0036186
0.0035636
0.0035041
0.0034402
0.0033718
0.0032987
0.003221
0.0031386
0.0030513
0.0029592
0.0028622
0.0027602
0.0026531
0.0025409
0.0024236
0.002301
0.0021732
0.0020399
0.0019013
0.0017572
0.0016075
0.0014522
0.0012912
0.0011245
0.00095193
0.00077354
0.00058921
0.00039889
0.00020251
