-3.1523e-05
-6.2659e-05
-9.3413e-05
-0.00012379
-0.00015379
-0.00018341
-0.00021267
-0.00024156
-0.00027008
-0.00029825
-0.00032606
-0.00035352
-0.00038062
-0.00040738
-0.00043379
-0.00045987
-0.0004856
-0.000511
-0.00053607
-0.00056081
-0.00058522
-0.00060931
-0.00063308
-0.00065653
-0.00067966
-0.00070248
-0.00072499
-0.0007472
-0.0007691
-0.0007907
-0.000812
-0.00083301
-0.00085372
-0.00087414
-0.00089427
-0.00091412
-0.00093368
-0.00095297
-0.00097197
-0.0009907
-0.0010092
-0.0010273
-0.0010453
-0.0010629
-0.0010803
-0.0010974
-0.0011143
-0.0011309
-0.0011472
-0.0011633
-0.0011792
-0.0011948
-0.0012101
-0.0012252
-0.0012401
-0.0012547
-0.0012691
-0.0012833
-0.0012972
-0.0013109
-0.0013244
-0.0013376
-0.0013506
-0.0013634
-0.001376
-0.0013883
-0.0014005
-0.0014124
-0.0014241
-0.0014356
-0.0014469
-0.001458
-0.0014688
-0.0014795
-0.0014899
-0.0015002
-0.0015103
-0.0015201
-0.0015298
-0.0015393
-0.0015486
-0.0015577
-0.0015666
-0.0015753
-0.0015838
-0.0015922
-0.0016004
-0.0016084
-0.0016162
-0.0016238
-0.0016313
-0.0016386
-0.0016457
-0.0016526
-0.0016594
-0.001666
-0.0016724
-0.0016787
-0.0016848
-0.0016908
-0.0016966
-0.0017022
-0.0017077
-0.001713
-0.0017182
-0.0017232
-0.001728
-0.0017327
-0.0017373
-0.0017417
-0.001746
-0.0017501
-0.001754
-0.0017579
-0.0017616
-0.0017651
-0.0017685
-0.0017718
-0.0017749
-0.0017779
-0.0017808
-0.0017835
-0.0017861
-0.0017886
-0.0017909
-0.0017931
-0.0017952
-0.0017972
-0.001799
-0.0018007
-0.0018023
-0.0018038
-0.0018051
-0.0018064
-0.0018075
-0.0018085
-0.0018093
-0.0018101
-0.0018107
-0.0018113
-0.0018117
-0.001812
-0.0018122
-0.0018123
-0.0018123
-0.0018121
-0.0018119
-0.0018116
-0.0018111
-0.0018106
-0.0018099
-0.0018092
-0.0018083
-0.0018074
-0.0018063
-0.0018052
-0.001804
-0.0018026
-0.0018012
-0.0017997
-0.001798
-0.0017963
-0.0017945
-0.0017926
-0.0017906
-0.0017885
-0.0017864
-0.0017841
-0.0017818
-0.0017794
-0.0017769
-0.0017743
-0.0017716
-0.0017688
-0.001766
-0.001763
-0.00176
-0.0017569
-0.0017538
-0.0017505
-0.0017472
-0.0017438
-0.0017403
-0.0017368
-0.0017331
-0.0017294
-0.0017257
-0.0017218
-0.0017179
-0.0017139
-0.0017098
-0.0017057
-0.0017015
-0.0016972
-0.0016929
-0.0016885
-0.001684
-0.0016795
-0.0016748
-0.0016702
-0.0016654
-0.0016606
-0.0016558
-0.0016508
-0.0016458
-0.0016408
-0.0016357
-0.0016305
-0.0016253
-0.00162
-0.0016146
-0.0016092
-0.0016037
-0.0015982
-0.0015926
-0.001587
-0.0015813
-0.0015755
-0.0015697
-0.0015639
-0.001558
-0.001552
-0.001546
-0.0015399
-0.0015338
-0.0015276
-0.0015214
-0.0015151
-0.0015088
-0.0015024
-0.001496
-0.0014895
-0.001483
-0.0014765
-0.0014698
-0.0014632
-0.0014565
-0.0014497
-0.0014429
-0.0014361
-0.0014292
-0.0014223
-0.0014153
-0.0014083
-0.0014013
-0.0013942
-0.001387
-0.0013799
-0.0013727
-0.0013654
-0.0013581
-0.0013508
-0.0013434
-0.001336
-0.0013285
-0.001321
-0.0013135
-0.0013059
-0.0012983
-0.0012907
-0.001283
-0.0012753
-0.0012676
-0.0012598
-0.001252
-0.0012441
-0.0012362
-0.0012283
-0.0012204
-0.0012124
-0.0012044
-0.0011963
-0.0011883
-0.0011802
-0.001172
-0.0011639
-0.0011557
-0.0011474
-0.0011392
-0.0011309
-0.0011226
-0.0011142
-0.0011058
-0.0010974
-0.001089
-0.0010806
-0.0010721
-0.0010636
-0.001055
-0.0010465
-0.0010379
-0.0010293
-0.0010206
-0.001012
-0.0010033
-0.00099455
-0.00098581
-0.00097705
-0.00096827
-0.00095946
-0.00095063
-0.00094177
-0.0009329
-0.000924
-0.00091508
-0.00090614
-0.00089718
-0.0008882
-0.0008792
-0.00087017
-0.00086113
-0.00085206
-0.00084298
-0.00083388
-0.00082476
-0.00081562
-0.00080646
-0.00079728
-0.00078809
-0.00077888
-0.00076965
-0.0007604
-0.00075113
-0.00074185
-0.00073256
-0.00072324
-0.00071391
-0.00070457
-0.00069521
-0.00068583
-0.00067644
-0.00066703
-0.00065761
-0.00064818
-0.00063873
-0.00062926
-0.00061979
-0.0006103
-0.0006008
-0.00059128
-0.00058175
-0.00057221
-0.00056266
-0.00055309
-0.00054351
-0.00053393
-0.00052433
-0.00051471
-0.00050509
-0.00049546
-0.00048582
-0.00047616
-0.0004665
-0.00045683
-0.00044715
-0.00043745
-0.00042775
-0.00041804
-0.00040832
-0.0003986
-0.00038886
-0.00037912
-0.00036937
-0.00035961
-0.00034984
-0.00034007
-0.00033029
-0.0003205
-0.00031071
-0.00030091
-0.0002911
-0.00028129
-0.00027147
-0.00026165
-0.00025182
-0.00024198
-0.00023214
-0.0002223
-0.00021245
-0.0002026
-0.00019274
-0.00018288
-0.00017302
-0.00016315
-0.00015328
-0.0001434
-0.00013353
-0.00012365
-0.00011376
-0.00010388
-9.3992e-05
-8.4103e-05
-7.4213e-05
-6.4321e-05
-5.4427e-05
-4.4533e-05
-3.4638e-05
-2.4742e-05
-1.4845e-05
-4.9485e-06
4.9485e-06
1.4845e-05
2.4742e-05
3.4638e-05
4.4533e-05
5.4427e-05
6.4321e-05
7.4213e-05
8.4103e-05
9.3992e-05
0.00010388
0.00011376
0.00012365
0.00013353
0.0001434
0.00015328
0.00016315
0.00017302
0.00018288
0.00019274
0.0002026
0.00021245
0.0002223
0.00023214
0.00024198
0.00025182
0.00026165
0.00027147
0.00028129
0.0002911
0.00030091
0.00031071
0.0003205
0.00033029
0.00034007
0.00034984
0.00035961
0.00036937
0.00037912
0.00038886
0.0003986
0.00040832
0.00041804
0.00042775
0.00043745
0.00044715
0.00045683
0.0004665
0.00047616
0.00048582
0.00049546
0.00050509
0.00051471
0.00052433
0.00053393
0.00054351
0.00055309
0.00056266
0.00057221
0.00058175
0.00059128
0.0006008
0.0006103
0.00061979
0.00062926
0.00063873
0.00064818
0.00065761
0.00066703
0.00067644
0.00068583
0.00069521
0.00070457
0.00071391
0.00072324
0.00073256
0.00074185
0.00075113
0.0007604
0.00076965
0.00077888
0.00078809
0.00079728
0.00080646
0.00081562
0.00082476
0.00083388
0.00084298
0.00085206
0.00086113
0.00087017
0.0008792
0.0008882
0.00089718
0.00090614
0.00091508
0.000924
0.0009329
0.00094177
0.00095063
0.00095946
0.00096827
0.00097705
0.00098581
0.00099455
0.0010033
0.001012
0.0010206
0.0010293
0.0010379
0.0010465
0.001055
0.0010636
0.0010721
0.0010806
0.001089
0.0010974
0.0011058
0.0011142
0.0011226
0.0011309
0.0011392
0.0011474
0.0011557
0.0011639
0.001172
0.0011802
0.0011883
0.0011963
0.0012044
0.0012124
0.0012204
0.0012283
0.0012362
0.0012441
0.001252
0.0012598
0.0012676
0.0012753
0.001283
0.0012907
0.0012983
0.0013059
0.0013135
0.001321
0.0013285
0.001336
0.0013434
0.0013508
0.0013581
0.0013654
0.0013727
0.0013799
0.001387
0.0013942
0.0014013
0.0014083
0.0014153
0.0014223
0.0014292
0.0014361
0.0014429
0.0014497
0.0014565
0.0014632
0.0014698
0.0014765
0.001483
0.0014895
0.001496
0.0015024
0.0015088
0.0015151
0.0015214
0.0015276
0.0015338
0.0015399
0.001546
0.001552
0.001558
0.0015639
0.0015697
0.0015755
0.0015813
0.001587
0.0015926
0.0015982
0.0016037
0.0016092
0.0016146
0.00162
0.0016253
0.0016305
0.0016357
0.0016408
0.0016458
0.0016508
0.0016558
0.0016606
0.0016654
0.0016702
0.0016748
0.0016795
0.001684
0.0016885
0.0016929
0.0016972
0.0017015
0.0017057
0.0017098
0.0017139
0.0017179
0.0017218
0.0017257
0.0017294
0.0017331
0.0017368
0.0017403
0.0017438
0.0017472
0.0017505
0.0017538
0.0017569
0.00176
0.001763
0.001766
0.0017688
0.0017716
0.0017743
0.0017769
0.0017794
0.0017818
0.0017841
0.0017864
0.0017885
0.0017906
0.0017926
0.0017945
0.0017963
0.001798
0.0017997
0.0018012
0.0018026
0.001804
0.0018052
0.0018063
0.0018074
0.0018083
0.0018092
0.0018099
0.0018106
0.0018111
0.0018116
0.0018119
0.0018121
0.0018123
0.0018123
0.0018122
0.001812
0.0018117
0.0018113
0.0018107
0.0018101
0.0018093
0.0018085
0.0018075
0.0018064
0.0018051
0.0018038
0.0018023
0.0018007
0.001799
0.0017972
0.0017952
0.0017931
0.0017909
0.0017886
0.0017861
0.0017835
0.0017808
0.0017779
0.0017749
0.0017718
0.0017685
0.0017651
0.0017616
0.0017579
0.001754
0.0017501
0.001746
0.0017417
0.0017373
0.0017327
0.001728
0.0017232
0.0017182
0.001713
0.0017077
0.0017022
0.0016966
0.0016908
0.0016848
0.0016787
0.0016724
0.001666
0.0016594
0.0016526
0.0016457
0.0016386
0.0016313
0.0016238
0.0016162
0.0016084
0.0016004
0.0015922
0.0015838
0.0015753
0.0015666
0.0015577
0.0015486
0.0015393
0.0015298
0.0015201
0.0015103
0.0015002
0.0014899
0.0014795
0.0014688
0.001458
0.0014469
0.0014356
0.0014241
0.0014124
0.0014005
0.0013883
0.001376
0.0013634
0.0013506
0.0013376
0.0013244
0.0013109
0.0012972
0.0012833
0.0012691
0.0012547
0.0012401
0.0012252
0.0012101
0.0011948
0.0011792
0.0011633
0.0011472
0.0011309
0.0011143
0.0010974
0.0010803
0.0010629
0.0010453
0.0010273
0.0010092
0.0009907
0.00097197
0.00095297
0.00093368
0.00091412
0.00089427
0.00087414
0.00085372
0.00083301
0.000812
0.0007907
0.0007691
0.0007472
0.00072499
0.00070248
0.00067966
0.00065653
0.00063308
0.00060931
0.00058522
0.00056081
0.00053607
0.000511
0.0004856
0.00045987
0.00043379
0.00040738
0.00038062
0.00035352
0.00032606
0.00029825
0.00027008
0.00024156
0.00021267
0.00018341
0.00015379
0.00012379
9.3413e-05
6.2659e-05
3.1523e-05
