-9.5393e-05
-0.00018924
-0.00028156
-0.00037235
-0.00046163
-0.00054941
-0.0006357
-0.00072051
-0.00080385
-0.00088573
-0.00096615
-0.0010451
-0.0011227
-0.0011988
-0.0012736
-0.0013469
-0.0014189
-0.0014894
-0.0015586
-0.0016264
-0.0016929
-0.0017581
-0.0018219
-0.0018844
-0.0019456
-0.0020055
-0.0020641
-0.0021214
-0.0021774
-0.0022322
-0.0022858
-0.002338
-0.0023891
-0.0024389
-0.0024875
-0.002535
-0.0025812
-0.0026262
-0.00267
-0.0027127
-0.0027542
-0.0027946
-0.0028338
-0.0028719
-0.0029089
-0.0029447
-0.0029795
-0.0030131
-0.0030457
-0.0030771
-0.0031075
-0.0031369
-0.0031652
-0.0031924
-0.0032186
-0.0032438
-0.0032679
-0.0032911
-0.0033132
-0.0033344
-0.0033545
-0.0033737
-0.0033919
-0.0034092
-0.0034255
-0.0034409
-0.0034553
-0.0034688
-0.0034814
-0.003493
-0.0035038
-0.0035137
-0.0035226
-0.0035307
-0.003538
-0.0035443
-0.0035498
-0.0035545
-0.0035583
-0.0035613
-0.0035635
-0.0035648
-0.0035654
-0.0035651
-0.0035641
-0.0035622
-0.0035596
-0.0035562
-0.0035521
-0.0035472
-0.0035416
-0.0035352
-0.0035281
-0.0035202
-0.0035117
-0.0035024
-0.0034924
-0.0034818
-0.0034704
-0.0034584
-0.0034457
-0.0034323
-0.0034183
-0.0034037
-0.0033884
-0.0033724
-0.0033558
-0.0033386
-0.0033208
-0.0033024
-0.0032834
-0.0032638
-0.0032436
-0.0032228
-0.0032015
-0.0031796
-0.0031571
-0.0031341
-0.0031106
-0.0030865
-0.0030619
-0.0030367
-0.0030111
-0.0029849
-0.0029583
-0.0029311
-0.0029035
-0.0028754
-0.0028468
-0.0028177
-0.0027882
-0.0027582
-0.0027278
-0.002697
-0.0026657
-0.002634
-0.0026018
-0.0025693
-0.0025364
-0.002503
-0.0024693
-0.0024352
-0.0024007
-0.0023658
-0.0023306
-0.002295
-0.002259
-0.0022228
-0.0021861
-0.0021492
-0.0021119
-0.0020743
-0.0020364
-0.0019982
-0.0019597
-0.0019209
-0.0018818
-0.0018424
-0.0018028
-0.0017628
-0.0017227
-0.0016823
-0.0016416
-0.0016007
-0.0015595
-0.0015182
-0.0014766
-0.0014348
-0.0013928
-0.0013506
-0.0013082
-0.0012656
-0.0012228
-0.0011799
-0.0011367
-0.0010935
-0.00105
-0.0010064
-0.00096271
-0.00091885
-0.00087485
-0.00083073
-0.0007865
-0.00074215
-0.00069769
-0.00065314
-0.0006085
-0.00056377
-0.00051896
-0.00047408
-0.00042913
-0.00038412
-0.00033905
-0.00029394
-0.00024879
-0.0002036
-0.00015839
-0.00011315
-6.7897e-05
-2.2633e-05
2.2633e-05
6.7897e-05
0.00011315
0.00015839
0.0002036
0.00024879
0.00029394
0.00033905
0.00038412
0.00042913
0.00047408
0.00051896
0.00056377
0.0006085
0.00065314
0.00069769
0.00074215
0.0007865
0.00083073
0.00087485
0.00091885
0.00096271
0.0010064
0.00105
0.0010935
0.0011367
0.0011799
0.0012228
0.0012656
0.0013082
0.0013506
0.0013928
0.0014348
0.0014766
0.0015182
0.0015595
0.0016007
0.0016416
0.0016823
0.0017227
0.0017628
0.0018028
0.0018424
0.0018818
0.0019209
0.0019597
0.0019982
0.0020364
0.0020743
0.0021119
0.0021492
0.0021861
0.0022228
0.002259
0.002295
0.0023306
0.0023658
0.0024007
0.0024352
0.0024693
0.002503
0.0025364
0.0025693
0.0026018
0.002634
0.0026657
0.002697
0.0027278
0.0027582
0.0027882
0.0028177
0.0028468
0.0028754
0.0029035
0.0029311
0.0029583
0.0029849
0.0030111
0.0030367
0.0030619
0.0030865
0.0031106
0.0031341
0.0031571
0.0031796
0.0032015
0.0032228
0.0032436
0.0032638
0.0032834
0.0033024
0.0033208
0.0033386
0.0033558
0.0033724
0.0033884
0.0034037
0.0034183
0.0034323
0.0034457
0.0034584
0.0034704
0.0034818
0.0034924
0.0035024
0.0035117
0.0035202
0.0035281
0.0035352
0.0035416
0.0035472
0.0035521
0.0035562
0.0035596
0.0035622
0.0035641
0.0035651
0.0035654
0.0035648
0.0035635
0.0035613
0.0035583
0.0035545
0.0035498
0.0035443
0.003538
0.0035307
0.0035226
0.0035137
0.0035038
0.003493
0.0034814
0.0034688
0.0034553
0.0034409
0.0034255
0.0034092
0.0033919
0.0033737
0.0033545
0.0033344
0.0033132
0.0032911
0.0032679
0.0032438
0.0032186
0.0031924
0.0031652
0.0031369
0.0031075
0.0030771
0.0030457
0.0030131
0.0029795
0.0029447
0.0029089
0.0028719
0.0028338
0.0027946
0.0027542
0.0027127
0.00267
0.0026262
0.0025812
0.002535
0.0024875
0.0024389
0.0023891
0.002338
0.0022858
0.0022322
0.0021774
0.0021214
0.0020641
0.0020055
0.0019456
0.0018844
0.0018219
0.0017581
0.0016929
0.0016264
0.0015586
0.0014894
0.0014189
0.0013469
0.0012736
0.0011988
0.0011227
0.0010451
0.00096615
0.00088573
0.00080385
0.00072051
0.0006357
0.00054941
0.00046163
0.00037235
0.00028156
0.00018924
9.5393e-05
