-0.051205
-0.066789
-0.075288
-0.080769
-0.084583
-0.087346
-0.089385
-0.090899
-0.092014
-0.092818
-0.093373
-0.093725
-0.093907
-0.093947
-0.093867
-0.093682
-0.093409
-0.093057
-0.092636
-0.092156
-0.091622
-0.091041
-0.090418
-0.089757
-0.089063
-0.088338
-0.087586
-0.08681
-0.086012
-0.085195
-0.084359
-0.083508
-0.082642
-0.081763
-0.080873
-0.079972
-0.079062
-0.078144
-0.077219
-0.076288
-0.075351
-0.074409
-0.073463
-0.072514
-0.071561
-0.070607
-0.069651
-0.068694
-0.067736
-0.066778
-0.065819
-0.064862
-0.063905
-0.062949
-0.061995
-0.061043
-0.060093
-0.059145
-0.0582
-0.057258
-0.056319
-0.055383
-0.054451
-0.053523
-0.052599
-0.051679
-0.050764
-0.049853
-0.048946
-0.048045
-0.047149
-0.046257
-0.045371
-0.044491
-0.043616
-0.042747
-0.041884
-0.041027
-0.040175
-0.03933
-0.038491
-0.037659
-0.036833
-0.036014
-0.035201
-0.034395
-0.033596
-0.032803
-0.032018
-0.03124
-0.030469
-0.029705
-0.028949
-0.0282
-0.027458
-0.026724
-0.025998
-0.025279
-0.024568
-0.023864
-0.023169
-0.022481
-0.021801
-0.02113
-0.020466
-0.01981
-0.019163
-0.018524
-0.017893
-0.01727
-0.016656
-0.01605
-0.015452
-0.014863
-0.014283
-0.013711
-0.013148
-0.012593
-0.012048
-0.011511
-0.010982
-0.010463
-0.0099522
-0.0094505
-0.0089577
-0.0084739
-0.0079992
-0.0075335
-0.0070769
-0.0066294
-0.0061911
-0.0057619
-0.005342
-0.0049314
-0.00453
-0.004138
-0.0037553
-0.003382
-0.0030181
-0.0026637
-0.0023188
-0.0019834
-0.0016575
-0.0013412
-0.0010345
-0.00073745
-0.00045005
-0.00017233
9.5667e-05
0.00035392
0.0006024
0.00084107
0.0010699
0.0012889
0.001498
0.0016972
0.0018865
0.0020658
0.0022351
0.0023944
0.0025436
0.0026828
0.0028119
0.0029308
0.0030397
0.0031383
0.0032268
0.003305
0.003373
0.0034308
0.0034782
0.0035153
0.0035421
0.0035585
0.0035646
0.0035602
0.0035454
0.0035201
0.0034844
0.0034381
0.0033813
0.003314
0.0032361
0.0031476
0.0030485
0.0029387
0.0028183
0.0026872
0.0025453
0.0023929
0.0022294
0.0020555
0.0018704
0.0016749
0.0014681
0.001251
0.0010223
0.00078346
0.00053304
0.00027213
