-0.03487
-0.045788
-0.051941
-0.056063
-0.059064
-0.061356
-0.063159
-0.064606
-0.065783
-0.066749
-0.067543
-0.068199
-0.068737
-0.069177
-0.069533
-0.069816
-0.070035
-0.070199
-0.070314
-0.070384
-0.070416
-0.070412
-0.070376
-0.070312
-0.070222
-0.070107
-0.069971
-0.069815
-0.069641
-0.069449
-0.069242
-0.069021
-0.068786
-0.068539
-0.06828
-0.06801
-0.067731
-0.067442
-0.067144
-0.066839
-0.066525
-0.066205
-0.065878
-0.065545
-0.065205
-0.064861
-0.064511
-0.064157
-0.063798
-0.063434
-0.063067
-0.062696
-0.062321
-0.061944
-0.061563
-0.061179
-0.060793
-0.060404
-0.060013
-0.059619
-0.059224
-0.058826
-0.058427
-0.058026
-0.057624
-0.05722
-0.056815
-0.056409
-0.056001
-0.055593
-0.055184
-0.054774
-0.054363
-0.053951
-0.053539
-0.053127
-0.052714
-0.0523
-0.051886
-0.051473
-0.051058
-0.050644
-0.05023
-0.049816
-0.049401
-0.048987
-0.048573
-0.048159
-0.047746
-0.047332
-0.046919
-0.046507
-0.046095
-0.045683
-0.045271
-0.04486
-0.04445
-0.04404
-0.043631
-0.043223
-0.042815
-0.042408
-0.042002
-0.041596
-0.041191
-0.040787
-0.040384
-0.039982
-0.03958
-0.03918
-0.03878
-0.038381
-0.037984
-0.037587
-0.037191
-0.036797
-0.036403
-0.036011
-0.035619
-0.035229
-0.03484
-0.034452
-0.034065
-0.03368
-0.033295
-0.032912
-0.03253
-0.032149
-0.03177
-0.031392
-0.031015
-0.030639
-0.030265
-0.029892
-0.029521
-0.02915
-0.028782
-0.028414
-0.028048
-0.027684
-0.02732
-0.026959
-0.026598
-0.02624
-0.025882
-0.025526
-0.025172
-0.024819
-0.024468
-0.024118
-0.02377
-0.023423
-0.023078
-0.022734
-0.022392
-0.022051
-0.021712
-0.021375
-0.021039
-0.020705
-0.020373
-0.020042
-0.019713
-0.019385
-0.019059
-0.018735
-0.018413
-0.018092
-0.017773
-0.017455
-0.017139
-0.016825
-0.016513
-0.016202
-0.015894
-0.015587
-0.015281
-0.014978
-0.014676
-0.014376
-0.014077
-0.013781
-0.013486
-0.013193
-0.012902
-0.012613
-0.012325
-0.012039
-0.011756
-0.011474
-0.011193
-0.010915
-0.010639
-0.010364
-0.010091
-0.0098203
-0.0095513
-0.0092842
-0.0090189
-0.0087556
-0.0084941
-0.0082345
-0.0079769
-0.0077211
-0.0074673
-0.0072154
-0.0069654
-0.0067174
-0.0064713
-0.0062272
-0.005985
-0.0057447
-0.0055064
-0.0052701
-0.0050358
-0.0048034
-0.004573
-0.0043446
-0.0041182
-0.0038937
-0.0036713
-0.0034509
-0.0032325
-0.0030161
-0.0028017
-0.0025893
-0.002379
-0.0021706
-0.0019644
-0.0017601
-0.0015579
-0.0013578
-0.0011597
-0.00096368
-0.00076971
-0.0005778
-0.00038797
-0.00020021
-1.453e-05
0.00016907
0.00035058
0.00053
0.00070732
0.00088254
0.0010557
0.0012267
0.0013956
0.0015624
0.001727
0.0018896
0.00205
0.0022083
0.0023644
0.0025184
0.0026703
0.00282
0.0029675
0.0031129
0.0032562
0.0033973
0.0035362
0.0036729
0.0038075
0.0039399
0.0040701
0.0041981
0.004324
0.0044476
0.0045691
0.0046883
0.0048054
0.0049202
0.0050328
0.0051432
0.0052514
0.0053574
0.0054611
0.0055626
0.0056619
0.0057589
0.0058537
0.0059463
0.0060366
0.0061247
0.0062105
0.006294
0.0063753
0.0064543
0.0065311
0.0066055
0.0066777
0.0067477
0.0068153
0.0068807
0.0069437
0.0070045
0.007063
0.0071192
0.0071731
0.0072247
0.0072739
0.0073209
0.0073655
0.0074078
0.0074478
0.0074855
0.0075209
0.0075539
0.0075846
0.0076129
0.0076389
0.0076625
0.0076839
0.0077028
0.0077194
0.0077336
0.0077455
0.007755
0.0077622
0.007767
0.0077694
0.0077694
0.0077671
0.0077623
0.0077552
0.0077457
0.0077338
0.0077195
0.0077028
0.0076837
0.0076622
0.0076383
0.0076119
0.0075832
0.007552
0.0075185
0.0074825
0.007444
0.0074032
0.0073599
0.0073142
0.007266
0.0072154
0.0071623
0.0071068
0.0070489
0.0069885
0.0069256
0.0068603
0.0067925
0.0067222
0.0066495
0.0065743
0.0064967
0.0064165
0.0063339
0.0062488
0.0061612
0.0060711
0.0059785
0.0058834
0.0057858
0.0056857
0.0055832
0.0054781
0.0053705
0.0052603
0.0051477
0.0050326
0.0049149
0.0047947
0.0046719
0.0045467
0.0044188
0.0042886
0.0041556
0.0040204
0.0038822
0.003742
0.0035985
0.0034534
0.0033046
0.0031546
0.0030005
0.0028455
0.0026862
0.0025261
0.0023616
0.0021963
0.0020268
0.0018561
0.0016818
0.0015054
0.0013265
0.0011444
0.00096078
0.00077317
0.00058444
0.00039171
0.00019746
