-0.13073
-0.17316
-0.19776
-0.21465
-0.22725
-0.23711
-0.24507
-0.25164
-0.25715
-0.26183
-0.26585
-0.26932
-0.27234
-0.27498
-0.2773
-0.27934
-0.28115
-0.28274
-0.28416
-0.28542
-0.28654
-0.28753
-0.28841
-0.2892
-0.28989
-0.29051
-0.29106
-0.29154
-0.29196
-0.29234
-0.29266
-0.29295
-0.29319
-0.2934
-0.29357
-0.29372
-0.29384
-0.29393
-0.29401
-0.29406
-0.29409
-0.29411
-0.29411
-0.29409
-0.29407
-0.29403
-0.29397
-0.29391
-0.29384
-0.29376
-0.29367
-0.29357
-0.29347
-0.29336
-0.29325
-0.29312
-0.293
-0.29287
-0.29273
-0.29259
-0.29245
-0.2923
-0.29215
-0.292
-0.29184
-0.29168
-0.29152
-0.29136
-0.2912
-0.29103
-0.29086
-0.29069
-0.29052
-0.29034
-0.29017
-0.28999
-0.28982
-0.28964
-0.28946
-0.28928
-0.2891
-0.28892
-0.28874
-0.28855
-0.28837
-0.28819
-0.288
-0.28782
-0.28763
-0.28744
-0.28726
-0.28707
-0.28688
-0.2867
-0.28651
-0.28632
-0.28613
-0.28594
-0.28575
-0.28556
-0.28537
-0.28519
-0.285
-0.28481
-0.28462
-0.28443
-0.28423
-0.28404
-0.28385
-0.28366
-0.28347
-0.28328
-0.28309
-0.2829
-0.28271
-0.28252
-0.28232
-0.28213
-0.28194
-0.28175
-0.28156
-0.28137
-0.28118
-0.28098
-0.28079
-0.2806
-0.28041
-0.28022
-0.28002
-0.27983
-0.27964
-0.27945
-0.27926
-0.27906
-0.27887
-0.27868
-0.27849
-0.2783
-0.2781
-0.27791
-0.27772
-0.27753
-0.27734
-0.27714
-0.27695
-0.27676
-0.27657
-0.27637
-0.27618
-0.27599
-0.2758
-0.27561
-0.27541
-0.27522
-0.27503
-0.27484
-0.27464
-0.27445
-0.27426
-0.27407
-0.27387
-0.27368
-0.27349
-0.2733
-0.27311
-0.27291
-0.27272
-0.27253
-0.27234
-0.27214
-0.27195
-0.27176
-0.27157
-0.27137
-0.27118
-0.27099
-0.2708
-0.27061
-0.27041
-0.27022
-0.27003
-0.26984
-0.26964
-0.26945
-0.26926
-0.26907
-0.26887
-0.26868
-0.26849
-0.2683
-0.2681
-0.26791
-0.26772
-0.26753
-0.26734
-0.26714
-0.26695
-0.26676
-0.26657
-0.26637
-0.26618
-0.26599
-0.2658
-0.2656
-0.26541
-0.26522
-0.26503
-0.26484
-0.26464
-0.26445
-0.26426
-0.26407
-0.26387
-0.26368
-0.26349
-0.2633
-0.2631
-0.26291
-0.26272
-0.26253
-0.26233
-0.26214
-0.26195
-0.26176
-0.26157
-0.26137
-0.26118
-0.26099
-0.2608
-0.2606
-0.26041
-0.26022
-0.26003
-0.25983
-0.25964
-0.25945
-0.25926
-0.25906
-0.25887
-0.25868
-0.25849
-0.2583
-0.2581
-0.25791
-0.25772
-0.25753
-0.25733
-0.25714
-0.25695
-0.25676
-0.25656
-0.25637
-0.25618
-0.25599
-0.25579
-0.2556
-0.25541
-0.25522
-0.25503
-0.25483
-0.25464
-0.25445
-0.25426
-0.25406
-0.25387
-0.25368
-0.25349
-0.25329
-0.2531
-0.25291
-0.25272
-0.25252
-0.25233
-0.25214
-0.25195
-0.25176
-0.25156
-0.25137
-0.25118
-0.25099
-0.25079
-0.2506
-0.25041
-0.25022
-0.25002
-0.24983
-0.24964
-0.24945
-0.24925
-0.24906
-0.24887
-0.24868
-0.24849
-0.24829
-0.2481
-0.24791
-0.24772
-0.24752
-0.24733
-0.24714
-0.24695
-0.24675
-0.24656
-0.24637
-0.24618
-0.24598
-0.24579
-0.2456
-0.24541
-0.24522
-0.24502
-0.24483
-0.24464
-0.24445
-0.24425
-0.24406
-0.24387
-0.24368
-0.24348
-0.24329
-0.2431
-0.24291
-0.24271
-0.24252
-0.24233
-0.24214
-0.24195
-0.24175
-0.24156
-0.24137
-0.24118
-0.24098
-0.24079
-0.2406
-0.24041
-0.24021
-0.24002
-0.23983
-0.23964
-0.23944
-0.23925
-0.23906
-0.23887
-0.23868
-0.23848
-0.23829
-0.2381
-0.23791
-0.23771
-0.23752
-0.23733
-0.23714
-0.23694
-0.23675
-0.23656
-0.23637
-0.23617
-0.23598
-0.23579
-0.2356
-0.23541
-0.23521
-0.23502
-0.23483
-0.23464
-0.23444
-0.23425
-0.23406
-0.23387
-0.23367
-0.23348
-0.23329
-0.2331
-0.2329
-0.23271
-0.23252
-0.23233
-0.23214
-0.23194
-0.23175
-0.23156
-0.23137
-0.23117
-0.23098
-0.23079
-0.2306
-0.2304
-0.23021
-0.23002
-0.22983
-0.22963
-0.22944
-0.22925
-0.22906
-0.22887
-0.22867
-0.22848
-0.22829
-0.2281
-0.2279
-0.22771
-0.22752
-0.22733
-0.22713
-0.22694
-0.22675
-0.22656
-0.22636
-0.22617
-0.22598
-0.22579
-0.2256
-0.2254
-0.22521
-0.22502
-0.22483
-0.22463
-0.22444
-0.22425
-0.22406
-0.22386
-0.22367
-0.22348
-0.22329
-0.22309
-0.2229
-0.22271
-0.22252
-0.22233
-0.22213
-0.22194
-0.22175
-0.22156
-0.22136
-0.22117
-0.22098
-0.22079
-0.22059
-0.2204
-0.22021
-0.22002
-0.21982
-0.21963
-0.21944
-0.21925
-0.21906
-0.21886
-0.21867
-0.21848
-0.21829
-0.21809
-0.2179
-0.21771
-0.21752
-0.21732
-0.21713
-0.21694
-0.21675
-0.21655
-0.21636
-0.21617
-0.21598
-0.21579
-0.21559
-0.2154
-0.21521
-0.21502
-0.21482
-0.21463
-0.21444
-0.21425
-0.21405
-0.21386
-0.21367
-0.21348
-0.21328
-0.21309
-0.2129
-0.21271
-0.21252
-0.21232
-0.21213
-0.21194
-0.21175
-0.21155
-0.21136
-0.21117
-0.21098
-0.21078
-0.21059
-0.2104
-0.21021
-0.21001
-0.20982
-0.20963
-0.20944
-0.20925
-0.20905
-0.20886
-0.20867
-0.20848
-0.20828
-0.20809
-0.2079
-0.20771
-0.20751
-0.20732
-0.20713
-0.20694
-0.20674
-0.20655
-0.20636
-0.20617
-0.20598
-0.20578
-0.20559
-0.2054
-0.20521
-0.20501
-0.20482
-0.20463
-0.20444
-0.20424
-0.20405
-0.20386
-0.20367
-0.20347
-0.20328
-0.20309
-0.2029
-0.20271
-0.20251
-0.20232
-0.20213
-0.20194
-0.20174
-0.20155
-0.20136
-0.20117
-0.20097
-0.20078
-0.20059
-0.2004
-0.2002
-0.20001
-0.19982
-0.19963
-0.19944
-0.19924
-0.19905
-0.19886
-0.19867
-0.19847
-0.19828
-0.19809
-0.1979
-0.1977
-0.19751
-0.19732
-0.19713
-0.19693
-0.19674
-0.19655
-0.19636
-0.19617
-0.19597
-0.19578
-0.19559
-0.1954
-0.1952
-0.19501
-0.19482
-0.19463
-0.19443
-0.19424
-0.19405
-0.19386
-0.19366
-0.19347
-0.19328
-0.19309
-0.1929
-0.1927
-0.19251
-0.19232
-0.19213
-0.19193
-0.19174
-0.19155
-0.19136
-0.19116
-0.19097
-0.19078
-0.19059
-0.19039
-0.1902
-0.19001
-0.18982
-0.18963
-0.18943
-0.18924
-0.18905
-0.18886
-0.18866
-0.18847
-0.18828
-0.18809
-0.18789
-0.1877
-0.18751
-0.18732
-0.18713
-0.18693
-0.18674
-0.18655
-0.18636
-0.18616
-0.18597
-0.18578
-0.18559
-0.18539
-0.1852
-0.18501
-0.18482
-0.18462
-0.18443
-0.18424
-0.18405
-0.18386
-0.18366
-0.18347
-0.18328
-0.18309
-0.18289
-0.1827
-0.18251
-0.18232
-0.18212
-0.18193
-0.18174
-0.18155
-0.18135
-0.18116
-0.18097
-0.18078
-0.18059
-0.18039
-0.1802
-0.18001
-0.17982
-0.17962
-0.17943
-0.17924
-0.17905
-0.17885
-0.17866
-0.17847
-0.17828
-0.17808
-0.17789
-0.1777
-0.17751
-0.17732
-0.17712
-0.17693
-0.17674
-0.17655
-0.17635
-0.17616
-0.17597
-0.17578
-0.17558
-0.17539
-0.1752
-0.17501
-0.17481
-0.17462
-0.17443
-0.17424
-0.17405
-0.17385
-0.17366
-0.17347
-0.17328
-0.17308
-0.17289
-0.1727
-0.17251
-0.17231
-0.17212
-0.17193
-0.17174
-0.17154
-0.17135
-0.17116
-0.17097
-0.17078
-0.17058
-0.17039
-0.1702
-0.17001
-0.16981
-0.16962
-0.16943
-0.16924
-0.16904
-0.16885
-0.16866
-0.16847
-0.16827
-0.16808
-0.16789
-0.1677
-0.16751
-0.16731
-0.16712
-0.16693
-0.16674
-0.16654
-0.16635
-0.16616
-0.16597
-0.16577
-0.16558
-0.16539
-0.1652
-0.165
-0.16481
-0.16462
-0.16443
-0.16424
-0.16404
-0.16385
-0.16366
-0.16347
-0.16327
-0.16308
-0.16289
-0.1627
-0.1625
-0.16231
-0.16212
-0.16193
-0.16173
-0.16154
-0.16135
-0.16116
-0.16097
-0.16077
-0.16058
-0.16039
-0.1602
-0.16
-0.15981
-0.15962
-0.15943
-0.15923
-0.15904
-0.15885
-0.15866
-0.15846
-0.15827
-0.15808
-0.15789
-0.1577
-0.1575
-0.15731
-0.15712
-0.15693
-0.15673
-0.15654
-0.15635
-0.15616
-0.15596
-0.15577
-0.15558
-0.15539
-0.15519
-0.155
-0.15481
-0.15462
-0.15443
-0.15423
-0.15404
-0.15385
-0.15366
-0.15346
-0.15327
-0.15308
-0.15289
-0.15269
-0.1525
-0.15231
-0.15212
-0.15192
-0.15173
-0.15154
-0.15135
-0.15116
-0.15096
-0.15077
-0.15058
-0.15039
-0.15019
-0.15
-0.14981
-0.14962
-0.14942
-0.14923
-0.14904
-0.14885
-0.14865
-0.14846
-0.14827
-0.14808
-0.14789
-0.14769
-0.1475
-0.14731
-0.14712
-0.14692
-0.14673
-0.14654
-0.14635
-0.14615
-0.14596
-0.14577
-0.14558
-0.14538
-0.14519
-0.145
-0.14481
-0.14462
-0.14442
-0.14423
-0.14404
-0.14385
-0.14365
-0.14346
-0.14327
-0.14308
-0.14288
-0.14269
-0.1425
-0.14231
-0.14211
-0.14192
-0.14173
-0.14154
-0.14135
-0.14115
-0.14096
-0.14077
-0.14058
-0.14038
-0.14019
-0.14
-0.13981
-0.13961
-0.13942
-0.13923
-0.13904
-0.13884
-0.13865
-0.13846
-0.13827
-0.13808
-0.13788
-0.13769
-0.1375
-0.13731
-0.13711
-0.13692
-0.13673
-0.13654
-0.13634
-0.13615
-0.13596
-0.13577
-0.13557
-0.13538
-0.13519
-0.135
-0.13481
-0.13461
-0.13442
-0.13423
-0.13404
-0.13384
-0.13365
-0.13346
-0.13327
-0.13307
-0.13288
-0.13269
-0.1325
-0.1323
-0.13211
-0.13192
-0.13173
-0.13154
-0.13134
-0.13115
-0.13096
-0.13077
-0.13057
-0.13038
-0.13019
-0.13
-0.1298
-0.12961
-0.12942
-0.12923
-0.12903
-0.12884
-0.12865
-0.12846
-0.12827
-0.12807
-0.12788
-0.12769
-0.1275
-0.1273
-0.12711
-0.12692
-0.12673
-0.12653
-0.12634
-0.12615
-0.12596
-0.12576
-0.12557
-0.12538
-0.12519
-0.125
-0.1248
-0.12461
-0.12442
-0.12423
-0.12403
-0.12384
-0.12365
-0.12346
-0.12326
-0.12307
-0.12288
-0.12269
-0.12249
-0.1223
-0.12211
-0.12192
-0.12173
-0.12153
-0.12134
-0.12115
-0.12096
-0.12076
-0.12057
-0.12038
-0.12019
-0.11999
-0.1198
-0.11961
-0.11942
-0.11922
-0.11903
-0.11884
-0.11865
-0.11846
-0.11826
-0.11807
-0.11788
-0.11769
-0.11749
-0.1173
-0.11711
-0.11692
-0.11672
-0.11653
-0.11634
-0.11615
-0.11595
-0.11576
-0.11557
-0.11538
-0.11519
-0.11499
-0.1148
-0.11461
-0.11442
-0.11422
-0.11403
-0.11384
-0.11365
-0.11345
-0.11326
-0.11307
-0.11288
-0.11268
-0.11249
-0.1123
-0.11211
-0.11192
-0.11172
-0.11153
-0.11134
-0.11115
-0.11095
-0.11076
-0.11057
-0.11038
-0.11018
-0.10999
-0.1098
-0.10961
-0.10941
-0.10922
-0.10903
-0.10884
-0.10865
-0.10845
-0.10826
-0.10807
-0.10788
-0.10768
-0.10749
-0.1073
-0.10711
-0.10691
-0.10672
-0.10653
-0.10634
-0.10614
-0.10595
-0.10576
-0.10557
-0.10538
-0.10518
-0.10499
-0.1048
-0.10461
-0.10441
-0.10422
-0.10403
-0.10384
-0.10364
-0.10345
-0.10326
-0.10307
-0.10287
-0.10268
-0.10249
-0.1023
-0.10211
-0.10191
-0.10172
-0.10153
-0.10134
-0.10114
-0.10095
-0.10076
-0.10057
-0.10037
-0.10018
-0.09999
-0.099797
-0.099605
-0.099413
-0.09922
-0.099028
-0.098836
-0.098643
-0.098451
-0.098259
-0.098066
-0.097874
-0.097681
-0.097489
-0.097297
-0.097104
-0.096912
-0.09672
-0.096527
-0.096335
-0.096143
-0.09595
-0.095758
-0.095566
-0.095373
-0.095181
-0.094989
-0.094796
-0.094604
-0.094411
-0.094219
-0.094027
-0.093834
-0.093642
-0.09345
-0.093257
-0.093065
-0.092873
-0.09268
-0.092488
-0.092296
-0.092103
-0.091911
-0.091719
-0.091526
-0.091334
-0.091142
-0.090949
-0.090757
-0.090564
-0.090372
-0.09018
-0.089987
-0.089795
-0.089603
-0.08941
-0.089218
-0.089026
-0.088833
-0.088641
-0.088449
-0.088256
-0.088064
-0.087872
-0.087679
-0.087487
-0.087294
-0.087102
-0.08691
-0.086717
-0.086525
-0.086333
-0.08614
-0.085948
-0.085756
-0.085563
-0.085371
-0.085179
-0.084986
-0.084794
-0.084602
-0.084409
-0.084217
-0.084024
-0.083832
-0.08364
-0.083447
-0.083255
-0.083063
-0.08287
-0.082678
-0.082486
-0.082293
-0.082101
-0.081909
-0.081716
-0.081524
-0.081332
-0.081139
-0.080947
-0.080755
-0.080562
-0.08037
-0.080177
-0.079985
-0.079793
-0.0796
-0.079408
-0.079216
-0.079023
-0.078831
-0.078639
-0.078446
-0.078254
-0.078062
-0.077869
-0.077677
-0.077485
-0.077292
-0.0771
-0.076907
-0.076715
-0.076523
-0.07633
-0.076138
-0.075946
-0.075753
-0.075561
-0.075369
-0.075176
-0.074984
-0.074792
-0.074599
-0.074407
-0.074215
-0.074022
-0.07383
-0.073637
-0.073445
-0.073253
-0.07306
-0.072868
-0.072676
-0.072483
-0.072291
-0.072099
-0.071906
-0.071714
-0.071522
-0.071329
-0.071137
-0.070945
-0.070752
-0.07056
-0.070368
-0.070175
-0.069983
-0.06979
-0.069598
-0.069406
-0.069213
-0.069021
-0.068829
-0.068636
-0.068444
-0.068252
-0.068059
-0.067867
-0.067675
-0.067482
-0.06729
-0.067098
-0.066905
-0.066713
-0.06652
-0.066328
-0.066136
-0.065943
-0.065751
-0.065559
-0.065366
-0.065174
-0.064982
-0.064789
-0.064597
-0.064405
-0.064212
-0.06402
-0.063828
-0.063635
-0.063443
-0.063251
-0.063058
-0.062866
-0.062673
-0.062481
-0.062289
-0.062096
-0.061904
-0.061712
-0.061519
-0.061327
-0.061135
-0.060942
-0.06075
-0.060558
-0.060365
-0.060173
-0.059981
-0.059788
-0.059596
-0.059403
-0.059211
-0.059019
-0.058826
-0.058634
-0.058442
-0.058249
-0.058057
-0.057865
-0.057672
-0.05748
-0.057288
-0.057095
-0.056903
-0.056711
-0.056518
-0.056326
-0.056133
-0.055941
-0.055749
-0.055556
-0.055364
-0.055172
-0.054979
-0.054787
-0.054595
-0.054402
-0.05421
-0.054018
-0.053825
-0.053633
-0.053441
-0.053248
-0.053056
-0.052864
-0.052671
-0.052479
-0.052286
-0.052094
-0.051902
-0.051709
-0.051517
-0.051325
-0.051132
-0.05094
-0.050748
-0.050555
-0.050363
-0.050171
-0.049978
-0.049786
-0.049594
-0.049401
-0.049209
-0.049016
-0.048824
-0.048632
-0.048439
-0.048247
-0.048055
-0.047862
-0.04767
-0.047478
-0.047285
-0.047093
-0.046901
-0.046708
-0.046516
-0.046324
-0.046131
-0.045939
-0.045746
-0.045554
-0.045362
-0.045169
-0.044977
-0.044785
-0.044592
-0.0444
-0.044208
-0.044015
-0.043823
-0.043631
-0.043438
-0.043246
-0.043054
-0.042861
-0.042669
-0.042477
-0.042284
-0.042092
-0.041899
-0.041707
-0.041515
-0.041322
-0.04113
-0.040938
-0.040745
-0.040553
-0.040361
-0.040168
-0.039976
-0.039784
-0.039591
-0.039399
-0.039207
-0.039014
-0.038822
-0.038629
-0.038437
-0.038245
-0.038052
-0.03786
-0.037668
-0.037475
-0.037283
-0.037091
-0.036898
-0.036706
-0.036514
-0.036321
-0.036129
-0.035937
-0.035744
-0.035552
-0.03536
-0.035167
-0.034975
-0.034782
-0.03459
-0.034398
-0.034205
-0.034013
-0.033821
-0.033628
-0.033436
-0.033244
-0.033051
-0.032859
-0.032667
-0.032474
-0.032282
-0.03209
-0.031897
-0.031705
-0.031512
-0.03132
-0.031128
-0.030935
-0.030743
-0.030551
-0.030358
-0.030166
-0.029974
-0.029781
-0.029589
-0.029397
-0.029204
-0.029012
-0.02882
-0.028627
-0.028435
-0.028242
-0.02805
-0.027858
-0.027665
-0.027473
-0.027281
-0.027088
-0.026896
-0.026704
-0.026511
-0.026319
-0.026127
-0.025934
-0.025742
-0.02555
-0.025357
-0.025165
-0.024973
-0.02478
-0.024588
-0.024395
-0.024203
-0.024011
-0.023818
-0.023626
-0.023434
-0.023241
-0.023049
-0.022857
-0.022664
-0.022472
-0.02228
-0.022087
-0.021895
-0.021703
-0.02151
-0.021318
-0.021125
-0.020933
-0.020741
-0.020548
-0.020356
-0.020164
-0.019971
-0.019779
-0.019587
-0.019394
-0.019202
-0.01901
-0.018817
-0.018625
-0.018433
-0.01824
-0.018048
-0.017856
-0.017663
-0.017471
-0.017278
-0.017086
-0.016894
-0.016701
-0.016509
-0.016317
-0.016124
-0.015932
-0.01574
-0.015547
-0.015355
-0.015163
-0.01497
-0.014778
-0.014586
-0.014393
-0.014201
-0.014008
-0.013816
-0.013624
-0.013431
-0.013239
-0.013047
-0.012854
-0.012662
-0.01247
-0.012277
-0.012085
-0.011893
-0.0117
-0.011508
-0.011316
-0.011123
-0.010931
-0.010738
-0.010546
-0.010354
-0.010161
-0.0099691
-0.0097767
-0.0095844
-0.009392
-0.0091997
-0.0090073
-0.008815
-0.0086226
-0.0084303
-0.0082379
-0.0080456
-0.0078532
-0.0076609
-0.0074685
-0.0072762
-0.0070838
-0.0068915
-0.0066991
-0.0065068
-0.0063144
-0.006122
-0.0059297
-0.0057373
-0.005545
-0.0053526
-0.0051603
-0.0049679
-0.0047756
-0.0045832
-0.0043909
-0.0041985
-0.0040062
-0.0038138
-0.0036215
-0.0034291
-0.0032368
-0.0030444
-0.0028521
-0.0026597
-0.0024674
-0.002275
-0.0020827
-0.0018903
-0.001698
-0.0015056
-0.0013133
-0.0011209
-0.00092855
-0.0007362
-0.00054385
-0.0003515
-0.00015914
3.3207e-05
0.00022556
0.00041791
0.00061026
0.00080261
0.00099497
0.0011873
0.0013797
0.001572
0.0017644
0.0019567
0.0021491
0.0023414
0.0025338
0.0027261
0.0029185
0.0031108
0.0033032
0.0034955
0.0036879
0.0038802
0.0040726
0.0042649
0.0044573
0.0046496
0.004842
0.0050344
0.0052267
0.0054191
0.0056114
0.0058038
0.0059961
0.0061885
0.0063808
0.0065732
0.0067655
0.0069579
0.0071502
0.0073426
0.0075349
0.0077273
0.0079196
0.008112
0.0083043
0.0084967
0.008689
0.0088814
0.0090737
0.0092661
0.0094584
0.0096508
0.0098431
0.010035
0.010228
0.01042
0.010613
0.010805
0.010997
0.01119
0.011382
0.011574
0.011767
0.011959
0.012151
0.012344
0.012536
0.012728
0.012921
0.013113
0.013305
0.013498
0.01369
0.013883
0.014075
0.014267
0.01446
0.014652
0.014844
0.015037
0.015229
0.015421
0.015614
0.015806
0.015998
0.016191
0.016383
0.016575
0.016768
0.01696
0.017153
0.017345
0.017537
0.01773
0.017922
0.018114
0.018307
0.018499
0.018691
0.018884
0.019076
0.019268
0.019461
0.019653
0.019845
0.020038
0.02023
0.020422
0.020615
0.020807
0.021
0.021192
0.021384
0.021577
0.021769
0.021961
0.022154
0.022346
0.022538
0.022731
0.022923
0.023115
0.023308
0.0235
0.023692
0.023885
0.024077
0.02427
0.024462
0.024654
0.024847
0.025039
0.025231
0.025424
0.025616
0.025808
0.026001
0.026193
0.026385
0.026578
0.02677
0.026962
0.027155
0.027347
0.027539
0.027732
0.027924
0.028117
0.028309
0.028501
0.028694
0.028886
0.029078
0.029271
0.029463
0.029655
0.029848
0.03004
0.030232
0.030425
0.030617
0.030809
0.031002
0.031194
0.031386
0.031579
0.031771
0.031964
0.032156
0.032348
0.032541
0.032733
0.032925
0.033118
0.03331
0.033502
0.033695
0.033887
0.034079
0.034272
0.034464
0.034656
0.034849
0.035041
0.035233
0.035426
0.035618
0.035811
0.036003
0.036195
0.036388
0.03658
0.036772
0.036965
0.037157
0.037349
0.037542
0.037734
0.037926
0.038119
0.038311
0.038503
0.038696
0.038888
0.03908
0.039273
0.039465
0.039658
0.03985
0.040042
0.040235
0.040427
0.040619
0.040812
0.041004
0.041196
0.041389
0.041581
0.041773
0.041966
0.042158
0.04235
0.042543
0.042735
0.042927
0.04312
0.043312
0.043504
0.043697
0.043889
0.044082
0.044274
0.044466
0.044659
0.044851
0.045043
0.045236
0.045428
0.04562
0.045813
0.046005
0.046197
0.04639
0.046582
0.046774
0.046967
0.047159
0.047351
0.047544
0.047736
0.047928
0.048121
0.048313
0.048505
0.048698
0.04889
0.049083
0.049275
0.049467
0.04966
0.049852
0.050044
0.050237
0.050429
0.050621
0.050814
0.051006
0.051198
0.051391
0.051583
0.051775
0.051968
0.05216
0.052352
0.052545
0.052737
0.052929
0.053122
0.053314
0.053506
0.053699
0.053891
0.054083
0.054276
0.054468
0.05466
0.054853
0.055045
0.055237
0.05543
0.055622
0.055814
0.056007
0.056199
0.056391
0.056584
0.056776
0.056968
0.057161
0.057353
0.057545
0.057738
0.05793
0.058122
0.058315
0.058507
0.058699
0.058892
0.059084
0.059276
0.059469
0.059661
0.059853
0.060046
0.060238
0.06043
0.060623
0.060815
0.061007
0.0612
0.061392
0.061584
0.061777
0.061969
0.062161
0.062354
0.062546
0.062738
0.062931
0.063123
0.063315
0.063508
0.0637
0.063892
0.064085
0.064277
0.064469
0.064661
0.064854
0.065046
0.065238
0.065431
0.065623
0.065815
0.066008
0.0662
0.066392
0.066585
0.066777
0.066969
0.067162
0.067354
0.067546
0.067738
0.067931
0.068123
0.068315
0.068508
0.0687
0.068892
0.069085
0.069277
0.069469
0.069661
0.069854
0.070046
0.070238
0.070431
0.070623
0.070815
0.071007
0.0712
0.071392
0.071584
0.071777
0.071969
0.072161
0.072353
0.072546
0.072738
0.07293
0.073123
0.073315
0.073507
0.073699
0.073892
0.074084
0.074276
0.074468
0.074661
0.074853
0.075045
0.075237
0.07543
0.075622
0.075814
0.076006
0.076199
0.076391
0.076583
0.076775
0.076968
0.07716
0.077352
0.077544
0.077737
0.077929
0.078121
0.078313
0.078506
0.078698
0.07889
0.079082
0.079274
0.079467
0.079659
0.079851
0.080043
0.080235
0.080428
0.08062
0.080812
0.081004
0.081196
0.081389
0.081581
0.081773
0.081965
0.082157
0.08235
0.082542
0.082734
0.082926
0.083118
0.08331
0.083503
0.083695
0.083887
0.084079
0.084271
0.084463
0.084655
0.084848
0.08504
0.085232
0.085424
0.085616
0.085808
0.086
0.086192
0.086385
0.086577
0.086769
0.086961
0.087153
0.087345
0.087537
0.087729
0.087921
0.088113
0.088305
0.088497
0.088689
0.088882
0.089074
0.089266
0.089458
0.08965
0.089842
0.090034
0.090226
0.090418
0.09061
0.090802
0.090994
0.091186
0.091378
0.09157
0.091762
0.091954
0.092146
0.092338
0.09253
0.092721
0.092913
0.093105
0.093297
0.093489
0.093681
0.093873
0.094065
0.094257
0.094449
0.094641
0.094832
0.095024
0.095216
0.095408
0.0956
0.095792
0.095983
0.096175
0.096367
0.096559
0.096751
0.096942
0.097134
0.097326
0.097518
0.097709
0.097901
0.098093
0.098285
0.098476
0.098668
0.09886
0.099051
0.099243
0.099435
0.099626
0.099818
0.10001
0.1002
0.10039
0.10058
0.10078
0.10097
0.10116
0.10135
0.10154
0.10173
0.10193
0.10212
0.10231
0.1025
0.10269
0.10288
0.10307
0.10327
0.10346
0.10365
0.10384
0.10403
0.10422
0.10441
0.10461
0.1048
0.10499
0.10518
0.10537
0.10556
0.10575
0.10594
0.10614
0.10633
0.10652
0.10671
0.1069
0.10709
0.10728
0.10747
0.10766
0.10786
0.10805
0.10824
0.10843
0.10862
0.10881
0.109
0.10919
0.10938
0.10957
0.10977
0.10996
0.11015
0.11034
0.11053
0.11072
0.11091
0.1111
0.11129
0.11148
0.11167
0.11186
0.11205
0.11225
0.11244
0.11263
0.11282
0.11301
0.1132
0.11339
0.11358
0.11377
0.11396
0.11415
0.11434
0.11453
0.11472
0.11491
0.1151
0.11529
0.11548
0.11567
0.11586
0.11605
0.11624
0.11643
0.11662
0.11681
0.117
0.11719
0.11738
0.11757
0.11776
0.11795
0.11814
0.11833
0.11852
0.11871
0.1189
0.11909
0.11928
0.11947
0.11966
0.11985
0.12004
0.12023
0.12041
0.1206
0.12079
0.12098
0.12117
0.12136
0.12155
0.12174
0.12193
0.12212
0.12231
0.12249
0.12268
0.12287
0.12306
0.12325
0.12344
0.12363
0.12381
0.124
0.12419
0.12438
0.12457
0.12476
0.12494
0.12513
0.12532
0.12551
0.1257
0.12589
0.12607
0.12626
0.12645
0.12664
0.12682
0.12701
0.1272
0.12739
0.12757
0.12776
0.12795
0.12814
0.12832
0.12851
0.1287
0.12889
0.12907
0.12926
0.12945
0.12963
0.12982
0.13001
0.13019
0.13038
0.13057
0.13075
0.13094
0.13113
0.13131
0.1315
0.13168
0.13187
0.13206
0.13224
0.13243
0.13261
0.1328
0.13298
0.13317
0.13335
0.13354
0.13373
0.13391
0.1341
0.13428
0.13447
0.13465
0.13483
0.13502
0.1352
0.13539
0.13557
0.13576
0.13594
0.13613
0.13631
0.13649
0.13668
0.13686
0.13704
0.13723
0.13741
0.13759
0.13778
0.13796
0.13814
0.13833
0.13851
0.13869
0.13887
0.13906
0.13924
0.13942
0.1396
0.13979
0.13997
0.14015
0.14033
0.14051
0.14069
0.14088
0.14106
0.14124
0.14142
0.1416
0.14178
0.14196
0.14214
0.14232
0.1425
0.14268
0.14286
0.14304
0.14322
0.1434
0.14358
0.14376
0.14394
0.14412
0.1443
0.14448
0.14465
0.14483
0.14501
0.14519
0.14537
0.14555
0.14572
0.1459
0.14608
0.14626
0.14643
0.14661
0.14679
0.14696
0.14714
0.14732
0.14749
0.14767
0.14784
0.14802
0.14819
0.14837
0.14855
0.14872
0.14889
0.14907
0.14924
0.14942
0.14959
0.14977
0.14994
0.15011
0.15029
0.15046
0.15063
0.15081
0.15098
0.15115
0.15132
0.15149
0.15167
0.15184
0.15201
0.15218
0.15235
0.15252
0.15269
0.15286
0.15303
0.1532
0.15337
0.15354
0.15371
0.15388
0.15405
0.15422
0.15439
0.15455
0.15472
0.15489
0.15506
0.15522
0.15539
0.15556
0.15572
0.15589
0.15606
0.15622
0.15639
0.15655
0.15672
0.15688
0.15705
0.15721
0.15737
0.15754
0.1577
0.15786
0.15803
0.15819
0.15835
0.15851
0.15867
0.15884
0.159
0.15916
0.15932
0.15948
0.15964
0.1598
0.15996
0.16012
0.16028
0.16043
0.16059
0.16075
0.16091
0.16106
0.16122
0.16138
0.16153
0.16169
0.16185
0.162
0.16216
0.16231
0.16247
0.16262
0.16277
0.16293
0.16308
0.16323
0.16338
0.16354
0.16369
0.16384
0.16399
0.16414
0.16429
0.16444
0.16459
0.16474
0.16489
0.16503
0.16518
0.16533
0.16548
0.16562
0.16577
0.16592
0.16606
0.16621
0.16635
0.1665
0.16664
0.16678
0.16693
0.16707
0.16721
0.16735
0.16749
0.16764
0.16778
0.16792
0.16806
0.1682
0.16833
0.16847
0.16861
0.16875
0.16889
0.16902
0.16916
0.16929
0.16943
0.16956
0.1697
0.16983
0.16997
0.1701
0.17023
0.17036
0.17049
0.17062
0.17076
0.17089
0.17101
0.17114
0.17127
0.1714
0.17153
0.17165
0.17178
0.17191
0.17203
0.17216
0.17228
0.17241
0.17253
0.17265
0.17277
0.17289
0.17302
0.17314
0.17326
0.17338
0.17349
0.17361
0.17373
0.17385
0.17396
0.17408
0.1742
0.17431
0.17442
0.17454
0.17465
0.17476
0.17488
0.17499
0.1751
0.17521
0.17532
0.17543
0.17553
0.17564
0.17575
0.17585
0.17596
0.17607
0.17617
0.17627
0.17638
0.17648
0.17658
0.17668
0.17678
0.17688
0.17698
0.17708
0.17718
0.17727
0.17737
0.17747
0.17756
0.17766
0.17775
0.17784
0.17793
0.17803
0.17812
0.17821
0.1783
0.17838
0.17847
0.17856
0.17865
0.17873
0.17882
0.1789
0.17898
0.17907
0.17915
0.17923
0.17931
0.17939
0.17947
0.17955
0.17962
0.1797
0.17978
0.17985
0.17992
0.18
0.18007
0.18014
0.18021
0.18028
0.18035
0.18042
0.18049
0.18055
0.18062
0.18069
0.18075
0.18081
0.18088
0.18094
0.181
0.18106
0.18112
0.18118
0.18123
0.18129
0.18135
0.1814
0.18145
0.18151
0.18156
0.18161
0.18166
0.18171
0.18176
0.18181
0.18185
0.1819
0.18194
0.18199
0.18203
0.18207
0.18211
0.18215
0.18219
0.18223
0.18227
0.1823
0.18234
0.18237
0.18241
0.18244
0.18247
0.1825
0.18253
0.18256
0.18258
0.18261
0.18264
0.18266
0.18268
0.18271
0.18273
0.18275
0.18277
0.18279
0.1828
0.18282
0.18283
0.18285
0.18286
0.18287
0.18288
0.18289
0.1829
0.18291
0.18292
0.18292
0.18293
0.18293
0.18293
0.18293
0.18293
0.18293
0.18293
0.18293
0.18292
0.18292
0.18291
0.1829
0.18289
0.18288
0.18287
0.18286
0.18285
0.18283
0.18282
0.1828
0.18278
0.18276
0.18274
0.18272
0.1827
0.18267
0.18265
0.18262
0.18259
0.18257
0.18254
0.18251
0.18247
0.18244
0.1824
0.18237
0.18233
0.18229
0.18225
0.18221
0.18217
0.18213
0.18208
0.18204
0.18199
0.18194
0.18189
0.18184
0.18179
0.18174
0.18168
0.18163
0.18157
0.18151
0.18145
0.18139
0.18133
0.18127
0.1812
0.18114
0.18107
0.181
0.18093
0.18086
0.18079
0.18071
0.18064
0.18056
0.18048
0.1804
0.18032
0.18024
0.18016
0.18007
0.17999
0.1799
0.17981
0.17972
0.17963
0.17954
0.17944
0.17935
0.17925
0.17915
0.17905
0.17895
0.17885
0.17875
0.17864
0.17854
0.17843
0.17832
0.17821
0.1781
0.17798
0.17787
0.17775
0.17763
0.17751
0.17739
0.17727
0.17715
0.17702
0.1769
0.17677
0.17664
0.17651
0.17638
0.17625
0.17611
0.17598
0.17584
0.1757
0.17556
0.17542
0.17527
0.17513
0.17498
0.17483
0.17468
0.17453
0.17438
0.17423
0.17407
0.17392
0.17376
0.1736
0.17344
0.17328
0.17311
0.17295
0.17278
0.17261
0.17244
0.17227
0.1721
0.17192
0.17175
0.17157
0.17139
0.17121
0.17103
0.17084
0.17066
0.17047
0.17028
0.17009
0.1699
0.16971
0.16952
0.16932
0.16912
0.16893
0.16873
0.16852
0.16832
0.16812
0.16791
0.1677
0.16749
0.16728
0.16707
0.16686
0.16664
0.16642
0.16621
0.16599
0.16576
0.16554
0.16532
0.16509
0.16486
0.16463
0.1644
0.16417
0.16394
0.1637
0.16346
0.16323
0.16299
0.16274
0.1625
0.16226
0.16201
0.16176
0.16151
0.16126
0.16101
0.16076
0.1605
0.16024
0.15998
0.15972
0.15946
0.1592
0.15894
0.15867
0.1584
0.15813
0.15786
0.15759
0.15731
0.15704
0.15676
0.15648
0.1562
0.15592
0.15564
0.15535
0.15507
0.15478
0.15449
0.1542
0.15391
0.15361
0.15332
0.15302
0.15272
0.15242
0.15212
0.15181
0.15151
0.1512
0.15089
0.15059
0.15027
0.14996
0.14965
0.14933
0.14901
0.1487
0.14838
0.14805
0.14773
0.14741
0.14708
0.14675
0.14642
0.14609
0.14576
0.14543
0.14509
0.14475
0.14442
0.14408
0.14373
0.14339
0.14305
0.1427
0.14235
0.14201
0.14165
0.1413
0.14095
0.1406
0.14024
0.13988
0.13952
0.13916
0.1388
0.13844
0.13807
0.1377
0.13734
0.13697
0.1366
0.13622
0.13585
0.13547
0.1351
0.13472
0.13434
0.13396
0.13357
0.13319
0.13281
0.13242
0.13203
0.13164
0.13125
0.13086
0.13046
0.13007
0.12967
0.12927
0.12887
0.12847
0.12807
0.12767
0.12726
0.12685
0.12645
0.12604
0.12563
0.12521
0.1248
0.12439
0.12397
0.12355
0.12313
0.12271
0.12229
0.12187
0.12144
0.12102
0.12059
0.12016
0.11973
0.1193
0.11887
0.11844
0.118
0.11757
0.11713
0.11669
0.11625
0.11581
0.11537
0.11492
0.11448
0.11403
0.11358
0.11313
0.11268
0.11223
0.11178
0.11133
0.11087
0.11041
0.10996
0.1095
0.10904
0.10858
0.10811
0.10765
0.10718
0.10672
0.10625
0.10578
0.10531
0.10484
0.10437
0.1039
0.10342
0.10295
0.10247
0.10199
0.10151
0.10103
0.10055
0.10007
0.099587
0.099102
0.098617
0.09813
0.097642
0.097153
0.096663
0.096172
0.095679
0.095186
0.094692
0.094196
0.0937
0.093202
0.092704
0.092204
0.091704
0.091202
0.090699
0.090196
0.089691
0.089185
0.088679
0.088171
0.087662
0.087153
0.086642
0.08613
0.085618
0.085104
0.08459
0.084075
0.083558
0.083041
0.082523
0.082004
0.081484
0.080963
0.080441
0.079918
0.079395
0.07887
0.078345
0.077819
0.077292
0.076764
0.076235
0.075706
0.075175
0.074644
0.074112
0.073579
0.073045
0.072511
0.071976
0.071439
0.070903
0.070365
0.069827
0.069287
0.068748
0.068207
0.067665
0.067123
0.06658
0.066037
0.065493
0.064948
0.064402
0.063855
0.063308
0.062761
0.062212
0.061663
0.061113
0.060563
0.060012
0.05946
0.058908
0.058355
0.057801
0.057247
0.056692
0.056137
0.055581
0.055024
0.054467
0.05391
0.053351
0.052793
0.052233
0.051673
0.051113
0.050552
0.049991
0.049429
0.048866
0.048303
0.04774
0.047176
0.046611
0.046046
0.045481
0.044915
0.044349
0.043782
0.043215
0.042648
0.04208
0.041512
0.040943
0.040374
0.039804
0.039234
0.038664
0.038093
0.037522
0.036951
0.036379
0.035807
0.035235
0.034662
0.034089
0.033516
0.032943
0.032369
0.031795
0.03122
0.030646
0.030071
0.029495
0.02892
0.028344
0.027768
0.027192
0.026616
0.02604
0.025462
0.024886
0.024308
0.023732
0.023153
0.022577
0.021998
0.021421
0.020841
0.020265
0.019685
0.019108
0.018527
0.017952
0.017369
0.016794
0.016211
0.015637
0.015053
0.014479
0.013894
0.013321
0.012734
0.012163
0.011575
0.011005
0.010416
0.0098473
0.0092567
0.0086891
0.0080977
0.0075307
0.0069391
0.0063723
0.0057809
0.0052137
0.0046234
0.004055
0.0034665
0.0028963
0.0023103
0.0017376
0.0011548
0.0005791
