-0.00074867
-0.0014973
-0.0022459
-0.0029944
-0.0037429
-0.0044912
-0.0052396
-0.0059878
-0.0067359
-0.0074839
-0.0082318
-0.0089795
-0.0097272
-0.010475
-0.011222
-0.011969
-0.012716
-0.013463
-0.014209
-0.014955
-0.015702
-0.016447
-0.017193
-0.017939
-0.018684
-0.019429
-0.020173
-0.020917
-0.021662
-0.022405
-0.023149
-0.023892
-0.024635
-0.025377
-0.026119
-0.02686
-0.027602
-0.028342
-0.029083
-0.029823
-0.030563
-0.031302
-0.032041
-0.032779
-0.033517
-0.034254
-0.034992
-0.035728
-0.036464
-0.037199
-0.037935
-0.038669
-0.039403
-0.040136
-0.04087
-0.041602
-0.042334
-0.043065
-0.043796
-0.044525
-0.045255
-0.045983
-0.046712
-0.047439
-0.048166
-0.048892
-0.049618
-0.050343
-0.051068
-0.051791
-0.052514
-0.053236
-0.053958
-0.054678
-0.055398
-0.056117
-0.056836
-0.057553
-0.058271
-0.058987
-0.059703
-0.060417
-0.061131
-0.061843
-0.062556
-0.063267
-0.063978
-0.064687
-0.065397
-0.066104
-0.066812
-0.067517
-0.068223
-0.068927
-0.069631
-0.070333
-0.071036
-0.071736
-0.072436
-0.073134
-0.073833
-0.074529
-0.075226
-0.07592
-0.076615
-0.077307
-0.078
-0.07869
-0.079381
-0.080069
-0.080758
-0.081444
-0.08213
-0.082814
-0.083499
-0.08418
-0.084863
-0.085542
-0.086222
-0.0869
-0.087578
-0.088253
-0.088928
-0.089601
-0.090274
-0.090945
-0.091616
-0.092284
-0.092953
-0.093618
-0.094285
-0.094948
-0.095612
-0.096273
-0.096934
-0.097593
-0.098252
-0.098907
-0.099564
-0.10022
-0.10087
-0.10152
-0.10217
-0.10282
-0.10347
-0.10412
-0.10476
-0.10541
-0.10605
-0.10669
-0.10733
-0.10797
-0.10861
-0.10924
-0.10988
-0.11051
-0.11114
-0.11177
-0.1124
-0.11303
-0.11365
-0.11428
-0.1149
-0.11552
-0.11615
-0.11676
-0.11738
-0.118
-0.11861
-0.11923
-0.11984
-0.12045
-0.12106
-0.12166
-0.12227
-0.12287
-0.12348
-0.12408
-0.12468
-0.12528
-0.12587
-0.12647
-0.12706
-0.12765
-0.12825
-0.12883
-0.12942
-0.13001
-0.13059
-0.13117
-0.13176
-0.13234
-0.13292
-0.13349
-0.13407
-0.13464
-0.13521
-0.13578
-0.13635
-0.13692
-0.13748
-0.13804
-0.13861
-0.13917
-0.13973
-0.14028
-0.14084
-0.14139
-0.14194
-0.14249
-0.14304
-0.14359
-0.14413
-0.14468
-0.14522
-0.14576
-0.1463
-0.14683
-0.14737
-0.1479
-0.14844
-0.14896
-0.14949
-0.15002
-0.15054
-0.15107
-0.15159
-0.15211
-0.15263
-0.15314
-0.15366
-0.15417
-0.15468
-0.15519
-0.1557
-0.1562
-0.1567
-0.15721
-0.15771
-0.1582
-0.1587
-0.15919
-0.15969
-0.16018
-0.16067
-0.16116
-0.16164
-0.16212
-0.16261
-0.16309
-0.16357
-0.16404
-0.16452
-0.16499
-0.16546
-0.16593
-0.1664
-0.16686
-0.16733
-0.16779
-0.16825
-0.16871
-0.16917
-0.16962
-0.17007
-0.17052
-0.17097
-0.17142
-0.17187
-0.17231
-0.17275
-0.17319
-0.17363
-0.17406
-0.1745
-0.17493
-0.17536
-0.17579
-0.17622
-0.17664
-0.17706
-0.17748
-0.1779
-0.17832
-0.17874
-0.17915
-0.17956
-0.17997
-0.18038
-0.18078
-0.18119
-0.18159
-0.18199
-0.18239
-0.18279
-0.18318
-0.18357
-0.18396
-0.18435
-0.18474
-0.18513
-0.18551
-0.18589
-0.18627
-0.18665
-0.18702
-0.1874
-0.18777
-0.18814
-0.1885
-0.18887
-0.18923
-0.1896
-0.18996
-0.19032
-0.19067
-0.19103
-0.19138
-0.19173
-0.19208
-0.19243
-0.19277
-0.19312
-0.19346
-0.1938
-0.19413
-0.19447
-0.1948
-0.19514
-0.19546
-0.19579
-0.19612
-0.19644
-0.19676
-0.19709
-0.1974
-0.19772
-0.19804
-0.19835
-0.19866
-0.19897
-0.19928
-0.19958
-0.19988
-0.20019
-0.20049
-0.20078
-0.20108
-0.20137
-0.20166
-0.20196
-0.20224
-0.20253
-0.20281
-0.2031
-0.20338
-0.20366
-0.20393
-0.20421
-0.20448
-0.20476
-0.20502
-0.20529
-0.20556
-0.20582
-0.20608
-0.20635
-0.2066
-0.20686
-0.20711
-0.20737
-0.20762
-0.20787
-0.20811
-0.20836
-0.2086
-0.20885
-0.20909
-0.20933
-0.20956
-0.2098
-0.21003
-0.21026
-0.21049
-0.21072
-0.21094
-0.21117
-0.21139
-0.21161
-0.21182
-0.21204
-0.21225
-0.21247
-0.21268
-0.21289
-0.2131
-0.2133
-0.2135
-0.21371
-0.21391
-0.21411
-0.2143
-0.2145
-0.21469
-0.21488
-0.21507
-0.21526
-0.21544
-0.21563
-0.21581
-0.21599
-0.21617
-0.21635
-0.21652
-0.2167
-0.21687
-0.21704
-0.21721
-0.21738
-0.21754
-0.21771
-0.21787
-0.21803
-0.21818
-0.21834
-0.2185
-0.21865
-0.2188
-0.21895
-0.2191
-0.21925
-0.21939
-0.21953
-0.21967
-0.21981
-0.21995
-0.22009
-0.22022
-0.22036
-0.22049
-0.22062
-0.22074
-0.22087
-0.221
-0.22112
-0.22124
-0.22136
-0.22148
-0.2216
-0.22171
-0.22182
-0.22193
-0.22205
-0.22215
-0.22226
-0.22237
-0.22247
-0.22257
-0.22267
-0.22277
-0.22287
-0.22296
-0.22306
-0.22315
-0.22324
-0.22333
-0.22342
-0.2235
-0.22359
-0.22367
-0.22376
-0.22383
-0.22391
-0.22399
-0.22407
-0.22414
-0.22421
-0.22428
-0.22435
-0.22442
-0.22449
-0.22455
-0.22462
-0.22468
-0.22474
-0.2248
-0.22486
-0.22491
-0.22497
-0.22502
-0.22507
-0.22512
-0.22517
-0.22522
-0.22527
-0.22531
-0.22535
-0.22539
-0.22543
-0.22547
-0.22551
-0.22555
-0.22558
-0.22561
-0.22565
-0.22568
-0.22571
-0.22573
-0.22576
-0.22578
-0.22581
-0.22583
-0.22585
-0.22587
-0.22589
-0.2259
-0.22592
-0.22593
-0.22595
-0.22596
-0.22597
-0.22597
-0.22598
-0.22599
-0.22599
-0.226
-0.226
-0.226
-0.226
-0.226
-0.22599
-0.22599
-0.22598
-0.22597
-0.22597
-0.22596
-0.22595
-0.22593
-0.22592
-0.22591
-0.22589
-0.22587
-0.22586
-0.22584
-0.22582
-0.22579
-0.22577
-0.22575
-0.22572
-0.22569
-0.22567
-0.22564
-0.22561
-0.22557
-0.22554
-0.22551
-0.22547
-0.22544
-0.2254
-0.22536
-0.22532
-0.22528
-0.22524
-0.22519
-0.22515
-0.2251
-0.22506
-0.22501
-0.22496
-0.22491
-0.22486
-0.22481
-0.22475
-0.2247
-0.22464
-0.22459
-0.22453
-0.22447
-0.22441
-0.22435
-0.22429
-0.22423
-0.22416
-0.2241
-0.22403
-0.22396
-0.2239
-0.22383
-0.22376
-0.22368
-0.22361
-0.22354
-0.22346
-0.22339
-0.22331
-0.22323
-0.22316
-0.22308
-0.223
-0.22291
-0.22283
-0.22275
-0.22266
-0.22258
-0.22249
-0.22241
-0.22232
-0.22223
-0.22214
-0.22205
-0.22196
-0.22186
-0.22177
-0.22167
-0.22158
-0.22148
-0.22138
-0.22128
-0.22119
-0.22109
-0.22098
-0.22088
-0.22078
-0.22068
-0.22057
-0.22047
-0.22036
-0.22025
-0.22014
-0.22003
-0.21992
-0.21981
-0.2197
-0.21959
-0.21948
-0.21936
-0.21925
-0.21913
-0.21902
-0.2189
-0.21878
-0.21866
-0.21854
-0.21842
-0.2183
-0.21818
-0.21805
-0.21793
-0.2178
-0.21768
-0.21755
-0.21743
-0.2173
-0.21717
-0.21704
-0.21691
-0.21678
-0.21665
-0.21652
-0.21638
-0.21625
-0.21611
-0.21598
-0.21584
-0.21571
-0.21557
-0.21543
-0.21529
-0.21515
-0.21501
-0.21487
-0.21473
-0.21459
-0.21444
-0.2143
-0.21416
-0.21401
-0.21386
-0.21372
-0.21357
-0.21342
-0.21328
-0.21313
-0.21298
-0.21283
-0.21267
-0.21252
-0.21237
-0.21222
-0.21206
-0.21191
-0.21175
-0.2116
-0.21144
-0.21129
-0.21113
-0.21097
-0.21081
-0.21065
-0.21049
-0.21033
-0.21017
-0.21001
-0.20985
-0.20969
-0.20952
-0.20936
-0.20919
-0.20903
-0.20886
-0.2087
-0.20853
-0.20836
-0.2082
-0.20803
-0.20786
-0.20769
-0.20752
-0.20735
-0.20718
-0.20701
-0.20683
-0.20666
-0.20649
-0.20631
-0.20614
-0.20596
-0.20579
-0.20561
-0.20544
-0.20526
-0.20508
-0.20491
-0.20473
-0.20455
-0.20437
-0.20419
-0.20401
-0.20383
-0.20365
-0.20347
-0.20328
-0.2031
-0.20292
-0.20273
-0.20255
-0.20237
-0.20218
-0.20199
-0.20181
-0.20162
-0.20144
-0.20125
-0.20106
-0.20087
-0.20068
-0.2005
-0.20031
-0.20012
-0.19993
-0.19974
-0.19954
-0.19935
-0.19916
-0.19897
-0.19878
-0.19858
-0.19839
-0.1982
-0.198
-0.19781
-0.19761
-0.19742
-0.19722
-0.19703
-0.19683
-0.19663
-0.19643
-0.19624
-0.19604
-0.19584
-0.19564
-0.19544
-0.19524
-0.19504
-0.19484
-0.19464
-0.19444
-0.19424
-0.19404
-0.19384
-0.19363
-0.19343
-0.19323
-0.19303
-0.19282
-0.19262
-0.19241
-0.19221
-0.192
-0.1918
-0.19159
-0.19139
-0.19118
-0.19097
-0.19077
-0.19056
-0.19035
-0.19015
-0.18994
-0.18973
-0.18952
-0.18931
-0.1891
-0.18889
-0.18868
-0.18847
-0.18826
-0.18805
-0.18784
-0.18763
-0.18742
-0.18721
-0.18699
-0.18678
-0.18657
-0.18635
-0.18614
-0.18593
-0.18571
-0.1855
-0.18529
-0.18507
-0.18486
-0.18464
-0.18443
-0.18421
-0.184
-0.18378
-0.18356
-0.18335
-0.18313
-0.18291
-0.1827
-0.18248
-0.18226
-0.18204
-0.18182
-0.18161
-0.18139
-0.18117
-0.18095
-0.18073
-0.18051
-0.18029
-0.18007
-0.17985
-0.17963
-0.17941
-0.17919
-0.17897
-0.17875
-0.17852
-0.1783
-0.17808
-0.17786
-0.17764
-0.17741
-0.17719
-0.17697
-0.17675
-0.17652
-0.1763
-0.17608
-0.17585
-0.17563
-0.1754
-0.17518
-0.17495
-0.17473
-0.1745
-0.17428
-0.17405
-0.17383
-0.1736
-0.17338
-0.17315
-0.17292
-0.1727
-0.17247
-0.17225
-0.17202
-0.17179
-0.17156
-0.17134
-0.17111
-0.17088
-0.17065
-0.17043
-0.1702
-0.16997
-0.16974
-0.16951
-0.16928
-0.16905
-0.16883
-0.1686
-0.16837
-0.16814
-0.16791
-0.16768
-0.16745
-0.16722
-0.16699
-0.16676
-0.16653
-0.1663
-0.16607
-0.16584
-0.1656
-0.16537
-0.16514
-0.16491
-0.16468
-0.16445
-0.16422
-0.16398
-0.16375
-0.16352
-0.16329
-0.16305
-0.16282
-0.16259
-0.16236
-0.16212
-0.16189
-0.16166
-0.16142
-0.16119
-0.16096
-0.16072
-0.16049
-0.16026
-0.16002
-0.15979
-0.15955
-0.15932
-0.15909
-0.15885
-0.15862
-0.15838
-0.15815
-0.15791
-0.15768
-0.15744
-0.15721
-0.15697
-0.15674
-0.1565
-0.15627
-0.15603
-0.15579
-0.15556
-0.15532
-0.15509
-0.15485
-0.15461
-0.15438
-0.15414
-0.15391
-0.15367
-0.15343
-0.1532
-0.15296
-0.15272
-0.15248
-0.15225
-0.15201
-0.15177
-0.15154
-0.1513
-0.15106
-0.15082
-0.15059
-0.15035
-0.15011
-0.14987
-0.14964
-0.1494
-0.14916
-0.14892
-0.14868
-0.14844
-0.14821
-0.14797
-0.14773
-0.14749
-0.14725
-0.14701
-0.14677
-0.14654
-0.1463
-0.14606
-0.14582
-0.14558
-0.14534
-0.1451
-0.14486
-0.14462
-0.14438
-0.14414
-0.1439
-0.14367
-0.14343
-0.14319
-0.14295
-0.14271
-0.14247
-0.14223
-0.14199
-0.14175
-0.14151
-0.14127
-0.14103
-0.14079
-0.14055
-0.14031
-0.14006
-0.13982
-0.13958
-0.13934
-0.1391
-0.13886
-0.13862
-0.13838
-0.13814
-0.1379
-0.13766
-0.13742
-0.13718
-0.13694
-0.13669
-0.13645
-0.13621
-0.13597
-0.13573
-0.13549
-0.13525
-0.13501
-0.13476
-0.13452
-0.13428
-0.13404
-0.1338
-0.13356
-0.13331
-0.13307
-0.13283
-0.13259
-0.13235
-0.13211
-0.13186
-0.13162
-0.13138
-0.13114
-0.1309
-0.13065
-0.13041
-0.13017
-0.12993
-0.12968
-0.12944
-0.1292
-0.12896
-0.12872
-0.12847
-0.12823
-0.12799
-0.12775
-0.1275
-0.12726
-0.12702
-0.12678
-0.12653
-0.12629
-0.12605
-0.1258
-0.12556
-0.12532
-0.12508
-0.12483
-0.12459
-0.12435
-0.1241
-0.12386
-0.12362
-0.12338
-0.12313
-0.12289
-0.12265
-0.1224
-0.12216
-0.12192
-0.12167
-0.12143
-0.12119
-0.12094
-0.1207
-0.12046
-0.12021
-0.11997
-0.11973
-0.11948
-0.11924
-0.119
-0.11875
-0.11851
-0.11827
-0.11802
-0.11778
-0.11754
-0.11729
-0.11705
-0.1168
-0.11656
-0.11632
-0.11607
-0.11583
-0.11559
-0.11534
-0.1151
-0.11486
-0.11461
-0.11437
-0.11412
-0.11388
-0.11364
-0.11339
-0.11315
-0.1129
-0.11266
-0.11242
-0.11217
-0.11193
-0.11168
-0.11144
-0.1112
-0.11095
-0.11071
-0.11046
-0.11022
-0.10998
-0.10973
-0.10949
-0.10924
-0.109
-0.10875
-0.10851
-0.10827
-0.10802
-0.10778
-0.10753
-0.10729
-0.10704
-0.1068
-0.10656
-0.10631
-0.10607
-0.10582
-0.10558
-0.10533
-0.10509
-0.10485
-0.1046
-0.10436
-0.10411
-0.10387
-0.10362
-0.10338
-0.10313
-0.10289
-0.10264
-0.1024
-0.10216
-0.10191
-0.10167
-0.10142
-0.10118
-0.10093
-0.10069
-0.10044
-0.1002
-0.099955
-0.09971
-0.099465
-0.099221
-0.098976
-0.098731
-0.098487
-0.098242
-0.097997
-0.097752
-0.097508
-0.097263
-0.097018
-0.096773
-0.096529
-0.096284
-0.096039
-0.095794
-0.09555
-0.095305
-0.09506
-0.094815
-0.09457
-0.094326
-0.094081
-0.093836
-0.093591
-0.093346
-0.093101
-0.092856
-0.092611
-0.092367
-0.092122
-0.091877
-0.091632
-0.091387
-0.091142
-0.090897
-0.090652
-0.090407
-0.090162
-0.089917
-0.089672
-0.089427
-0.089182
-0.088937
-0.088693
-0.088448
-0.088203
-0.087958
-0.087713
-0.087468
-0.087223
-0.086977
-0.086732
-0.086487
-0.086242
-0.085997
-0.085752
-0.085507
-0.085262
-0.085017
-0.084772
-0.084527
-0.084282
-0.084037
-0.083792
-0.083547
-0.083302
-0.083057
-0.082811
-0.082566
-0.082321
-0.082076
-0.081831
-0.081586
-0.081341
-0.081096
-0.08085
-0.080605
-0.08036
-0.080115
-0.07987
-0.079625
-0.07938
-0.079134
-0.078889
-0.078644
-0.078399
-0.078154
-0.077909
-0.077663
-0.077418
-0.077173
-0.076928
-0.076683
-0.076437
-0.076192
-0.075947
-0.075702
-0.075457
-0.075211
-0.074966
-0.074721
-0.074476
-0.074231
-0.073985
-0.07374
-0.073495
-0.07325
-0.073004
-0.072759
-0.072514
-0.072269
-0.072023
-0.071778
-0.071533
-0.071288
-0.071042
-0.070797
-0.070552
-0.070307
-0.070061
-0.069816
-0.069571
-0.069325
-0.06908
-0.068835
-0.06859
-0.068344
-0.068099
-0.067854
-0.067609
-0.067363
-0.067118
-0.066873
-0.066627
-0.066382
-0.066137
-0.065891
-0.065646
-0.065401
-0.065156
-0.06491
-0.064665
-0.06442
-0.064174
-0.063929
-0.063684
-0.063438
-0.063193
-0.062948
-0.062702
-0.062457
-0.062212
-0.061966
-0.061721
-0.061476
-0.06123
-0.060985
-0.06074
-0.060494
-0.060249
-0.060004
-0.059758
-0.059513
-0.059268
-0.059022
-0.058777
-0.058532
-0.058286
-0.058041
-0.057796
-0.05755
-0.057305
-0.057059
-0.056814
-0.056569
-0.056323
-0.056078
-0.055833
-0.055587
-0.055342
-0.055097
-0.054851
-0.054606
-0.05436
-0.054115
-0.05387
-0.053624
-0.053379
-0.053134
-0.052888
-0.052643
-0.052397
-0.052152
-0.051907
-0.051661
-0.051416
-0.051171
-0.050925
-0.05068
-0.050434
-0.050189
-0.049944
-0.049698
-0.049453
-0.049208
-0.048962
-0.048717
-0.048471
-0.048226
-0.047981
-0.047735
-0.04749
-0.047244
-0.046999
-0.046754
-0.046508
-0.046263
-0.046017
-0.045772
-0.045527
-0.045281
-0.045036
-0.04479
-0.044545
-0.0443
-0.044054
-0.043809
-0.043563
-0.043318
-0.043073
-0.042827
-0.042582
-0.042336
-0.042091
-0.041846
-0.0416
-0.041355
-0.041109
-0.040864
-0.040619
-0.040373
-0.040128
-0.039882
-0.039637
-0.039391
-0.039146
-0.038901
-0.038655
-0.03841
-0.038164
-0.037919
-0.037674
-0.037428
-0.037183
-0.036937
-0.036692
-0.036447
-0.036201
-0.035956
-0.03571
-0.035465
-0.035219
-0.034974
-0.034729
-0.034483
-0.034238
-0.033992
-0.033747
-0.033501
-0.033256
-0.033011
-0.032765
-0.03252
-0.032274
-0.032029
-0.031784
-0.031538
-0.031293
-0.031047
-0.030802
-0.030556
-0.030311
-0.030066
-0.02982
-0.029575
-0.029329
-0.029084
-0.028838
-0.028593
-0.028348
-0.028102
-0.027857
-0.027611
-0.027366
-0.02712
-0.026875
-0.02663
-0.026384
-0.026139
-0.025893
-0.025648
-0.025402
-0.025157
-0.024912
-0.024666
-0.024421
-0.024175
-0.02393
-0.023684
-0.023439
-0.023194
-0.022948
-0.022703
-0.022457
-0.022212
-0.021966
-0.021721
-0.021476
-0.02123
-0.020985
-0.020739
-0.020494
-0.020248
-0.020003
-0.019758
-0.019512
-0.019267
-0.019021
-0.018776
-0.01853
-0.018285
-0.01804
-0.017794
-0.017549
-0.017303
-0.017058
-0.016812
-0.016567
-0.016322
-0.016076
-0.015831
-0.015585
-0.01534
-0.015094
-0.014849
-0.014603
-0.014358
-0.014113
-0.013867
-0.013622
-0.013376
-0.013131
-0.012885
-0.01264
-0.012395
-0.012149
-0.011904
-0.011658
-0.011413
-0.011167
-0.010922
-0.010676
-0.010431
-0.010186
-0.0099402
-0.0096948
-0.0094493
-0.0092039
-0.0089584
-0.008713
-0.0084676
-0.0082221
-0.0079767
-0.0077313
-0.0074858
-0.0072404
-0.006995
-0.0067495
-0.0065041
-0.0062586
-0.0060132
-0.0057678
-0.0055223
-0.0052769
-0.0050315
-0.004786
-0.0045406
-0.0042951
-0.0040497
-0.0038043
-0.0035588
-0.0033134
-0.003068
-0.0028225
-0.0025771
-0.0023317
-0.0020862
-0.0018408
-0.0015953
-0.0013499
-0.0011045
-0.00085903
-0.00061359
-0.00036816
-0.00012272
0.00012272
0.00036816
0.00061359
0.00085903
0.0011045
0.0013499
0.0015953
0.0018408
0.0020862
0.0023317
0.0025771
0.0028225
0.003068
0.0033134
0.0035588
0.0038043
0.0040497
0.0042951
0.0045406
0.004786
0.0050315
0.0052769
0.0055223
0.0057678
0.0060132
0.0062586
0.0065041
0.0067495
0.006995
0.0072404
0.0074858
0.0077313
0.0079767
0.0082221
0.0084676
0.008713
0.0089584
0.0092039
0.0094493
0.0096948
0.0099402
0.010186
0.010431
0.010676
0.010922
0.011167
0.011413
0.011658
0.011904
0.012149
0.012395
0.01264
0.012885
0.013131
0.013376
0.013622
0.013867
0.014113
0.014358
0.014603
0.014849
0.015094
0.01534
0.015585
0.015831
0.016076
0.016322
0.016567
0.016812
0.017058
0.017303
0.017549
0.017794
0.01804
0.018285
0.01853
0.018776
0.019021
0.019267
0.019512
0.019758
0.020003
0.020248
0.020494
0.020739
0.020985
0.02123
0.021476
0.021721
0.021966
0.022212
0.022457
0.022703
0.022948
0.023194
0.023439
0.023684
0.02393
0.024175
0.024421
0.024666
0.024912
0.025157
0.025402
0.025648
0.025893
0.026139
0.026384
0.02663
0.026875
0.02712
0.027366
0.027611
0.027857
0.028102
0.028348
0.028593
0.028838
0.029084
0.029329
0.029575
0.02982
0.030066
0.030311
0.030556
0.030802
0.031047
0.031293
0.031538
0.031784
0.032029
0.032274
0.03252
0.032765
0.033011
0.033256
0.033501
0.033747
0.033992
0.034238
0.034483
0.034729
0.034974
0.035219
0.035465
0.03571
0.035956
0.036201
0.036447
0.036692
0.036937
0.037183
0.037428
0.037674
0.037919
0.038164
0.03841
0.038655
0.038901
0.039146
0.039391
0.039637
0.039882
0.040128
0.040373
0.040619
0.040864
0.041109
0.041355
0.0416
0.041846
0.042091
0.042336
0.042582
0.042827
0.043073
0.043318
0.043563
0.043809
0.044054
0.0443
0.044545
0.04479
0.045036
0.045281
0.045527
0.045772
0.046017
0.046263
0.046508
0.046754
0.046999
0.047244
0.04749
0.047735
0.047981
0.048226
0.048471
0.048717
0.048962
0.049208
0.049453
0.049698
0.049944
0.050189
0.050434
0.05068
0.050925
0.051171
0.051416
0.051661
0.051907
0.052152
0.052397
0.052643
0.052888
0.053134
0.053379
0.053624
0.05387
0.054115
0.05436
0.054606
0.054851
0.055097
0.055342
0.055587
0.055833
0.056078
0.056323
0.056569
0.056814
0.057059
0.057305
0.05755
0.057796
0.058041
0.058286
0.058532
0.058777
0.059022
0.059268
0.059513
0.059758
0.060004
0.060249
0.060494
0.06074
0.060985
0.06123
0.061476
0.061721
0.061966
0.062212
0.062457
0.062702
0.062948
0.063193
0.063438
0.063684
0.063929
0.064174
0.06442
0.064665
0.06491
0.065156
0.065401
0.065646
0.065891
0.066137
0.066382
0.066627
0.066873
0.067118
0.067363
0.067609
0.067854
0.068099
0.068344
0.06859
0.068835
0.06908
0.069325
0.069571
0.069816
0.070061
0.070307
0.070552
0.070797
0.071042
0.071288
0.071533
0.071778
0.072023
0.072269
0.072514
0.072759
0.073004
0.07325
0.073495
0.07374
0.073985
0.074231
0.074476
0.074721
0.074966
0.075211
0.075457
0.075702
0.075947
0.076192
0.076437
0.076683
0.076928
0.077173
0.077418
0.077663
0.077909
0.078154
0.078399
0.078644
0.078889
0.079134
0.07938
0.079625
0.07987
0.080115
0.08036
0.080605
0.08085
0.081096
0.081341
0.081586
0.081831
0.082076
0.082321
0.082566
0.082811
0.083057
0.083302
0.083547
0.083792
0.084037
0.084282
0.084527
0.084772
0.085017
0.085262
0.085507
0.085752
0.085997
0.086242
0.086487
0.086732
0.086977
0.087223
0.087468
0.087713
0.087958
0.088203
0.088448
0.088693
0.088937
0.089182
0.089427
0.089672
0.089917
0.090162
0.090407
0.090652
0.090897
0.091142
0.091387
0.091632
0.091877
0.092122
0.092367
0.092611
0.092856
0.093101
0.093346
0.093591
0.093836
0.094081
0.094326
0.09457
0.094815
0.09506
0.095305
0.09555
0.095794
0.096039
0.096284
0.096529
0.096773
0.097018
0.097263
0.097508
0.097752
0.097997
0.098242
0.098487
0.098731
0.098976
0.099221
0.099465
0.09971
0.099955
0.1002
0.10044
0.10069
0.10093
0.10118
0.10142
0.10167
0.10191
0.10216
0.1024
0.10264
0.10289
0.10313
0.10338
0.10362
0.10387
0.10411
0.10436
0.1046
0.10485
0.10509
0.10533
0.10558
0.10582
0.10607
0.10631
0.10656
0.1068
0.10704
0.10729
0.10753
0.10778
0.10802
0.10827
0.10851
0.10875
0.109
0.10924
0.10949
0.10973
0.10998
0.11022
0.11046
0.11071
0.11095
0.1112
0.11144
0.11168
0.11193
0.11217
0.11242
0.11266
0.1129
0.11315
0.11339
0.11364
0.11388
0.11412
0.11437
0.11461
0.11486
0.1151
0.11534
0.11559
0.11583
0.11607
0.11632
0.11656
0.1168
0.11705
0.11729
0.11754
0.11778
0.11802
0.11827
0.11851
0.11875
0.119
0.11924
0.11948
0.11973
0.11997
0.12021
0.12046
0.1207
0.12094
0.12119
0.12143
0.12167
0.12192
0.12216
0.1224
0.12265
0.12289
0.12313
0.12338
0.12362
0.12386
0.1241
0.12435
0.12459
0.12483
0.12508
0.12532
0.12556
0.1258
0.12605
0.12629
0.12653
0.12678
0.12702
0.12726
0.1275
0.12775
0.12799
0.12823
0.12847
0.12872
0.12896
0.1292
0.12944
0.12968
0.12993
0.13017
0.13041
0.13065
0.1309
0.13114
0.13138
0.13162
0.13186
0.13211
0.13235
0.13259
0.13283
0.13307
0.13331
0.13356
0.1338
0.13404
0.13428
0.13452
0.13476
0.13501
0.13525
0.13549
0.13573
0.13597
0.13621
0.13645
0.13669
0.13694
0.13718
0.13742
0.13766
0.1379
0.13814
0.13838
0.13862
0.13886
0.1391
0.13934
0.13958
0.13982
0.14006
0.14031
0.14055
0.14079
0.14103
0.14127
0.14151
0.14175
0.14199
0.14223
0.14247
0.14271
0.14295
0.14319
0.14343
0.14367
0.1439
0.14414
0.14438
0.14462
0.14486
0.1451
0.14534
0.14558
0.14582
0.14606
0.1463
0.14654
0.14677
0.14701
0.14725
0.14749
0.14773
0.14797
0.14821
0.14844
0.14868
0.14892
0.14916
0.1494
0.14964
0.14987
0.15011
0.15035
0.15059
0.15082
0.15106
0.1513
0.15154
0.15177
0.15201
0.15225
0.15248
0.15272
0.15296
0.1532
0.15343
0.15367
0.15391
0.15414
0.15438
0.15461
0.15485
0.15509
0.15532
0.15556
0.15579
0.15603
0.15627
0.1565
0.15674
0.15697
0.15721
0.15744
0.15768
0.15791
0.15815
0.15838
0.15862
0.15885
0.15909
0.15932
0.15955
0.15979
0.16002
0.16026
0.16049
0.16072
0.16096
0.16119
0.16142
0.16166
0.16189
0.16212
0.16236
0.16259
0.16282
0.16305
0.16329
0.16352
0.16375
0.16398
0.16422
0.16445
0.16468
0.16491
0.16514
0.16537
0.1656
0.16584
0.16607
0.1663
0.16653
0.16676
0.16699
0.16722
0.16745
0.16768
0.16791
0.16814
0.16837
0.1686
0.16883
0.16905
0.16928
0.16951
0.16974
0.16997
0.1702
0.17043
0.17065
0.17088
0.17111
0.17134
0.17156
0.17179
0.17202
0.17225
0.17247
0.1727
0.17292
0.17315
0.17338
0.1736
0.17383
0.17405
0.17428
0.1745
0.17473
0.17495
0.17518
0.1754
0.17563
0.17585
0.17608
0.1763
0.17652
0.17675
0.17697
0.17719
0.17741
0.17764
0.17786
0.17808
0.1783
0.17852
0.17875
0.17897
0.17919
0.17941
0.17963
0.17985
0.18007
0.18029
0.18051
0.18073
0.18095
0.18117
0.18139
0.18161
0.18182
0.18204
0.18226
0.18248
0.1827
0.18291
0.18313
0.18335
0.18356
0.18378
0.184
0.18421
0.18443
0.18464
0.18486
0.18507
0.18529
0.1855
0.18571
0.18593
0.18614
0.18635
0.18657
0.18678
0.18699
0.18721
0.18742
0.18763
0.18784
0.18805
0.18826
0.18847
0.18868
0.18889
0.1891
0.18931
0.18952
0.18973
0.18994
0.19015
0.19035
0.19056
0.19077
0.19097
0.19118
0.19139
0.19159
0.1918
0.192
0.19221
0.19241
0.19262
0.19282
0.19303
0.19323
0.19343
0.19363
0.19384
0.19404
0.19424
0.19444
0.19464
0.19484
0.19504
0.19524
0.19544
0.19564
0.19584
0.19604
0.19624
0.19643
0.19663
0.19683
0.19703
0.19722
0.19742
0.19761
0.19781
0.198
0.1982
0.19839
0.19858
0.19878
0.19897
0.19916
0.19935
0.19954
0.19974
0.19993
0.20012
0.20031
0.2005
0.20068
0.20087
0.20106
0.20125
0.20144
0.20162
0.20181
0.20199
0.20218
0.20237
0.20255
0.20273
0.20292
0.2031
0.20328
0.20347
0.20365
0.20383
0.20401
0.20419
0.20437
0.20455
0.20473
0.20491
0.20508
0.20526
0.20544
0.20561
0.20579
0.20596
0.20614
0.20631
0.20649
0.20666
0.20683
0.20701
0.20718
0.20735
0.20752
0.20769
0.20786
0.20803
0.2082
0.20836
0.20853
0.2087
0.20886
0.20903
0.20919
0.20936
0.20952
0.20969
0.20985
0.21001
0.21017
0.21033
0.21049
0.21065
0.21081
0.21097
0.21113
0.21129
0.21144
0.2116
0.21175
0.21191
0.21206
0.21222
0.21237
0.21252
0.21267
0.21283
0.21298
0.21313
0.21328
0.21342
0.21357
0.21372
0.21386
0.21401
0.21416
0.2143
0.21444
0.21459
0.21473
0.21487
0.21501
0.21515
0.21529
0.21543
0.21557
0.21571
0.21584
0.21598
0.21611
0.21625
0.21638
0.21652
0.21665
0.21678
0.21691
0.21704
0.21717
0.2173
0.21743
0.21755
0.21768
0.2178
0.21793
0.21805
0.21818
0.2183
0.21842
0.21854
0.21866
0.21878
0.2189
0.21902
0.21913
0.21925
0.21936
0.21948
0.21959
0.2197
0.21981
0.21992
0.22003
0.22014
0.22025
0.22036
0.22047
0.22057
0.22068
0.22078
0.22088
0.22098
0.22109
0.22119
0.22128
0.22138
0.22148
0.22158
0.22167
0.22177
0.22186
0.22196
0.22205
0.22214
0.22223
0.22232
0.22241
0.22249
0.22258
0.22266
0.22275
0.22283
0.22291
0.223
0.22308
0.22316
0.22323
0.22331
0.22339
0.22346
0.22354
0.22361
0.22368
0.22376
0.22383
0.2239
0.22396
0.22403
0.2241
0.22416
0.22423
0.22429
0.22435
0.22441
0.22447
0.22453
0.22459
0.22464
0.2247
0.22475
0.22481
0.22486
0.22491
0.22496
0.22501
0.22506
0.2251
0.22515
0.22519
0.22524
0.22528
0.22532
0.22536
0.2254
0.22544
0.22547
0.22551
0.22554
0.22557
0.22561
0.22564
0.22567
0.22569
0.22572
0.22575
0.22577
0.22579
0.22582
0.22584
0.22586
0.22587
0.22589
0.22591
0.22592
0.22593
0.22595
0.22596
0.22597
0.22597
0.22598
0.22599
0.22599
0.226
0.226
0.226
0.226
0.226
0.22599
0.22599
0.22598
0.22597
0.22597
0.22596
0.22595
0.22593
0.22592
0.2259
0.22589
0.22587
0.22585
0.22583
0.22581
0.22578
0.22576
0.22573
0.22571
0.22568
0.22565
0.22561
0.22558
0.22555
0.22551
0.22547
0.22543
0.22539
0.22535
0.22531
0.22527
0.22522
0.22517
0.22512
0.22507
0.22502
0.22497
0.22491
0.22486
0.2248
0.22474
0.22468
0.22462
0.22455
0.22449
0.22442
0.22435
0.22428
0.22421
0.22414
0.22407
0.22399
0.22391
0.22383
0.22376
0.22367
0.22359
0.2235
0.22342
0.22333
0.22324
0.22315
0.22306
0.22296
0.22287
0.22277
0.22267
0.22257
0.22247
0.22237
0.22226
0.22215
0.22205
0.22193
0.22182
0.22171
0.2216
0.22148
0.22136
0.22124
0.22112
0.221
0.22087
0.22074
0.22062
0.22049
0.22036
0.22022
0.22009
0.21995
0.21981
0.21967
0.21953
0.21939
0.21925
0.2191
0.21895
0.2188
0.21865
0.2185
0.21834
0.21818
0.21803
0.21787
0.21771
0.21754
0.21738
0.21721
0.21704
0.21687
0.2167
0.21652
0.21635
0.21617
0.21599
0.21581
0.21563
0.21544
0.21526
0.21507
0.21488
0.21469
0.2145
0.2143
0.21411
0.21391
0.21371
0.2135
0.2133
0.2131
0.21289
0.21268
0.21247
0.21225
0.21204
0.21182
0.21161
0.21139
0.21117
0.21094
0.21072
0.21049
0.21026
0.21003
0.2098
0.20956
0.20933
0.20909
0.20885
0.2086
0.20836
0.20811
0.20787
0.20762
0.20737
0.20711
0.20686
0.2066
0.20635
0.20608
0.20582
0.20556
0.20529
0.20502
0.20476
0.20448
0.20421
0.20393
0.20366
0.20338
0.2031
0.20281
0.20253
0.20224
0.20196
0.20166
0.20137
0.20108
0.20078
0.20049
0.20019
0.19988
0.19958
0.19928
0.19897
0.19866
0.19835
0.19804
0.19772
0.1974
0.19709
0.19676
0.19644
0.19612
0.19579
0.19546
0.19514
0.1948
0.19447
0.19413
0.1938
0.19346
0.19312
0.19277
0.19243
0.19208
0.19173
0.19138
0.19103
0.19067
0.19032
0.18996
0.1896
0.18923
0.18887
0.1885
0.18814
0.18777
0.1874
0.18702
0.18665
0.18627
0.18589
0.18551
0.18513
0.18474
0.18435
0.18396
0.18357
0.18318
0.18279
0.18239
0.18199
0.18159
0.18119
0.18078
0.18038
0.17997
0.17956
0.17915
0.17874
0.17832
0.1779
0.17748
0.17706
0.17664
0.17622
0.17579
0.17536
0.17493
0.1745
0.17406
0.17363
0.17319
0.17275
0.17231
0.17187
0.17142
0.17097
0.17052
0.17007
0.16962
0.16917
0.16871
0.16825
0.16779
0.16733
0.16686
0.1664
0.16593
0.16546
0.16499
0.16452
0.16404
0.16357
0.16309
0.16261
0.16212
0.16164
0.16116
0.16067
0.16018
0.15969
0.15919
0.1587
0.1582
0.15771
0.15721
0.1567
0.1562
0.1557
0.15519
0.15468
0.15417
0.15366
0.15314
0.15263
0.15211
0.15159
0.15107
0.15054
0.15002
0.14949
0.14896
0.14844
0.1479
0.14737
0.14683
0.1463
0.14576
0.14522
0.14468
0.14413
0.14359
0.14304
0.14249
0.14194
0.14139
0.14084
0.14028
0.13973
0.13917
0.13861
0.13804
0.13748
0.13692
0.13635
0.13578
0.13521
0.13464
0.13407
0.13349
0.13292
0.13234
0.13176
0.13117
0.13059
0.13001
0.12942
0.12883
0.12825
0.12765
0.12706
0.12647
0.12587
0.12528
0.12468
0.12408
0.12348
0.12287
0.12227
0.12166
0.12106
0.12045
0.11984
0.11923
0.11861
0.118
0.11738
0.11676
0.11615
0.11552
0.1149
0.11428
0.11365
0.11303
0.1124
0.11177
0.11114
0.11051
0.10988
0.10924
0.10861
0.10797
0.10733
0.10669
0.10605
0.10541
0.10476
0.10412
0.10347
0.10282
0.10217
0.10152
0.10087
0.10022
0.099564
0.098907
0.098252
0.097593
0.096934
0.096273
0.095612
0.094948
0.094285
0.093618
0.092953
0.092284
0.091616
0.090945
0.090274
0.089601
0.088928
0.088253
0.087578
0.0869
0.086222
0.085542
0.084863
0.08418
0.083499
0.082814
0.08213
0.081444
0.080758
0.080069
0.079381
0.07869
0.078
0.077307
0.076615
0.07592
0.075226
0.074529
0.073833
0.073134
0.072436
0.071736
0.071036
0.070333
0.069631
0.068927
0.068223
0.067517
0.066812
0.066104
0.065397
0.064687
0.063978
0.063267
0.062556
0.061843
0.061131
0.060417
0.059703
0.058987
0.058271
0.057553
0.056836
0.056117
0.055398
0.054678
0.053958
0.053236
0.052514
0.051791
0.051068
0.050343
0.049618
0.048892
0.048166
0.047439
0.046712
0.045983
0.045255
0.044525
0.043796
0.043065
0.042334
0.041602
0.04087
0.040136
0.039403
0.038669
0.037935
0.037199
0.036464
0.035728
0.034992
0.034254
0.033517
0.032779
0.032041
0.031302
0.030563
0.029823
0.029083
0.028342
0.027602
0.02686
0.026119
0.025377
0.024635
0.023892
0.023149
0.022405
0.021662
0.020917
0.020173
0.019429
0.018684
0.017939
0.017193
0.016447
0.015702
0.014955
0.014209
0.013463
0.012716
0.011969
0.011222
0.010475
0.0097272
0.0089795
0.0082318
0.0074839
0.0067359
0.0059878
0.0052396
0.0044912
0.0037429
0.0029944
0.0022459
0.0014973
0.00074867
