-0.027239
-0.036095
-0.041271
-0.044867
-0.047585
-0.049744
-0.051517
-0.053005
-0.054277
-0.055377
-0.05634
-0.057188
-0.057942
-0.058614
-0.059216
-0.059758
-0.060248
-0.060691
-0.061092
-0.061457
-0.061789
-0.06209
-0.062365
-0.062616
-0.062844
-0.063052
-0.063241
-0.063413
-0.063569
-0.063711
-0.063839
-0.063954
-0.064058
-0.064151
-0.064234
-0.064308
-0.064373
-0.064429
-0.064478
-0.06452
-0.064555
-0.064583
-0.064606
-0.064623
-0.064634
-0.064641
-0.064643
-0.06464
-0.064633
-0.064622
-0.064608
-0.064589
-0.064568
-0.064543
-0.064515
-0.064484
-0.064451
-0.064415
-0.064376
-0.064335
-0.064292
-0.064247
-0.0642
-0.06415
-0.064099
-0.064047
-0.063992
-0.063936
-0.063878
-0.063819
-0.063759
-0.063697
-0.063634
-0.06357
-0.063505
-0.063438
-0.063371
-0.063302
-0.063233
-0.063162
-0.063091
-0.063019
-0.062946
-0.062872
-0.062798
-0.062723
-0.062647
-0.06257
-0.062493
-0.062415
-0.062337
-0.062258
-0.062179
-0.062099
-0.062019
-0.061938
-0.061857
-0.061775
-0.061693
-0.061611
-0.061528
-0.061445
-0.061361
-0.061277
-0.061193
-0.061109
-0.061024
-0.060939
-0.060854
-0.060768
-0.060682
-0.060596
-0.06051
-0.060423
-0.060336
-0.060249
-0.060162
-0.060075
-0.059987
-0.0599
-0.059812
-0.059724
-0.059636
-0.059547
-0.059459
-0.05937
-0.059281
-0.059192
-0.059103
-0.059014
-0.058925
-0.058836
-0.058746
-0.058656
-0.058567
-0.058477
-0.058387
-0.058297
-0.058207
-0.058117
-0.058027
-0.057937
-0.057846
-0.057756
-0.057665
-0.057575
-0.057484
-0.057393
-0.057303
-0.057212
-0.057121
-0.05703
-0.056939
-0.056848
-0.056757
-0.056666
-0.056575
-0.056484
-0.056393
-0.056301
-0.05621
-0.056119
-0.056027
-0.055936
-0.055844
-0.055753
-0.055662
-0.05557
-0.055478
-0.055387
-0.055295
-0.055204
-0.055112
-0.05502
-0.054929
-0.054837
-0.054745
-0.054653
-0.054562
-0.05447
-0.054378
-0.054286
-0.054194
-0.054102
-0.054011
-0.053919
-0.053827
-0.053735
-0.053643
-0.053551
-0.053459
-0.053367
-0.053275
-0.053183
-0.053091
-0.052999
-0.052907
-0.052815
-0.052723
-0.052631
-0.052539
-0.052447
-0.052354
-0.052262
-0.05217
-0.052078
-0.051986
-0.051894
-0.051802
-0.05171
-0.051617
-0.051525
-0.051433
-0.051341
-0.051249
-0.051157
-0.051064
-0.050972
-0.05088
-0.050788
-0.050696
-0.050604
-0.050511
-0.050419
-0.050327
-0.050235
-0.050142
-0.05005
-0.049958
-0.049866
-0.049774
-0.049681
-0.049589
-0.049497
-0.049405
-0.049312
-0.04922
-0.049128
-0.049036
-0.048943
-0.048851
-0.048759
-0.048666
-0.048574
-0.048482
-0.04839
-0.048297
-0.048205
-0.048113
-0.048021
-0.047928
-0.047836
-0.047744
-0.047651
-0.047559
-0.047467
-0.047375
-0.047282
-0.04719
-0.047098
-0.047005
-0.046913
-0.046821
-0.046728
-0.046636
-0.046544
-0.046452
-0.046359
-0.046267
-0.046175
-0.046082
-0.04599
-0.045898
-0.045805
-0.045713
-0.045621
-0.045529
-0.045436
-0.045344
-0.045252
-0.045159
-0.045067
-0.044975
-0.044882
-0.04479
-0.044698
-0.044605
-0.044513
-0.044421
-0.044329
-0.044236
-0.044144
-0.044052
-0.043959
-0.043867
-0.043775
-0.043682
-0.04359
-0.043498
-0.043405
-0.043313
-0.043221
-0.043128
-0.043036
-0.042944
-0.042851
-0.042759
-0.042667
-0.042574
-0.042482
-0.04239
-0.042298
-0.042205
-0.042113
-0.042021
-0.041928
-0.041836
-0.041744
-0.041651
-0.041559
-0.041467
-0.041374
-0.041282
-0.04119
-0.041097
-0.041005
-0.040913
-0.04082
-0.040728
-0.040636
-0.040543
-0.040451
-0.040359
-0.040266
-0.040174
-0.040082
-0.039989
-0.039897
-0.039805
-0.039713
-0.03962
-0.039528
-0.039436
-0.039343
-0.039251
-0.039159
-0.039066
-0.038974
-0.038882
-0.038789
-0.038697
-0.038605
-0.038512
-0.03842
-0.038328
-0.038235
-0.038143
-0.038051
-0.037958
-0.037866
-0.037774
-0.037681
-0.037589
-0.037497
-0.037404
-0.037312
-0.03722
-0.037127
-0.037035
-0.036943
-0.03685
-0.036758
-0.036666
-0.036573
-0.036481
-0.036389
-0.036297
-0.036204
-0.036112
-0.03602
-0.035927
-0.035835
-0.035743
-0.03565
-0.035558
-0.035466
-0.035373
-0.035281
-0.035189
-0.035096
-0.035004
-0.034912
-0.034819
-0.034727
-0.034635
-0.034542
-0.03445
-0.034358
-0.034265
-0.034173
-0.034081
-0.033988
-0.033896
-0.033804
-0.033711
-0.033619
-0.033527
-0.033434
-0.033342
-0.03325
-0.033157
-0.033065
-0.032973
-0.032881
-0.032788
-0.032696
-0.032604
-0.032511
-0.032419
-0.032327
-0.032234
-0.032142
-0.03205
-0.031957
-0.031865
-0.031773
-0.03168
-0.031588
-0.031496
-0.031403
-0.031311
-0.031219
-0.031126
-0.031034
-0.030942
-0.030849
-0.030757
-0.030665
-0.030572
-0.03048
-0.030388
-0.030295
-0.030203
-0.030111
-0.030019
-0.029926
-0.029834
-0.029742
-0.029649
-0.029557
-0.029465
-0.029372
-0.02928
-0.029188
-0.029095
-0.029003
-0.028911
-0.028818
-0.028726
-0.028634
-0.028541
-0.028449
-0.028357
-0.028264
-0.028172
-0.02808
-0.027988
-0.027895
-0.027803
-0.027711
-0.027618
-0.027526
-0.027434
-0.027341
-0.027249
-0.027157
-0.027064
-0.026972
-0.02688
-0.026787
-0.026695
-0.026603
-0.026511
-0.026418
-0.026326
-0.026234
-0.026141
-0.026049
-0.025957
-0.025864
-0.025772
-0.02568
-0.025587
-0.025495
-0.025403
-0.02531
-0.025218
-0.025126
-0.025034
-0.024941
-0.024849
-0.024757
-0.024664
-0.024572
-0.02448
-0.024387
-0.024295
-0.024203
-0.024111
-0.024018
-0.023926
-0.023834
-0.023741
-0.023649
-0.023557
-0.023464
-0.023372
-0.02328
-0.023188
-0.023095
-0.023003
-0.022911
-0.022818
-0.022726
-0.022634
-0.022542
-0.022449
-0.022357
-0.022265
-0.022172
-0.02208
-0.021988
-0.021896
-0.021803
-0.021711
-0.021619
-0.021526
-0.021434
-0.021342
-0.02125
-0.021157
-0.021065
-0.020973
-0.020881
-0.020788
-0.020696
-0.020604
-0.020511
-0.020419
-0.020327
-0.020235
-0.020142
-0.02005
-0.019958
-0.019866
-0.019773
-0.019681
-0.019589
-0.019497
-0.019404
-0.019312
-0.01922
-0.019128
-0.019035
-0.018943
-0.018851
-0.018759
-0.018666
-0.018574
-0.018482
-0.01839
-0.018298
-0.018205
-0.018113
-0.018021
-0.017929
-0.017836
-0.017744
-0.017652
-0.01756
-0.017468
-0.017375
-0.017283
-0.017191
-0.017099
-0.017007
-0.016914
-0.016822
-0.01673
-0.016638
-0.016546
-0.016454
-0.016361
-0.016269
-0.016177
-0.016085
-0.015993
-0.015901
-0.015808
-0.015716
-0.015624
-0.015532
-0.01544
-0.015348
-0.015256
-0.015163
-0.015071
-0.014979
-0.014887
-0.014795
-0.014703
-0.014611
-0.014519
-0.014426
-0.014334
-0.014242
-0.01415
-0.014058
-0.013966
-0.013874
-0.013782
-0.01369
-0.013598
-0.013506
-0.013414
-0.013322
-0.01323
-0.013138
-0.013046
-0.012954
-0.012861
-0.012769
-0.012677
-0.012585
-0.012493
-0.012401
-0.012309
-0.012218
-0.012126
-0.012034
-0.011942
-0.01185
-0.011758
-0.011666
-0.011574
-0.011482
-0.01139
-0.011298
-0.011206
-0.011114
-0.011022
-0.01093
-0.010839
-0.010747
-0.010655
-0.010563
-0.010471
-0.010379
-0.010287
-0.010196
-0.010104
-0.010012
-0.0099202
-0.0098284
-0.0097367
-0.0096449
-0.0095531
-0.0094614
-0.0093696
-0.0092779
-0.0091862
-0.0090945
-0.0090027
-0.0089111
-0.0088194
-0.0087277
-0.008636
-0.0085444
-0.0084527
-0.0083611
-0.0082695
-0.0081779
-0.0080863
-0.0079947
-0.0079031
-0.0078115
-0.00772
-0.0076285
-0.0075369
-0.0074454
-0.0073539
-0.0072624
-0.007171
-0.0070795
-0.006988
-0.0068966
-0.0068052
-0.0067138
-0.0066224
-0.006531
-0.0064396
-0.0063483
-0.006257
-0.0061656
-0.0060743
-0.005983
-0.0058918
-0.0058005
-0.0057093
-0.005618
-0.0055268
-0.0054356
-0.0053445
-0.0052533
-0.0051622
-0.005071
-0.0049799
-0.0048889
-0.0047978
-0.0047067
-0.0046157
-0.0045247
-0.0044337
-0.0043427
-0.0042518
-0.0041608
-0.0040699
-0.003979
-0.0038881
-0.0037973
-0.0037065
-0.0036156
-0.0035248
-0.0034341
-0.0033433
-0.0032526
-0.0031619
-0.0030712
-0.0029806
-0.0028899
-0.0027993
-0.0027088
-0.0026182
-0.0025277
-0.0024372
-0.0023467
-0.0022562
-0.0021658
-0.0020754
-0.001985
-0.0018946
-0.0018043
-0.001714
-0.0016237
-0.0015335
-0.0014433
-0.0013531
-0.0012629
-0.0011728
-0.0010827
-0.00099262
-0.00090258
-0.00081257
-0.00072259
-0.00063265
-0.00054273
-0.00045285
-0.00036299
-0.00027317
-0.00018339
-9.3635e-05
-3.9161e-06
8.5769e-05
0.00017542
0.00026504
0.00035462
0.00044416
0.00053367
0.00062314
0.00071258
0.00080198
0.00089134
0.00098066
0.00107
0.0011592
0.0012484
0.0013376
0.0014267
0.0015158
0.0016048
0.0016938
0.0017828
0.0018717
0.0019606
0.0020494
0.0021382
0.002227
0.0023157
0.0024044
0.002493
0.0025815
0.0026701
0.0027585
0.002847
0.0029354
0.0030237
0.003112
0.0032002
0.0032884
0.0033765
0.0034646
0.0035527
0.0036407
0.0037286
0.0038165
0.0039043
0.0039921
0.0040798
0.0041675
0.0042551
0.0043426
0.0044301
0.0045176
0.004605
0.0046923
0.0047796
0.0048668
0.0049539
0.005041
0.0051281
0.0052151
0.005302
0.0053888
0.0054756
0.0055623
0.005649
0.0057356
0.0058221
0.0059086
0.005995
0.0060813
0.0061676
0.0062538
0.0063399
0.006426
0.006512
0.0065979
0.0066837
0.0067695
0.0068552
0.0069409
0.0070264
0.0071119
0.0071973
0.0072827
0.0073679
0.0074531
0.0075382
0.0076232
0.0077082
0.0077931
0.0078779
0.0079626
0.0080472
0.0081317
0.0082162
0.0083006
0.0083849
0.0084691
0.0085532
0.0086373
0.0087212
0.0088051
0.0088889
0.0089726
0.0090562
0.0091397
0.0092231
0.0093064
0.0093897
0.0094728
0.0095558
0.0096388
0.0097216
0.0098044
0.0098871
0.0099696
0.010052
0.010134
0.010217
0.010299
0.010381
0.010463
0.010545
0.010627
0.010708
0.01079
0.010871
0.010952
0.011034
0.011115
0.011196
0.011277
0.011357
0.011438
0.011519
0.011599
0.011679
0.01176
0.01184
0.01192
0.012
0.012079
0.012159
0.012238
0.012318
0.012397
0.012476
0.012555
0.012634
0.012713
0.012792
0.01287
0.012948
0.013027
0.013105
0.013183
0.013261
0.013338
0.013416
0.013493
0.013571
0.013648
0.013725
0.013802
0.013879
0.013955
0.014032
0.014108
0.014184
0.01426
0.014336
0.014412
0.014488
0.014563
0.014638
0.014713
0.014788
0.014863
0.014938
0.015013
0.015087
0.015161
0.015235
0.015309
0.015383
0.015457
0.01553
0.015603
0.015677
0.01575
0.015822
0.015895
0.015967
0.01604
0.016112
0.016184
0.016256
0.016327
0.016399
0.01647
0.016541
0.016612
0.016683
0.016753
0.016824
0.016894
0.016964
0.017034
0.017104
0.017173
0.017242
0.017311
0.01738
0.017449
0.017518
0.017586
0.017654
0.017722
0.01779
0.017858
0.017925
0.017992
0.018059
0.018126
0.018193
0.018259
0.018325
0.018391
0.018457
0.018523
0.018588
0.018653
0.018718
0.018783
0.018847
0.018912
0.018976
0.01904
0.019104
0.019167
0.01923
0.019293
0.019356
0.019419
0.019481
0.019543
0.019605
0.019667
0.019729
0.01979
0.019851
0.019912
0.019972
0.020033
0.020093
0.020153
0.020212
0.020272
0.020331
0.02039
0.020449
0.020507
0.020565
0.020623
0.020681
0.020739
0.020796
0.020853
0.02091
0.020966
0.021022
0.021078
0.021134
0.02119
0.021245
0.0213
0.021355
0.021409
0.021463
0.021517
0.021571
0.021625
0.021678
0.021731
0.021783
0.021836
0.021888
0.02194
0.021991
0.022043
0.022094
0.022145
0.022195
0.022245
0.022295
0.022345
0.022394
0.022444
0.022492
0.022541
0.022589
0.022637
0.022685
0.022733
0.02278
0.022827
0.022873
0.02292
0.022966
0.023011
0.023057
0.023102
0.023147
0.023191
0.023235
0.023279
0.023323
0.023366
0.02341
0.023452
0.023495
0.023537
0.023579
0.02362
0.023662
0.023703
0.023743
0.023784
0.023824
0.023863
0.023903
0.023942
0.023981
0.024019
0.024057
0.024095
0.024132
0.02417
0.024207
0.024243
0.024279
0.024315
0.024351
0.024386
0.024421
0.024456
0.02449
0.024524
0.024557
0.024591
0.024624
0.024656
0.024689
0.024721
0.024752
0.024784
0.024815
0.024845
0.024876
0.024906
0.024935
0.024964
0.024993
0.025022
0.02505
0.025078
0.025106
0.025133
0.02516
0.025186
0.025213
0.025238
0.025264
0.025289
0.025314
0.025338
0.025362
0.025386
0.02541
0.025433
0.025455
0.025478
0.0255
0.025521
0.025542
0.025563
0.025584
0.025604
0.025624
0.025643
0.025662
0.025681
0.025699
0.025717
0.025735
0.025752
0.025769
0.025786
0.025802
0.025818
0.025833
0.025848
0.025863
0.025877
0.025891
0.025905
0.025918
0.025931
0.025943
0.025955
0.025967
0.025978
0.025989
0.026
0.02601
0.02602
0.026029
0.026039
0.026047
0.026056
0.026063
0.026071
0.026078
0.026085
0.026091
0.026097
0.026103
0.026108
0.026113
0.026118
0.026122
0.026126
0.026129
0.026132
0.026134
0.026137
0.026138
0.02614
0.026141
0.026141
0.026142
0.026141
0.026141
0.02614
0.026139
0.026137
0.026135
0.026132
0.026129
0.026126
0.026123
0.026118
0.026114
0.026109
0.026104
0.026098
0.026092
0.026086
0.026079
0.026072
0.026064
0.026056
0.026048
0.026039
0.02603
0.02602
0.02601
0.026
0.025989
0.025978
0.025966
0.025954
0.025942
0.025929
0.025916
0.025903
0.025889
0.025874
0.02586
0.025844
0.025829
0.025813
0.025797
0.02578
0.025763
0.025745
0.025727
0.025709
0.02569
0.025671
0.025652
0.025632
0.025612
0.025591
0.02557
0.025548
0.025526
0.025504
0.025482
0.025458
0.025435
0.025411
0.025387
0.025362
0.025337
0.025312
0.025286
0.02526
0.025233
0.025206
0.025178
0.025151
0.025122
0.025094
0.025065
0.025035
0.025006
0.024975
0.024945
0.024914
0.024882
0.024851
0.024819
0.024786
0.024753
0.02472
0.024686
0.024652
0.024617
0.024582
0.024547
0.024512
0.024475
0.024439
0.024402
0.024365
0.024327
0.024289
0.024251
0.024212
0.024173
0.024133
0.024094
0.024053
0.024013
0.023971
0.02393
0.023888
0.023846
0.023803
0.02376
0.023717
0.023673
0.023629
0.023584
0.02354
0.023494
0.023449
0.023403
0.023356
0.023309
0.023262
0.023215
0.023167
0.023119
0.02307
0.023021
0.022971
0.022922
0.022872
0.022821
0.02277
0.022719
0.022667
0.022615
0.022563
0.02251
0.022457
0.022404
0.02235
0.022296
0.022241
0.022186
0.022131
0.022075
0.02202
0.021963
0.021906
0.021849
0.021792
0.021734
0.021676
0.021618
0.021559
0.0215
0.02144
0.02138
0.02132
0.021259
0.021198
0.021137
0.021076
0.021014
0.020951
0.020889
0.020826
0.020762
0.020699
0.020635
0.02057
0.020505
0.02044
0.020375
0.020309
0.020243
0.020177
0.02011
0.020043
0.019976
0.019908
0.01984
0.019772
0.019703
0.019634
0.019564
0.019495
0.019425
0.019354
0.019284
0.019213
0.019141
0.01907
0.018998
0.018926
0.018853
0.01878
0.018707
0.018633
0.01856
0.018485
0.018411
0.018336
0.018261
0.018186
0.01811
0.018034
0.017958
0.017881
0.017804
0.017727
0.01765
0.017572
0.017494
0.017415
0.017337
0.017258
0.017178
0.017099
0.017019
0.016939
0.016858
0.016778
0.016697
0.016615
0.016534
0.016452
0.01637
0.016287
0.016204
0.016121
0.016038
0.015955
0.015871
0.015787
0.015702
0.015618
0.015533
0.015447
0.015362
0.015276
0.01519
0.015104
0.015017
0.014931
0.014844
0.014756
0.014669
0.014581
0.014493
0.014404
0.014316
0.014227
0.014138
0.014048
0.013959
0.013869
0.013779
0.013688
0.013598
0.013507
0.013416
0.013324
0.013233
0.013141
0.013049
0.012956
0.012864
0.012771
0.012678
0.012585
0.012491
0.012398
0.012304
0.012209
0.012115
0.01202
0.011925
0.01183
0.011735
0.011639
0.011544
0.011448
0.011351
0.011255
0.011158
0.011061
0.010964
0.010867
0.010769
0.010672
0.010574
0.010476
0.010377
0.010279
0.01018
0.010081
0.0099818
0.0098824
0.0097828
0.009683
0.009583
0.0094828
0.0093824
0.0092818
0.0091811
0.0090801
0.0089789
0.0088775
0.008776
0.0086742
0.0085723
0.0084701
0.0083678
0.0082653
0.0081626
0.0080598
0.0079567
0.0078535
0.00775
0.0076464
0.0075427
0.0074387
0.0073346
0.0072302
0.0071257
0.0070211
0.0069162
0.0068112
0.006706
0.0066007
0.0064952
0.0063895
0.0062836
0.0061776
0.0060714
0.005965
0.0058585
0.0057518
0.005645
0.005538
0.0054308
0.0053235
0.005216
0.0051083
0.0050005
0.0048925
0.0047845
0.0046762
0.0045678
0.0044591
0.0043505
0.0042415
0.0041326
0.0040233
0.0039142
0.0038044
0.0036951
0.003585
0.0034755
0.0033649
0.0032554
0.0031442
0.0030348
0.0029229
0.0028136
0.0027009
0.002592
0.0024784
0.0023698
0.0022552
0.0021472
0.0020315
0.001924
0.0018071
0.0017003
0.0015823
0.0014761
0.0013571
0.0012511
0.0011315
0.0010254
0.00090561
0.00079897
0.00067954
0.00057166
0.00045328
0.00034354
0.0002268
0.00011467
