-0.0013158
-0.0016946
-0.0018946
-0.0020215
-0.0021098
-0.0021746
-0.002224
-0.0022626
-0.0022934
-0.0023182
-0.0023386
-0.0023553
-0.0023693
-0.0023809
-0.0023906
-0.0023988
-0.0024057
-0.0024115
-0.0024163
-0.0024204
-0.0024238
-0.0024266
-0.0024289
-0.0024308
-0.0024323
-0.0024334
-0.0024343
-0.0024349
-0.0024353
-0.0024355
-0.0024355
-0.0024353
-0.0024351
-0.0024346
-0.0024341
-0.0024335
-0.0024328
-0.002432
-0.0024311
-0.0024302
-0.0024292
-0.0024281
-0.0024271
-0.0024259
-0.0024248
-0.0024236
-0.0024223
-0.0024211
-0.0024198
-0.0024184
-0.0024171
-0.0024157
-0.0024144
-0.002413
-0.0024116
-0.0024102
-0.0024087
-0.0024073
-0.0024058
-0.0024044
-0.0024029
-0.0024014
-0.0023999
-0.0023984
-0.0023969
-0.0023954
-0.0023939
-0.0023924
-0.0023909
-0.0023894
-0.0023878
-0.0023863
-0.0023848
-0.0023832
-0.0023817
-0.0023802
-0.0023786
-0.0023771
-0.0023755
-0.002374
-0.0023724
-0.0023709
-0.0023693
-0.0023678
-0.0023662
-0.0023647
-0.0023631
-0.0023615
-0.00236
-0.0023584
-0.0023569
-0.0023553
-0.0023537
-0.0023522
-0.0023506
-0.002349
-0.0023475
-0.0023459
-0.0023444
-0.0023428
-0.0023412
-0.0023397
-0.0023381
-0.0023365
-0.002335
-0.0023334
-0.0023318
-0.0023303
-0.0023287
-0.0023271
-0.0023256
-0.002324
-0.0023224
-0.0023208
-0.0023193
-0.0023177
-0.0023161
-0.0023146
-0.002313
-0.0023114
-0.0023099
-0.0023083
-0.0023067
-0.0023052
-0.0023036
-0.002302
-0.0023005
-0.0022989
-0.0022973
-0.0022957
-0.0022942
-0.0022926
-0.002291
-0.0022895
-0.0022879
-0.0022863
-0.0022848
-0.0022832
-0.0022816
-0.0022801
-0.0022785
-0.0022769
-0.0022753
-0.0022738
-0.0022722
-0.0022706
-0.0022691
-0.0022675
-0.0022659
-0.0022644
-0.0022628
-0.0022612
-0.0022596
-0.0022581
-0.0022565
-0.0022549
-0.0022534
-0.0022518
-0.0022502
-0.0022487
-0.0022471
-0.0022455
-0.0022439
-0.0022424
-0.0022408
-0.0022392
-0.0022377
-0.0022361
-0.0022345
-0.002233
-0.0022314
-0.0022298
-0.0022282
-0.0022267
-0.0022251
-0.0022235
-0.002222
-0.0022204
-0.0022188
-0.0022173
-0.0022157
-0.0022141
-0.0022125
-0.002211
-0.0022094
-0.0022078
-0.0022063
-0.0022047
-0.0022031
-0.0022016
-0.0022
-0.0021984
-0.0021968
-0.0021953
-0.0021937
-0.0021921
-0.0021906
-0.002189
-0.0021874
-0.0021859
-0.0021843
-0.0021827
-0.0021811
-0.0021796
-0.002178
-0.0021764
-0.0021749
-0.0021733
-0.0021717
-0.0021702
-0.0021686
-0.002167
-0.0021654
-0.0021639
-0.0021623
-0.0021607
-0.0021592
-0.0021576
-0.002156
-0.0021545
-0.0021529
-0.0021513
-0.0021498
-0.0021482
-0.0021466
-0.002145
-0.0021435
-0.0021419
-0.0021403
-0.0021388
-0.0021372
-0.0021356
-0.0021341
-0.0021325
-0.0021309
-0.0021293
-0.0021278
-0.0021262
-0.0021246
-0.0021231
-0.0021215
-0.0021199
-0.0021184
-0.0021168
-0.0021152
-0.0021136
-0.0021121
-0.0021105
-0.0021089
-0.0021074
-0.0021058
-0.0021042
-0.0021027
-0.0021011
-0.0020995
-0.0020979
-0.0020964
-0.0020948
-0.0020932
-0.0020917
-0.0020901
-0.0020885
-0.002087
-0.0020854
-0.0020838
-0.0020822
-0.0020807
-0.0020791
-0.0020775
-0.002076
-0.0020744
-0.0020728
-0.0020713
-0.0020697
-0.0020681
-0.0020665
-0.002065
-0.0020634
-0.0020618
-0.0020603
-0.0020587
-0.0020571
-0.0020556
-0.002054
-0.0020524
-0.0020508
-0.0020493
-0.0020477
-0.0020461
-0.0020446
-0.002043
-0.0020414
-0.0020399
-0.0020383
-0.0020367
-0.0020351
-0.0020336
-0.002032
-0.0020304
-0.0020289
-0.0020273
-0.0020257
-0.0020242
-0.0020226
-0.002021
-0.0020194
-0.0020179
-0.0020163
-0.0020147
-0.0020132
-0.0020116
-0.00201
-0.0020085
-0.0020069
-0.0020053
-0.0020037
-0.0020022
-0.0020006
-0.001999
-0.0019975
-0.0019959
-0.0019943
-0.0019928
-0.0019912
-0.0019896
-0.001988
-0.0019865
-0.0019849
-0.0019833
-0.0019818
-0.0019802
-0.0019786
-0.0019771
-0.0019755
-0.0019739
-0.0019723
-0.0019708
-0.0019692
-0.0019676
-0.0019661
-0.0019645
-0.0019629
-0.0019614
-0.0019598
-0.0019582
-0.0019566
-0.0019551
-0.0019535
-0.0019519
-0.0019504
-0.0019488
-0.0019472
-0.0019457
-0.0019441
-0.0019425
-0.0019409
-0.0019394
-0.0019378
-0.0019362
-0.0019347
-0.0019331
-0.0019315
-0.00193
-0.0019284
-0.0019268
-0.0019253
-0.0019237
-0.0019221
-0.0019205
-0.001919
-0.0019174
-0.0019158
-0.0019143
-0.0019127
-0.0019111
-0.0019096
-0.001908
-0.0019064
-0.0019048
-0.0019033
-0.0019017
-0.0019001
-0.0018986
-0.001897
-0.0018954
-0.0018939
-0.0018923
-0.0018907
-0.0018891
-0.0018876
-0.001886
-0.0018844
-0.0018829
-0.0018813
-0.0018797
-0.0018782
-0.0018766
-0.001875
-0.0018734
-0.0018719
-0.0018703
-0.0018687
-0.0018672
-0.0018656
-0.001864
-0.0018625
-0.0018609
-0.0018593
-0.0018577
-0.0018562
-0.0018546
-0.001853
-0.0018515
-0.0018499
-0.0018483
-0.0018468
-0.0018452
-0.0018436
-0.001842
-0.0018405
-0.0018389
-0.0018373
-0.0018358
-0.0018342
-0.0018326
-0.0018311
-0.0018295
-0.0018279
-0.0018263
-0.0018248
-0.0018232
-0.0018216
-0.0018201
-0.0018185
-0.0018169
-0.0018154
-0.0018138
-0.0018122
-0.0018106
-0.0018091
-0.0018075
-0.0018059
-0.0018044
-0.0018028
-0.0018012
-0.0017997
-0.0017981
-0.0017965
-0.0017949
-0.0017934
-0.0017918
-0.0017902
-0.0017887
-0.0017871
-0.0017855
-0.001784
-0.0017824
-0.0017808
-0.0017792
-0.0017777
-0.0017761
-0.0017745
-0.001773
-0.0017714
-0.0017698
-0.0017683
-0.0017667
-0.0017651
-0.0017635
-0.001762
-0.0017604
-0.0017588
-0.0017573
-0.0017557
-0.0017541
-0.0017526
-0.001751
-0.0017494
-0.0017478
-0.0017463
-0.0017447
-0.0017431
-0.0017416
-0.00174
-0.0017384
-0.0017369
-0.0017353
-0.0017337
-0.0017321
-0.0017306
-0.001729
-0.0017274
-0.0017259
-0.0017243
-0.0017227
-0.0017212
-0.0017196
-0.001718
-0.0017165
-0.0017149
-0.0017133
-0.0017117
-0.0017102
-0.0017086
-0.001707
-0.0017055
-0.0017039
-0.0017023
-0.0017008
-0.0016992
-0.0016976
-0.001696
-0.0016945
-0.0016929
-0.0016913
-0.0016898
-0.0016882
-0.0016866
-0.0016851
-0.0016835
-0.0016819
-0.0016803
-0.0016788
-0.0016772
-0.0016756
-0.0016741
-0.0016725
-0.0016709
-0.0016694
-0.0016678
-0.0016662
-0.0016646
-0.0016631
-0.0016615
-0.0016599
-0.0016584
-0.0016568
-0.0016552
-0.0016537
-0.0016521
-0.0016505
-0.0016489
-0.0016474
-0.0016458
-0.0016442
-0.0016427
-0.0016411
-0.0016395
-0.001638
-0.0016364
-0.0016348
-0.0016332
-0.0016317
-0.0016301
-0.0016285
-0.001627
-0.0016254
-0.0016238
-0.0016223
-0.0016207
-0.0016191
-0.0016175
-0.001616
-0.0016144
-0.0016128
-0.0016113
-0.0016097
-0.0016081
-0.0016066
-0.001605
-0.0016034
-0.0016018
-0.0016003
-0.0015987
-0.0015971
-0.0015956
-0.001594
-0.0015924
-0.0015909
-0.0015893
-0.0015877
-0.0015861
-0.0015846
-0.001583
-0.0015814
-0.0015799
-0.0015783
-0.0015767
-0.0015752
-0.0015736
-0.001572
-0.0015704
-0.0015689
-0.0015673
-0.0015657
-0.0015642
-0.0015626
-0.001561
-0.0015595
-0.0015579
-0.0015563
-0.0015547
-0.0015532
-0.0015516
-0.00155
-0.0015485
-0.0015469
-0.0015453
-0.0015438
-0.0015422
-0.0015406
-0.001539
-0.0015375
-0.0015359
-0.0015343
-0.0015328
-0.0015312
-0.0015296
-0.0015281
-0.0015265
-0.0015249
-0.0015233
-0.0015218
-0.0015202
-0.0015186
-0.0015171
-0.0015155
-0.0015139
-0.0015124
-0.0015108
-0.0015092
-0.0015077
-0.0015061
-0.0015045
-0.0015029
-0.0015014
-0.0014998
-0.0014982
-0.0014967
-0.0014951
-0.0014935
-0.001492
-0.0014904
-0.0014888
-0.0014872
-0.0014857
-0.0014841
-0.0014825
-0.001481
-0.0014794
-0.0014778
-0.0014763
-0.0014747
-0.0014731
-0.0014715
-0.00147
-0.0014684
-0.0014668
-0.0014653
-0.0014637
-0.0014621
-0.0014606
-0.001459
-0.0014574
-0.0014558
-0.0014543
-0.0014527
-0.0014511
-0.0014496
-0.001448
-0.0014464
-0.0014449
-0.0014433
-0.0014417
-0.0014401
-0.0014386
-0.001437
-0.0014354
-0.0014339
-0.0014323
-0.0014307
-0.0014292
-0.0014276
-0.001426
-0.0014244
-0.0014229
-0.0014213
-0.0014197
-0.0014182
-0.0014166
-0.001415
-0.0014135
-0.0014119
-0.0014103
-0.0014087
-0.0014072
-0.0014056
-0.001404
-0.0014025
-0.0014009
-0.0013993
-0.0013978
-0.0013962
-0.0013946
-0.001393
-0.0013915
-0.0013899
-0.0013883
-0.0013868
-0.0013852
-0.0013836
-0.0013821
-0.0013805
-0.0013789
-0.0013773
-0.0013758
-0.0013742
-0.0013726
-0.0013711
-0.0013695
-0.0013679
-0.0013664
-0.0013648
-0.0013632
-0.0013616
-0.0013601
-0.0013585
-0.0013569
-0.0013554
-0.0013538
-0.0013522
-0.0013507
-0.0013491
-0.0013475
-0.0013459
-0.0013444
-0.0013428
-0.0013412
-0.0013397
-0.0013381
-0.0013365
-0.001335
-0.0013334
-0.0013318
-0.0013302
-0.0013287
-0.0013271
-0.0013255
-0.001324
-0.0013224
-0.0013208
-0.0013193
-0.0013177
-0.0013161
-0.0013145
-0.001313
-0.0013114
-0.0013098
-0.0013083
-0.0013067
-0.0013051
-0.0013036
-0.001302
-0.0013004
-0.0012989
-0.0012973
-0.0012957
-0.0012941
-0.0012926
-0.001291
-0.0012894
-0.0012879
-0.0012863
-0.0012847
-0.0012832
-0.0012816
-0.00128
-0.0012784
-0.0012769
-0.0012753
-0.0012737
-0.0012722
-0.0012706
-0.001269
-0.0012675
-0.0012659
-0.0012643
-0.0012627
-0.0012612
-0.0012596
-0.001258
-0.0012565
-0.0012549
-0.0012533
-0.0012518
-0.0012502
-0.0012486
-0.001247
-0.0012455
-0.0012439
-0.0012423
-0.0012408
-0.0012392
-0.0012376
-0.0012361
-0.0012345
-0.0012329
-0.0012313
-0.0012298
-0.0012282
-0.0012266
-0.0012251
-0.0012235
-0.0012219
-0.0012204
-0.0012188
-0.0012172
-0.0012156
-0.0012141
-0.0012125
-0.0012109
-0.0012094
-0.0012078
-0.0012062
-0.0012047
-0.0012031
-0.0012015
-0.0011999
-0.0011984
-0.0011968
-0.0011952
-0.0011937
-0.0011921
-0.0011905
-0.001189
-0.0011874
-0.0011858
-0.0011842
-0.0011827
-0.0011811
-0.0011795
-0.001178
-0.0011764
-0.0011748
-0.0011733
-0.0011717
-0.0011701
-0.0011685
-0.001167
-0.0011654
-0.0011638
-0.0011623
-0.0011607
-0.0011591
-0.0011576
-0.001156
-0.0011544
-0.0011528
-0.0011513
-0.0011497
-0.0011481
-0.0011466
-0.001145
-0.0011434
-0.0011419
-0.0011403
-0.0011387
-0.0011371
-0.0011356
-0.001134
-0.0011324
-0.0011309
-0.0011293
-0.0011277
-0.0011262
-0.0011246
-0.001123
-0.0011214
-0.0011199
-0.0011183
-0.0011167
-0.0011152
-0.0011136
-0.001112
-0.0011105
-0.0011089
-0.0011073
-0.0011057
-0.0011042
-0.0011026
-0.001101
-0.0010995
-0.0010979
-0.0010963
-0.0010948
-0.0010932
-0.0010916
-0.00109
-0.0010885
-0.0010869
-0.0010853
-0.0010838
-0.0010822
-0.0010806
-0.0010791
-0.0010775
-0.0010759
-0.0010744
-0.0010728
-0.0010712
-0.0010696
-0.0010681
-0.0010665
-0.0010649
-0.0010634
-0.0010618
-0.0010602
-0.0010587
-0.0010571
-0.0010555
-0.0010539
-0.0010524
-0.0010508
-0.0010492
-0.0010477
-0.0010461
-0.0010445
-0.001043
-0.0010414
-0.0010398
-0.0010382
-0.0010367
-0.0010351
-0.0010335
-0.001032
-0.0010304
-0.0010288
-0.0010273
-0.0010257
-0.0010241
-0.0010225
-0.001021
-0.0010194
-0.0010178
-0.0010163
-0.0010147
-0.0010131
-0.0010116
-0.00101
-0.0010084
-0.0010068
-0.0010053
-0.0010037
-0.0010021
-0.0010006
-0.00099899
-0.00099742
-0.00099585
-0.00099428
-0.00099271
-0.00099114
-0.00098957
-0.000988
-0.00098643
-0.00098486
-0.00098329
-0.00098173
-0.00098016
-0.00097859
-0.00097702
-0.00097545
-0.00097388
-0.00097231
-0.00097074
-0.00096917
-0.0009676
-0.00096603
-0.00096446
-0.00096289
-0.00096132
-0.00095975
-0.00095818
-0.00095661
-0.00095504
-0.00095347
-0.0009519
-0.00095033
-0.00094876
-0.00094719
-0.00094562
-0.00094405
-0.00094248
-0.00094091
-0.00093934
-0.00093777
-0.0009362
-0.00093463
-0.00093306
-0.00093149
-0.00092992
-0.00092835
-0.00092678
-0.00092521
-0.00092364
-0.00092207
-0.0009205
-0.00091893
-0.00091736
-0.00091579
-0.00091422
-0.00091265
-0.00091108
-0.00090951
-0.00090794
-0.00090637
-0.0009048
-0.00090323
-0.00090166
-0.00090009
-0.00089852
-0.00089695
-0.00089538
-0.00089381
-0.00089224
-0.00089067
-0.0008891
-0.00088753
-0.00088596
-0.00088439
-0.00088282
-0.00088125
-0.00087968
-0.00087811
-0.00087654
-0.00087497
-0.0008734
-0.00087183
-0.00087026
-0.00086869
-0.00086712
-0.00086555
-0.00086398
-0.00086241
-0.00086084
-0.00085927
-0.0008577
-0.00085613
-0.00085456
-0.00085299
-0.00085142
-0.00084985
-0.00084828
-0.00084671
-0.00084514
-0.00084357
-0.000842
-0.00084043
-0.00083886
-0.00083729
-0.00083572
-0.00083415
-0.00083258
-0.00083101
-0.00082944
-0.00082787
-0.0008263
-0.00082473
-0.00082316
-0.00082159
-0.00082002
-0.00081845
-0.00081688
-0.00081531
-0.00081374
-0.00081217
-0.0008106
-0.00080903
-0.00080746
-0.00080589
-0.00080432
-0.00080275
-0.00080118
-0.00079961
-0.00079804
-0.00079647
-0.0007949
-0.00079333
-0.00079176
-0.00079019
-0.00078862
-0.00078705
-0.00078548
-0.00078391
-0.00078234
-0.00078077
-0.0007792
-0.00077763
-0.00077606
-0.00077449
-0.00077292
-0.00077135
-0.00076979
-0.00076822
-0.00076665
-0.00076508
-0.00076351
-0.00076194
-0.00076037
-0.0007588
-0.00075723
-0.00075566
-0.00075409
-0.00075252
-0.00075095
-0.00074938
-0.00074781
-0.00074624
-0.00074467
-0.0007431
-0.00074153
-0.00073996
-0.00073839
-0.00073682
-0.00073525
-0.00073368
-0.00073211
-0.00073054
-0.00072897
-0.0007274
-0.00072583
-0.00072426
-0.00072269
-0.00072112
-0.00071955
-0.00071798
-0.00071641
-0.00071484
-0.00071327
-0.0007117
-0.00071013
-0.00070856
-0.00070699
-0.00070542
-0.00070385
-0.00070228
-0.00070071
-0.00069914
-0.00069757
-0.000696
-0.00069443
-0.00069286
-0.00069129
-0.00068972
-0.00068815
-0.00068658
-0.00068501
-0.00068344
-0.00068187
-0.0006803
-0.00067873
-0.00067716
-0.00067559
-0.00067402
-0.00067245
-0.00067088
-0.00066931
-0.00066774
-0.00066617
-0.0006646
-0.00066303
-0.00066146
-0.00065989
-0.00065832
-0.00065675
-0.00065518
-0.00065361
-0.00065204
-0.00065047
-0.0006489
-0.00064733
-0.00064576
-0.00064419
-0.00064262
-0.00064105
-0.00063948
-0.00063791
-0.00063634
-0.00063477
-0.0006332
-0.00063163
-0.00063006
-0.00062849
-0.00062692
-0.00062535
-0.00062378
-0.00062221
-0.00062064
-0.00061907
-0.0006175
-0.00061593
-0.00061436
-0.00061279
-0.00061122
-0.00060965
-0.00060808
-0.00060651
-0.00060494
-0.00060337
-0.0006018
-0.00060023
-0.00059866
-0.00059709
-0.00059552
-0.00059395
-0.00059238
-0.00059081
-0.00058924
-0.00058767
-0.0005861
-0.00058453
-0.00058296
-0.00058139
-0.00057982
-0.00057825
-0.00057668
-0.00057511
-0.00057354
-0.00057197
-0.0005704
-0.00056883
-0.00056726
-0.00056569
-0.00056412
-0.00056255
-0.00056098
-0.00055941
-0.00055784
-0.00055628
-0.00055471
-0.00055314
-0.00055157
-0.00055
-0.00054843
-0.00054686
-0.00054529
-0.00054372
-0.00054215
-0.00054058
-0.00053901
-0.00053744
-0.00053587
-0.0005343
-0.00053273
-0.00053116
-0.00052959
-0.00052802
-0.00052645
-0.00052488
-0.00052331
-0.00052174
-0.00052017
-0.0005186
-0.00051703
-0.00051546
-0.00051389
-0.00051232
-0.00051075
-0.00050918
-0.00050761
-0.00050604
-0.00050447
-0.0005029
-0.00050133
-0.00049976
-0.00049819
-0.00049662
-0.00049505
-0.00049348
-0.00049191
-0.00049034
-0.00048877
-0.0004872
-0.00048563
-0.00048406
-0.00048249
-0.00048092
-0.00047935
-0.00047778
-0.00047621
-0.00047464
-0.00047307
-0.0004715
-0.00046993
-0.00046836
-0.00046679
-0.00046522
-0.00046365
-0.00046208
-0.00046051
-0.00045894
-0.00045737
-0.0004558
-0.00045423
-0.00045266
-0.00045109
-0.00044952
-0.00044795
-0.00044638
-0.00044481
-0.00044324
-0.00044167
-0.0004401
-0.00043853
-0.00043696
-0.00043539
-0.00043382
-0.00043225
-0.00043068
-0.00042911
-0.00042754
-0.00042597
-0.0004244
-0.00042283
-0.00042126
-0.00041969
-0.00041812
-0.00041655
-0.00041498
-0.00041341
-0.00041184
-0.00041027
-0.0004087
-0.00040713
-0.00040556
-0.00040399
-0.00040242
-0.00040085
-0.00039928
-0.00039771
-0.00039614
-0.00039457
-0.000393
-0.00039143
-0.00038986
-0.00038829
-0.00038672
-0.00038515
-0.00038358
-0.00038201
-0.00038044
-0.00037887
-0.0003773
-0.00037573
-0.00037416
-0.00037259
-0.00037102
-0.00036945
-0.00036788
-0.00036631
-0.00036474
-0.00036317
-0.0003616
-0.00036003
-0.00035846
-0.00035689
-0.00035532
-0.00035375
-0.00035218
-0.00035061
-0.00034904
-0.00034747
-0.0003459
-0.00034434
-0.00034277
-0.0003412
-0.00033963
-0.00033806
-0.00033649
-0.00033492
-0.00033335
-0.00033178
-0.00033021
-0.00032864
-0.00032707
-0.0003255
-0.00032393
-0.00032236
-0.00032079
-0.00031922
-0.00031765
-0.00031608
-0.00031451
-0.00031294
-0.00031137
-0.0003098
-0.00030823
-0.00030666
-0.00030509
-0.00030352
-0.00030195
-0.00030038
-0.00029881
-0.00029724
-0.00029567
-0.0002941
-0.00029253
-0.00029096
-0.00028939
-0.00028782
-0.00028625
-0.00028468
-0.00028311
-0.00028154
-0.00027997
-0.0002784
-0.00027683
-0.00027526
-0.00027369
-0.00027212
-0.00027055
-0.00026898
-0.00026741
-0.00026584
-0.00026427
-0.0002627
-0.00026113
-0.00025956
-0.00025799
-0.00025642
-0.00025485
-0.00025328
-0.00025171
-0.00025014
-0.00024857
-0.000247
-0.00024543
-0.00024386
-0.00024229
-0.00024072
-0.00023915
-0.00023758
-0.00023601
-0.00023444
-0.00023287
-0.0002313
-0.00022973
-0.00022816
-0.00022659
-0.00022502
-0.00022345
-0.00022188
-0.00022031
-0.00021874
-0.00021717
-0.0002156
-0.00021403
-0.00021246
-0.00021089
-0.00020932
-0.00020775
-0.00020618
-0.00020461
-0.00020304
-0.00020147
-0.0001999
-0.00019833
-0.00019676
-0.00019519
-0.00019362
-0.00019205
-0.00019048
-0.00018891
-0.00018734
-0.00018577
-0.0001842
-0.00018263
-0.00018106
-0.00017949
-0.00017792
-0.00017635
-0.00017478
-0.00017321
-0.00017164
-0.00017007
-0.0001685
-0.00016693
-0.00016536
-0.00016379
-0.00016222
-0.00016065
-0.00015908
-0.00015751
-0.00015594
-0.00015437
-0.0001528
-0.00015123
-0.00014966
-0.00014809
-0.00014652
-0.00014495
-0.00014338
-0.00014181
-0.00014024
-0.00013867
-0.0001371
-0.00013553
-0.00013396
-0.00013239
-0.00013083
-0.00012926
-0.00012769
-0.00012612
-0.00012455
-0.00012298
-0.00012141
-0.00011984
-0.00011827
-0.0001167
-0.00011513
-0.00011356
-0.00011199
-0.00011042
-0.00010885
-0.00010728
-0.00010571
-0.00010414
-0.00010257
-0.000101
-9.9427e-05
-9.7857e-05
-9.6287e-05
-9.4717e-05
-9.3147e-05
-9.1577e-05
-9.0007e-05
-8.8437e-05
-8.6867e-05
-8.5297e-05
-8.3727e-05
-8.2157e-05
-8.0587e-05
-7.9017e-05
-7.7448e-05
-7.5878e-05
-7.4308e-05
-7.2738e-05
-7.1168e-05
-6.9598e-05
-6.8028e-05
-6.6458e-05
-6.4888e-05
-6.3318e-05
-6.1748e-05
-6.0178e-05
-5.8608e-05
-5.7039e-05
-5.5469e-05
-5.3899e-05
-5.2329e-05
-5.0759e-05
-4.9189e-05
-4.7619e-05
-4.6049e-05
-4.4479e-05
-4.2909e-05
-4.1339e-05
-3.9769e-05
-3.8199e-05
-3.6629e-05
-3.506e-05
-3.349e-05
-3.192e-05
-3.035e-05
-2.878e-05
-2.721e-05
-2.564e-05
-2.407e-05
-2.25e-05
-2.093e-05
-1.936e-05
-1.779e-05
-1.622e-05
-1.4651e-05
-1.3081e-05
-1.1511e-05
-9.9407e-06
-8.3708e-06
-6.8009e-06
-5.231e-06
-3.661e-06
-2.0911e-06
-5.2118e-07
1.0487e-06
2.6187e-06
4.1886e-06
5.7585e-06
7.3285e-06
8.8984e-06
1.0468e-05
1.2038e-05
1.3608e-05
1.5178e-05
1.6748e-05
1.8318e-05
1.9888e-05
2.1458e-05
2.3028e-05
2.4598e-05
2.6168e-05
2.7737e-05
2.9307e-05
3.0877e-05
3.2447e-05
3.4017e-05
3.5587e-05
3.7157e-05
3.8727e-05
4.0297e-05
4.1867e-05
4.3437e-05
4.5007e-05
4.6577e-05
4.8147e-05
4.9716e-05
5.1286e-05
5.2856e-05
5.4426e-05
5.5996e-05
5.7566e-05
5.9136e-05
6.0706e-05
6.2276e-05
6.3846e-05
6.5416e-05
6.6986e-05
6.8556e-05
7.0125e-05
7.1695e-05
7.3265e-05
7.4835e-05
7.6405e-05
7.7975e-05
7.9545e-05
8.1115e-05
8.2685e-05
8.4255e-05
8.5825e-05
8.7395e-05
8.8965e-05
9.0535e-05
9.2104e-05
9.3674e-05
9.5244e-05
9.6814e-05
9.8384e-05
9.9954e-05
0.00010152
0.00010309
0.00010466
0.00010623
0.0001078
0.00010937
0.00011094
0.00011251
0.00011408
0.00011565
0.00011722
0.00011879
0.00012036
0.00012193
0.0001235
0.00012507
0.00012664
0.00012821
0.00012978
0.00013135
0.00013292
0.00013449
0.00013606
0.00013763
0.0001392
0.00014077
0.00014234
0.00014391
0.00014548
0.00014705
0.00014862
0.00015019
0.00015176
0.00015333
0.0001549
0.00015647
0.00015804
0.00015961
0.00016118
0.00016275
0.00016432
0.00016589
0.00016746
0.00016903
0.0001706
0.00017217
0.00017374
0.00017531
0.00017688
0.00017845
0.00018002
0.00018159
0.00018316
0.00018473
0.0001863
0.00018787
0.00018944
0.00019101
0.00019258
0.00019415
0.00019572
0.00019729
0.00019886
0.00020043
0.000202
0.00020357
0.00020514
0.00020671
0.00020828
0.00020985
0.00021142
0.00021299
0.00021456
0.00021613
0.0002177
0.00021927
0.00022084
0.00022241
0.00022398
0.00022555
0.00022712
0.00022869
0.00023026
0.00023183
0.0002334
0.00023497
0.00023654
0.00023811
0.00023968
0.00024125
0.00024282
0.00024439
0.00024596
0.00024753
0.0002491
0.00025067
0.00025224
0.00025381
0.00025538
0.00025695
0.00025852
0.00026009
0.00026166
0.00026323
0.0002648
0.00026637
0.00026794
0.00026951
0.00027108
0.00027265
0.00027422
0.00027579
0.00027736
0.00027893
0.0002805
0.00028207
0.00028364
0.00028521
0.00028678
0.00028835
0.00028992
0.00029148
0.00029305
0.00029462
0.00029619
0.00029776
0.00029933
0.0003009
0.00030247
0.00030404
0.00030561
0.00030718
0.00030875
0.00031032
0.00031189
0.00031346
0.00031503
0.0003166
0.00031817
0.00031974
0.00032131
0.00032288
0.00032445
0.00032602
0.00032759
0.00032916
0.00033073
0.0003323
0.00033387
0.00033544
0.00033701
0.00033858
0.00034015
0.00034172
0.00034329
0.00034486
0.00034643
0.000348
0.00034957
0.00035114
0.00035271
0.00035428
0.00035585
0.00035742
0.00035899
0.00036056
0.00036213
0.0003637
0.00036527
0.00036684
0.00036841
0.00036998
0.00037155
0.00037312
0.00037469
0.00037626
0.00037783
0.0003794
0.00038097
0.00038254
0.00038411
0.00038568
0.00038725
0.00038882
0.00039039
0.00039196
0.00039353
0.0003951
0.00039667
0.00039824
0.00039981
0.00040138
0.00040295
0.00040452
0.00040609
0.00040766
0.00040923
0.0004108
0.00041237
0.00041394
0.00041551
0.00041708
0.00041865
0.00042022
0.00042179
0.00042336
0.00042493
0.0004265
0.00042807
0.00042964
0.00043121
0.00043278
0.00043435
0.00043592
0.00043749
0.00043906
0.00044063
0.0004422
0.00044377
0.00044534
0.00044691
0.00044848
0.00045005
0.00045162
0.00045319
0.00045476
0.00045633
0.0004579
0.00045947
0.00046104
0.00046261
0.00046418
0.00046575
0.00046732
0.00046889
0.00047046
0.00047203
0.0004736
0.00047517
0.00047674
0.00047831
0.00047988
0.00048144
0.00048301
0.00048458
0.00048615
0.00048772
0.00048929
0.00049086
0.00049243
0.000494
0.00049557
0.00049714
0.00049871
0.00050028
0.00050185
0.00050342
0.00050499
0.00050656
0.00050813
0.0005097
0.00051127
0.00051284
0.00051441
0.00051598
0.00051755
0.00051912
0.00052069
0.00052226
0.00052383
0.0005254
0.00052697
0.00052854
0.00053011
0.00053168
0.00053325
0.00053482
0.00053639
0.00053796
0.00053953
0.0005411
0.00054267
0.00054424
0.00054581
0.00054738
0.00054895
0.00055052
0.00055209
0.00055366
0.00055523
0.0005568
0.00055837
0.00055994
0.00056151
0.00056308
0.00056465
0.00056622
0.00056779
0.00056936
0.00057093
0.0005725
0.00057407
0.00057564
0.00057721
0.00057878
0.00058035
0.00058192
0.00058349
0.00058506
0.00058663
0.0005882
0.00058977
0.00059134
0.00059291
0.00059448
0.00059605
0.00059762
0.00059919
0.00060076
0.00060232
0.00060389
0.00060546
0.00060703
0.0006086
0.00061017
0.00061174
0.00061331
0.00061488
0.00061645
0.00061802
0.00061959
0.00062116
0.00062273
0.0006243
0.00062587
0.00062744
0.00062901
0.00063058
0.00063215
0.00063372
0.00063529
0.00063686
0.00063843
0.00064
0.00064157
0.00064314
0.00064471
0.00064628
0.00064785
0.00064942
0.00065099
0.00065256
0.00065413
0.0006557
0.00065727
0.00065884
0.00066041
0.00066198
0.00066355
0.00066512
0.00066669
0.00066826
0.00066982
0.00067139
0.00067296
0.00067453
0.0006761
0.00067767
0.00067924
0.00068081
0.00068238
0.00068395
0.00068552
0.00068709
0.00068866
0.00069023
0.0006918
0.00069337
0.00069494
0.00069651
0.00069808
0.00069965
0.00070122
0.00070279
0.00070436
0.00070593
0.0007075
0.00070907
0.00071064
0.00071221
0.00071377
0.00071534
0.00071691
0.00071848
0.00072005
0.00072162
0.00072319
0.00072476
0.00072633
0.0007279
0.00072947
0.00073104
0.00073261
0.00073418
0.00073575
0.00073732
0.00073889
0.00074046
0.00074203
0.0007436
0.00074516
0.00074673
0.0007483
0.00074987
0.00075144
0.00075301
0.00075458
0.00075615
0.00075772
0.00075929
0.00076086
0.00076243
0.000764
0.00076557
0.00076714
0.0007687
0.00077027
0.00077184
0.00077341
0.00077498
0.00077655
0.00077812
0.00077969
0.00078126
0.00078283
0.0007844
0.00078597
0.00078754
0.0007891
0.00079067
0.00079224
0.00079381
0.00079538
0.00079695
0.00079852
0.00080009
0.00080166
0.00080323
0.0008048
0.00080636
0.00080793
0.0008095
0.00081107
0.00081264
0.00081421
0.00081578
0.00081735
0.00081892
0.00082048
0.00082205
0.00082362
0.00082519
0.00082676
0.00082833
0.0008299
0.00083147
0.00083303
0.0008346
0.00083617
0.00083774
0.00083931
0.00084088
0.00084245
0.00084401
0.00084558
0.00084715
0.00084872
0.00085029
0.00085186
0.00085343
0.00085499
0.00085656
0.00085813
0.0008597
0.00086127
0.00086284
0.0008644
0.00086597
0.00086754
0.00086911
0.00087068
0.00087225
0.00087381
0.00087538
0.00087695
0.00087852
0.00088009
0.00088165
0.00088322
0.00088479
0.00088636
0.00088793
0.00088949
0.00089106
0.00089263
0.0008942
0.00089576
0.00089733
0.0008989
0.00090047
0.00090203
0.0009036
0.00090517
0.00090674
0.0009083
0.00090987
0.00091144
0.00091301
0.00091457
0.00091614
0.00091771
0.00091928
0.00092084
0.00092241
0.00092398
0.00092554
0.00092711
0.00092868
0.00093024
0.00093181
0.00093338
0.00093494
0.00093651
0.00093808
0.00093964
0.00094121
0.00094278
0.00094434
0.00094591
0.00094748
0.00094904
0.00095061
0.00095218
0.00095374
0.00095531
0.00095687
0.00095844
0.00096001
0.00096157
0.00096314
0.0009647
0.00096627
0.00096783
0.0009694
0.00097097
0.00097253
0.0009741
0.00097566
0.00097723
0.00097879
0.00098036
0.00098192
0.00098349
0.00098505
0.00098662
0.00098818
0.00098975
0.00099131
0.00099288
0.00099444
0.000996
0.00099757
0.00099913
0.0010007
0.0010023
0.0010038
0.0010054
0.001007
0.0010085
0.0010101
0.0010116
0.0010132
0.0010148
0.0010163
0.0010179
0.0010195
0.001021
0.0010226
0.0010241
0.0010257
0.0010273
0.0010288
0.0010304
0.001032
0.0010335
0.0010351
0.0010366
0.0010382
0.0010398
0.0010413
0.0010429
0.0010445
0.001046
0.0010476
0.0010491
0.0010507
0.0010523
0.0010538
0.0010554
0.0010569
0.0010585
0.0010601
0.0010616
0.0010632
0.0010647
0.0010663
0.0010679
0.0010694
0.001071
0.0010725
0.0010741
0.0010757
0.0010772
0.0010788
0.0010803
0.0010819
0.0010835
0.001085
0.0010866
0.0010881
0.0010897
0.0010912
0.0010928
0.0010944
0.0010959
0.0010975
0.001099
0.0011006
0.0011021
0.0011037
0.0011053
0.0011068
0.0011084
0.0011099
0.0011115
0.001113
0.0011146
0.0011161
0.0011177
0.0011193
0.0011208
0.0011224
0.0011239
0.0011255
0.001127
0.0011286
0.0011301
0.0011317
0.0011332
0.0011348
0.0011363
0.0011379
0.0011394
0.001141
0.0011425
0.0011441
0.0011456
0.0011472
0.0011487
0.0011503
0.0011518
0.0011534
0.0011549
0.0011565
0.001158
0.0011596
0.0011611
0.0011627
0.0011642
0.0011658
0.0011673
0.0011689
0.0011704
0.001172
0.0011735
0.0011751
0.0011766
0.0011782
0.0011797
0.0011812
0.0011828
0.0011843
0.0011859
0.0011874
0.001189
0.0011905
0.001192
0.0011936
0.0011951
0.0011967
0.0011982
0.0011998
0.0012013
0.0012028
0.0012044
0.0012059
0.0012075
0.001209
0.0012105
0.0012121
0.0012136
0.0012151
0.0012167
0.0012182
0.0012198
0.0012213
0.0012228
0.0012244
0.0012259
0.0012274
0.001229
0.0012305
0.001232
0.0012336
0.0012351
0.0012366
0.0012382
0.0012397
0.0012412
0.0012427
0.0012443
0.0012458
0.0012473
0.0012489
0.0012504
0.0012519
0.0012534
0.001255
0.0012565
0.001258
0.0012595
0.0012611
0.0012626
0.0012641
0.0012656
0.0012672
0.0012687
0.0012702
0.0012717
0.0012732
0.0012748
0.0012763
0.0012778
0.0012793
0.0012808
0.0012823
0.0012839
0.0012854
0.0012869
0.0012884
0.0012899
0.0012914
0.0012929
0.0012944
0.001296
0.0012975
0.001299
0.0013005
0.001302
0.0013035
0.001305
0.0013065
0.001308
0.0013095
0.001311
0.0013125
0.001314
0.0013155
0.001317
0.0013185
0.00132
0.0013215
0.001323
0.0013245
0.001326
0.0013275
0.001329
0.0013305
0.001332
0.0013335
0.001335
0.0013365
0.001338
0.0013394
0.0013409
0.0013424
0.0013439
0.0013454
0.0013469
0.0013484
0.0013498
0.0013513
0.0013528
0.0013543
0.0013558
0.0013572
0.0013587
0.0013602
0.0013617
0.0013631
0.0013646
0.0013661
0.0013676
0.001369
0.0013705
0.001372
0.0013734
0.0013749
0.0013764
0.0013778
0.0013793
0.0013807
0.0013822
0.0013837
0.0013851
0.0013866
0.001388
0.0013895
0.0013909
0.0013924
0.0013938
0.0013953
0.0013967
0.0013982
0.0013996
0.0014011
0.0014025
0.001404
0.0014054
0.0014068
0.0014083
0.0014097
0.0014112
0.0014126
0.001414
0.0014155
0.0014169
0.0014183
0.0014197
0.0014212
0.0014226
0.001424
0.0014254
0.0014269
0.0014283
0.0014297
0.0014311
0.0014325
0.0014339
0.0014353
0.0014368
0.0014382
0.0014396
0.001441
0.0014424
0.0014438
0.0014452
0.0014466
0.001448
0.0014494
0.0014508
0.0014522
0.0014535
0.0014549
0.0014563
0.0014577
0.0014591
0.0014605
0.0014618
0.0014632
0.0014646
0.001466
0.0014673
0.0014687
0.0014701
0.0014714
0.0014728
0.0014742
0.0014755
0.0014769
0.0014783
0.0014796
0.001481
0.0014823
0.0014837
0.001485
0.0014863
0.0014877
0.001489
0.0014904
0.0014917
0.001493
0.0014944
0.0014957
0.001497
0.0014983
0.0014997
0.001501
0.0015023
0.0015036
0.0015049
0.0015062
0.0015076
0.0015089
0.0015102
0.0015115
0.0015128
0.0015141
0.0015154
0.0015166
0.0015179
0.0015192
0.0015205
0.0015218
0.0015231
0.0015243
0.0015256
0.0015269
0.0015282
0.0015294
0.0015307
0.0015319
0.0015332
0.0015345
0.0015357
0.001537
0.0015382
0.0015394
0.0015407
0.0015419
0.0015432
0.0015444
0.0015456
0.0015468
0.0015481
0.0015493
0.0015505
0.0015517
0.0015529
0.0015541
0.0015553
0.0015565
0.0015577
0.0015589
0.0015601
0.0015613
0.0015625
0.0015637
0.0015648
0.001566
0.0015672
0.0015684
0.0015695
0.0015707
0.0015718
0.001573
0.0015741
0.0015753
0.0015764
0.0015776
0.0015787
0.0015798
0.001581
0.0015821
0.0015832
0.0015843
0.0015854
0.0015865
0.0015876
0.0015887
0.0015898
0.0015909
0.001592
0.0015931
0.0015942
0.0015953
0.0015963
0.0015974
0.0015985
0.0015995
0.0016006
0.0016016
0.0016027
0.0016037
0.0016048
0.0016058
0.0016068
0.0016079
0.0016089
0.0016099
0.0016109
0.0016119
0.0016129
0.0016139
0.0016149
0.0016159
0.0016169
0.0016179
0.0016188
0.0016198
0.0016208
0.0016217
0.0016227
0.0016236
0.0016246
0.0016255
0.0016265
0.0016274
0.0016283
0.0016292
0.0016302
0.0016311
0.001632
0.0016329
0.0016338
0.0016347
0.0016355
0.0016364
0.0016373
0.0016382
0.001639
0.0016399
0.0016407
0.0016416
0.0016424
0.0016432
0.0016441
0.0016449
0.0016457
0.0016465
0.0016473
0.0016481
0.0016489
0.0016497
0.0016505
0.0016513
0.001652
0.0016528
0.0016535
0.0016543
0.001655
0.0016558
0.0016565
0.0016572
0.0016579
0.0016587
0.0016594
0.0016601
0.0016608
0.0016614
0.0016621
0.0016628
0.0016635
0.0016641
0.0016648
0.0016654
0.0016661
0.0016667
0.0016673
0.0016679
0.0016685
0.0016691
0.0016697
0.0016703
0.0016709
0.0016715
0.001672
0.0016726
0.0016731
0.0016737
0.0016742
0.0016748
0.0016753
0.0016758
0.0016763
0.0016768
0.0016773
0.0016778
0.0016782
0.0016787
0.0016792
0.0016796
0.0016801
0.0016805
0.0016809
0.0016813
0.0016818
0.0016822
0.0016825
0.0016829
0.0016833
0.0016837
0.001684
0.0016844
0.0016847
0.0016851
0.0016854
0.0016857
0.001686
0.0016863
0.0016866
0.0016869
0.0016871
0.0016874
0.0016877
0.0016879
0.0016881
0.0016884
0.0016886
0.0016888
0.001689
0.0016892
0.0016893
0.0016895
0.0016897
0.0016898
0.00169
0.0016901
0.0016902
0.0016903
0.0016904
0.0016905
0.0016906
0.0016906
0.0016907
0.0016908
0.0016908
0.0016908
0.0016908
0.0016908
0.0016908
0.0016908
0.0016908
0.0016908
0.0016907
0.0016907
0.0016906
0.0016905
0.0016904
0.0016903
0.0016902
0.0016901
0.0016899
0.0016898
0.0016896
0.0016895
0.0016893
0.0016891
0.0016889
0.0016887
0.0016884
0.0016882
0.001688
0.0016877
0.0016874
0.0016871
0.0016868
0.0016865
0.0016862
0.0016859
0.0016855
0.0016851
0.0016848
0.0016844
0.001684
0.0016836
0.0016832
0.0016827
0.0016823
0.0016818
0.0016813
0.0016808
0.0016803
0.0016798
0.0016793
0.0016788
0.0016782
0.0016776
0.001677
0.0016765
0.0016758
0.0016752
0.0016746
0.0016739
0.0016733
0.0016726
0.0016719
0.0016712
0.0016705
0.0016697
0.001669
0.0016682
0.0016674
0.0016667
0.0016658
0.001665
0.0016642
0.0016633
0.0016625
0.0016616
0.0016607
0.0016598
0.0016589
0.0016579
0.001657
0.001656
0.001655
0.001654
0.001653
0.0016519
0.0016509
0.0016498
0.0016487
0.0016476
0.0016465
0.0016454
0.0016443
0.0016431
0.0016419
0.0016407
0.0016395
0.0016383
0.001637
0.0016358
0.0016345
0.0016332
0.0016319
0.0016306
0.0016292
0.0016279
0.0016265
0.0016251
0.0016237
0.0016222
0.0016208
0.0016193
0.0016178
0.0016163
0.0016148
0.0016133
0.0016117
0.0016101
0.0016086
0.0016069
0.0016053
0.0016037
0.001602
0.0016003
0.0015986
0.0015969
0.0015952
0.0015934
0.0015916
0.0015898
0.001588
0.0015862
0.0015843
0.0015824
0.0015806
0.0015786
0.0015767
0.0015748
0.0015728
0.0015708
0.0015688
0.0015668
0.0015647
0.0015626
0.0015605
0.0015584
0.0015563
0.0015542
0.001552
0.0015498
0.0015476
0.0015453
0.0015431
0.0015408
0.0015385
0.0015362
0.0015338
0.0015315
0.0015291
0.0015267
0.0015243
0.0015218
0.0015194
0.0015169
0.0015144
0.0015118
0.0015093
0.0015067
0.0015041
0.0015015
0.0014988
0.0014961
0.0014935
0.0014907
0.001488
0.0014852
0.0014825
0.0014797
0.0014768
0.001474
0.0014711
0.0014682
0.0014653
0.0014623
0.0014594
0.0014564
0.0014534
0.0014503
0.0014473
0.0014442
0.0014411
0.0014379
0.0014348
0.0014316
0.0014284
0.0014251
0.0014219
0.0014186
0.0014153
0.001412
0.0014086
0.0014052
0.0014018
0.0013984
0.0013949
0.0013914
0.0013879
0.0013844
0.0013808
0.0013772
0.0013736
0.00137
0.0013663
0.0013626
0.0013589
0.0013552
0.0013514
0.0013476
0.0013438
0.0013399
0.001336
0.0013321
0.0013282
0.0013242
0.0013203
0.0013162
0.0013122
0.0013081
0.001304
0.0012999
0.0012958
0.0012916
0.0012874
0.0012831
0.0012789
0.0012746
0.0012703
0.0012659
0.0012615
0.0012571
0.0012527
0.0012482
0.0012437
0.0012392
0.0012347
0.0012301
0.0012255
0.0012208
0.0012162
0.0012115
0.0012067
0.001202
0.0011972
0.0011924
0.0011875
0.0011826
0.0011777
0.0011728
0.0011678
0.0011628
0.0011578
0.0011527
0.0011476
0.0011425
0.0011374
0.0011322
0.001127
0.0011217
0.0011164
0.0011111
0.0011058
0.0011004
0.001095
0.0010896
0.0010841
0.0010786
0.0010731
0.0010675
0.0010619
0.0010563
0.0010506
0.0010449
0.0010392
0.0010334
0.0010276
0.0010218
0.0010159
0.00101
0.0010041
0.00099815
0.00099215
0.00098612
0.00098006
0.00097397
0.00096784
0.00096167
0.00095547
0.00094924
0.00094297
0.00093667
0.00093034
0.00092397
0.00091756
0.00091112
0.00090465
0.00089814
0.00089159
0.00088501
0.00087839
0.00087174
0.00086506
0.00085833
0.00085157
0.00084478
0.00083795
0.00083108
0.00082418
0.00081724
0.00081027
0.00080326
0.00079621
0.00078913
0.00078201
0.00077485
0.00076765
0.00076042
0.00075315
0.00074585
0.0007385
0.00073112
0.0007237
0.00071625
0.00070876
0.00070122
0.00069365
0.00068605
0.0006784
0.00067072
0.000663
0.00065524
0.00064744
0.0006396
0.00063172
0.00062381
0.00061586
0.00060786
0.00059983
0.00059176
0.00058365
0.0005755
0.00056731
0.00055909
0.00055081
0.00054251
0.00053415
0.00052578
0.00051734
0.00050888
0.00050036
0.00049183
0.00048322
0.00047461
0.00046591
0.00045723
0.00044845
0.00043969
0.00043081
0.00042199
0.00041302
0.00040412
0.00039505
0.00038609
0.00037692
0.00036789
0.00035862
0.00034952
0.00034016
0.00033098
0.00032152
0.00031228
0.00030272
0.0002934
0.00028375
0.00027435
0.00026462
0.00025513
0.00024531
0.00023573
0.00022583
0.00021615
0.00020619
0.0001964
0.00018637
0.00017647
0.00016638
0.00015637
0.00014622
0.00013608
0.00012588
0.00011563
0.00010536
9.4997e-05
8.4655e-05
7.4193e-05
6.3768e-05
5.3215e-05
4.2696e-05
3.2062e-05
2.144e-05
1.0732e-05
