-0.0018866
-0.002467
-0.0027934
-0.0030131
-0.0031745
-0.0032995
-0.0033995
-0.0034815
-0.0035499
-0.0036077
-0.0036571
-0.0036996
-0.0037365
-0.0037686
-0.0037968
-0.0038215
-0.0038432
-0.0038624
-0.0038794
-0.0038944
-0.0039077
-0.0039195
-0.00393
-0.0039392
-0.0039474
-0.0039546
-0.0039609
-0.0039665
-0.0039713
-0.0039755
-0.0039792
-0.0039823
-0.003985
-0.0039872
-0.0039891
-0.0039906
-0.0039917
-0.0039926
-0.0039932
-0.0039935
-0.0039936
-0.0039935
-0.0039932
-0.0039928
-0.0039921
-0.0039914
-0.0039905
-0.0039894
-0.0039883
-0.003987
-0.0039856
-0.0039842
-0.0039827
-0.003981
-0.0039794
-0.0039776
-0.0039758
-0.0039739
-0.003972
-0.00397
-0.003968
-0.003966
-0.0039639
-0.0039617
-0.0039596
-0.0039574
-0.0039551
-0.0039529
-0.0039506
-0.0039483
-0.003946
-0.0039436
-0.0039413
-0.0039389
-0.0039365
-0.0039341
-0.0039317
-0.0039293
-0.0039268
-0.0039244
-0.0039219
-0.0039194
-0.0039169
-0.0039144
-0.0039119
-0.0039094
-0.0039069
-0.0039044
-0.0039019
-0.0038993
-0.0038968
-0.0038943
-0.0038917
-0.0038892
-0.0038866
-0.003884
-0.0038815
-0.0038789
-0.0038764
-0.0038738
-0.0038712
-0.0038686
-0.0038661
-0.0038635
-0.0038609
-0.0038583
-0.0038557
-0.0038532
-0.0038506
-0.003848
-0.0038454
-0.0038428
-0.0038402
-0.0038376
-0.003835
-0.0038324
-0.0038298
-0.0038272
-0.0038246
-0.0038221
-0.0038195
-0.0038169
-0.0038143
-0.0038117
-0.0038091
-0.0038065
-0.0038039
-0.0038013
-0.0037987
-0.0037961
-0.0037934
-0.0037908
-0.0037882
-0.0037856
-0.003783
-0.0037804
-0.0037778
-0.0037752
-0.0037726
-0.00377
-0.0037674
-0.0037648
-0.0037622
-0.0037596
-0.003757
-0.0037544
-0.0037518
-0.0037492
-0.0037466
-0.003744
-0.0037414
-0.0037388
-0.0037362
-0.0037335
-0.0037309
-0.0037283
-0.0037257
-0.0037231
-0.0037205
-0.0037179
-0.0037153
-0.0037127
-0.0037101
-0.0037075
-0.0037049
-0.0037023
-0.0036997
-0.0036971
-0.0036945
-0.0036918
-0.0036892
-0.0036866
-0.003684
-0.0036814
-0.0036788
-0.0036762
-0.0036736
-0.003671
-0.0036684
-0.0036658
-0.0036632
-0.0036606
-0.003658
-0.0036554
-0.0036528
-0.0036501
-0.0036475
-0.0036449
-0.0036423
-0.0036397
-0.0036371
-0.0036345
-0.0036319
-0.0036293
-0.0036267
-0.0036241
-0.0036215
-0.0036189
-0.0036163
-0.0036137
-0.003611
-0.0036084
-0.0036058
-0.0036032
-0.0036006
-0.003598
-0.0035954
-0.0035928
-0.0035902
-0.0035876
-0.003585
-0.0035824
-0.0035798
-0.0035772
-0.0035746
-0.0035719
-0.0035693
-0.0035667
-0.0035641
-0.0035615
-0.0035589
-0.0035563
-0.0035537
-0.0035511
-0.0035485
-0.0035459
-0.0035433
-0.0035407
-0.0035381
-0.0035355
-0.0035328
-0.0035302
-0.0035276
-0.003525
-0.0035224
-0.0035198
-0.0035172
-0.0035146
-0.003512
-0.0035094
-0.0035068
-0.0035042
-0.0035016
-0.003499
-0.0034964
-0.0034937
-0.0034911
-0.0034885
-0.0034859
-0.0034833
-0.0034807
-0.0034781
-0.0034755
-0.0034729
-0.0034703
-0.0034677
-0.0034651
-0.0034625
-0.0034599
-0.0034572
-0.0034546
-0.003452
-0.0034494
-0.0034468
-0.0034442
-0.0034416
-0.003439
-0.0034364
-0.0034338
-0.0034312
-0.0034286
-0.003426
-0.0034234
-0.0034208
-0.0034181
-0.0034155
-0.0034129
-0.0034103
-0.0034077
-0.0034051
-0.0034025
-0.0033999
-0.0033973
-0.0033947
-0.0033921
-0.0033895
-0.0033869
-0.0033843
-0.0033817
-0.003379
-0.0033764
-0.0033738
-0.0033712
-0.0033686
-0.003366
-0.0033634
-0.0033608
-0.0033582
-0.0033556
-0.003353
-0.0033504
-0.0033478
-0.0033452
-0.0033426
-0.0033399
-0.0033373
-0.0033347
-0.0033321
-0.0033295
-0.0033269
-0.0033243
-0.0033217
-0.0033191
-0.0033165
-0.0033139
-0.0033113
-0.0033087
-0.0033061
-0.0033035
-0.0033008
-0.0032982
-0.0032956
-0.003293
-0.0032904
-0.0032878
-0.0032852
-0.0032826
-0.00328
-0.0032774
-0.0032748
-0.0032722
-0.0032696
-0.003267
-0.0032644
-0.0032617
-0.0032591
-0.0032565
-0.0032539
-0.0032513
-0.0032487
-0.0032461
-0.0032435
-0.0032409
-0.0032383
-0.0032357
-0.0032331
-0.0032305
-0.0032279
-0.0032253
-0.0032226
-0.00322
-0.0032174
-0.0032148
-0.0032122
-0.0032096
-0.003207
-0.0032044
-0.0032018
-0.0031992
-0.0031966
-0.003194
-0.0031914
-0.0031888
-0.0031861
-0.0031835
-0.0031809
-0.0031783
-0.0031757
-0.0031731
-0.0031705
-0.0031679
-0.0031653
-0.0031627
-0.0031601
-0.0031575
-0.0031549
-0.0031523
-0.0031497
-0.003147
-0.0031444
-0.0031418
-0.0031392
-0.0031366
-0.003134
-0.0031314
-0.0031288
-0.0031262
-0.0031236
-0.003121
-0.0031184
-0.0031158
-0.0031132
-0.0031106
-0.0031079
-0.0031053
-0.0031027
-0.0031001
-0.0030975
-0.0030949
-0.0030923
-0.0030897
-0.0030871
-0.0030845
-0.0030819
-0.0030793
-0.0030767
-0.0030741
-0.0030715
-0.0030688
-0.0030662
-0.0030636
-0.003061
-0.0030584
-0.0030558
-0.0030532
-0.0030506
-0.003048
-0.0030454
-0.0030428
-0.0030402
-0.0030376
-0.003035
-0.0030324
-0.0030297
-0.0030271
-0.0030245
-0.0030219
-0.0030193
-0.0030167
-0.0030141
-0.0030115
-0.0030089
-0.0030063
-0.0030037
-0.0030011
-0.0029985
-0.0029959
-0.0029933
-0.0029906
-0.002988
-0.0029854
-0.0029828
-0.0029802
-0.0029776
-0.002975
-0.0029724
-0.0029698
-0.0029672
-0.0029646
-0.002962
-0.0029594
-0.0029568
-0.0029542
-0.0029515
-0.0029489
-0.0029463
-0.0029437
-0.0029411
-0.0029385
-0.0029359
-0.0029333
-0.0029307
-0.0029281
-0.0029255
-0.0029229
-0.0029203
-0.0029177
-0.002915
-0.0029124
-0.0029098
-0.0029072
-0.0029046
-0.002902
-0.0028994
-0.0028968
-0.0028942
-0.0028916
-0.002889
-0.0028864
-0.0028838
-0.0028812
-0.0028786
-0.0028759
-0.0028733
-0.0028707
-0.0028681
-0.0028655
-0.0028629
-0.0028603
-0.0028577
-0.0028551
-0.0028525
-0.0028499
-0.0028473
-0.0028447
-0.0028421
-0.0028395
-0.0028368
-0.0028342
-0.0028316
-0.002829
-0.0028264
-0.0028238
-0.0028212
-0.0028186
-0.002816
-0.0028134
-0.0028108
-0.0028082
-0.0028056
-0.002803
-0.0028004
-0.0027977
-0.0027951
-0.0027925
-0.0027899
-0.0027873
-0.0027847
-0.0027821
-0.0027795
-0.0027769
-0.0027743
-0.0027717
-0.0027691
-0.0027665
-0.0027639
-0.0027613
-0.0027586
-0.002756
-0.0027534
-0.0027508
-0.0027482
-0.0027456
-0.002743
-0.0027404
-0.0027378
-0.0027352
-0.0027326
-0.00273
-0.0027274
-0.0027248
-0.0027222
-0.0027195
-0.0027169
-0.0027143
-0.0027117
-0.0027091
-0.0027065
-0.0027039
-0.0027013
-0.0026987
-0.0026961
-0.0026935
-0.0026909
-0.0026883
-0.0026857
-0.0026831
-0.0026804
-0.0026778
-0.0026752
-0.0026726
-0.00267
-0.0026674
-0.0026648
-0.0026622
-0.0026596
-0.002657
-0.0026544
-0.0026518
-0.0026492
-0.0026466
-0.0026439
-0.0026413
-0.0026387
-0.0026361
-0.0026335
-0.0026309
-0.0026283
-0.0026257
-0.0026231
-0.0026205
-0.0026179
-0.0026153
-0.0026127
-0.0026101
-0.0026075
-0.0026048
-0.0026022
-0.0025996
-0.002597
-0.0025944
-0.0025918
-0.0025892
-0.0025866
-0.002584
-0.0025814
-0.0025788
-0.0025762
-0.0025736
-0.002571
-0.0025684
-0.0025657
-0.0025631
-0.0025605
-0.0025579
-0.0025553
-0.0025527
-0.0025501
-0.0025475
-0.0025449
-0.0025423
-0.0025397
-0.0025371
-0.0025345
-0.0025319
-0.0025293
-0.0025266
-0.002524
-0.0025214
-0.0025188
-0.0025162
-0.0025136
-0.002511
-0.0025084
-0.0025058
-0.0025032
-0.0025006
-0.002498
-0.0024954
-0.0024928
-0.0024902
-0.0024875
-0.0024849
-0.0024823
-0.0024797
-0.0024771
-0.0024745
-0.0024719
-0.0024693
-0.0024667
-0.0024641
-0.0024615
-0.0024589
-0.0024563
-0.0024537
-0.0024511
-0.0024484
-0.0024458
-0.0024432
-0.0024406
-0.002438
-0.0024354
-0.0024328
-0.0024302
-0.0024276
-0.002425
-0.0024224
-0.0024198
-0.0024172
-0.0024146
-0.002412
-0.0024093
-0.0024067
-0.0024041
-0.0024015
-0.0023989
-0.0023963
-0.0023937
-0.0023911
-0.0023885
-0.0023859
-0.0023833
-0.0023807
-0.0023781
-0.0023755
-0.0023728
-0.0023702
-0.0023676
-0.002365
-0.0023624
-0.0023598
-0.0023572
-0.0023546
-0.002352
-0.0023494
-0.0023468
-0.0023442
-0.0023416
-0.002339
-0.0023364
-0.0023337
-0.0023311
-0.0023285
-0.0023259
-0.0023233
-0.0023207
-0.0023181
-0.0023155
-0.0023129
-0.0023103
-0.0023077
-0.0023051
-0.0023025
-0.0022999
-0.0022973
-0.0022946
-0.002292
-0.0022894
-0.0022868
-0.0022842
-0.0022816
-0.002279
-0.0022764
-0.0022738
-0.0022712
-0.0022686
-0.002266
-0.0022634
-0.0022608
-0.0022582
-0.0022555
-0.0022529
-0.0022503
-0.0022477
-0.0022451
-0.0022425
-0.0022399
-0.0022373
-0.0022347
-0.0022321
-0.0022295
-0.0022269
-0.0022243
-0.0022217
-0.0022191
-0.0022164
-0.0022138
-0.0022112
-0.0022086
-0.002206
-0.0022034
-0.0022008
-0.0021982
-0.0021956
-0.002193
-0.0021904
-0.0021878
-0.0021852
-0.0021826
-0.00218
-0.0021773
-0.0021747
-0.0021721
-0.0021695
-0.0021669
-0.0021643
-0.0021617
-0.0021591
-0.0021565
-0.0021539
-0.0021513
-0.0021487
-0.0021461
-0.0021435
-0.0021408
-0.0021382
-0.0021356
-0.002133
-0.0021304
-0.0021278
-0.0021252
-0.0021226
-0.00212
-0.0021174
-0.0021148
-0.0021122
-0.0021096
-0.002107
-0.0021044
-0.0021017
-0.0020991
-0.0020965
-0.0020939
-0.0020913
-0.0020887
-0.0020861
-0.0020835
-0.0020809
-0.0020783
-0.0020757
-0.0020731
-0.0020705
-0.0020679
-0.0020653
-0.0020626
-0.00206
-0.0020574
-0.0020548
-0.0020522
-0.0020496
-0.002047
-0.0020444
-0.0020418
-0.0020392
-0.0020366
-0.002034
-0.0020314
-0.0020288
-0.0020262
-0.0020235
-0.0020209
-0.0020183
-0.0020157
-0.0020131
-0.0020105
-0.0020079
-0.0020053
-0.0020027
-0.0020001
-0.0019975
-0.0019949
-0.0019923
-0.0019897
-0.0019871
-0.0019844
-0.0019818
-0.0019792
-0.0019766
-0.001974
-0.0019714
-0.0019688
-0.0019662
-0.0019636
-0.001961
-0.0019584
-0.0019558
-0.0019532
-0.0019506
-0.001948
-0.0019453
-0.0019427
-0.0019401
-0.0019375
-0.0019349
-0.0019323
-0.0019297
-0.0019271
-0.0019245
-0.0019219
-0.0019193
-0.0019167
-0.0019141
-0.0019115
-0.0019089
-0.0019062
-0.0019036
-0.001901
-0.0018984
-0.0018958
-0.0018932
-0.0018906
-0.001888
-0.0018854
-0.0018828
-0.0018802
-0.0018776
-0.001875
-0.0018724
-0.0018697
-0.0018671
-0.0018645
-0.0018619
-0.0018593
-0.0018567
-0.0018541
-0.0018515
-0.0018489
-0.0018463
-0.0018437
-0.0018411
-0.0018385
-0.0018359
-0.0018333
-0.0018306
-0.001828
-0.0018254
-0.0018228
-0.0018202
-0.0018176
-0.001815
-0.0018124
-0.0018098
-0.0018072
-0.0018046
-0.001802
-0.0017994
-0.0017968
-0.0017942
-0.0017915
-0.0017889
-0.0017863
-0.0017837
-0.0017811
-0.0017785
-0.0017759
-0.0017733
-0.0017707
-0.0017681
-0.0017655
-0.0017629
-0.0017603
-0.0017577
-0.0017551
-0.0017524
-0.0017498
-0.0017472
-0.0017446
-0.001742
-0.0017394
-0.0017368
-0.0017342
-0.0017316
-0.001729
-0.0017264
-0.0017238
-0.0017212
-0.0017186
-0.001716
-0.0017133
-0.0017107
-0.0017081
-0.0017055
-0.0017029
-0.0017003
-0.0016977
-0.0016951
-0.0016925
-0.0016899
-0.0016873
-0.0016847
-0.0016821
-0.0016795
-0.0016769
-0.0016742
-0.0016716
-0.001669
-0.0016664
-0.0016638
-0.0016612
-0.0016586
-0.001656
-0.0016534
-0.0016508
-0.0016482
-0.0016456
-0.001643
-0.0016404
-0.0016378
-0.0016351
-0.0016325
-0.0016299
-0.0016273
-0.0016247
-0.0016221
-0.0016195
-0.0016169
-0.0016143
-0.0016117
-0.0016091
-0.0016065
-0.0016039
-0.0016013
-0.0015986
-0.001596
-0.0015934
-0.0015908
-0.0015882
-0.0015856
-0.001583
-0.0015804
-0.0015778
-0.0015752
-0.0015726
-0.00157
-0.0015674
-0.0015648
-0.0015622
-0.0015595
-0.0015569
-0.0015543
-0.0015517
-0.0015491
-0.0015465
-0.0015439
-0.0015413
-0.0015387
-0.0015361
-0.0015335
-0.0015309
-0.0015283
-0.0015257
-0.0015231
-0.0015204
-0.0015178
-0.0015152
-0.0015126
-0.00151
-0.0015074
-0.0015048
-0.0015022
-0.0014996
-0.001497
-0.0014944
-0.0014918
-0.0014892
-0.0014866
-0.001484
-0.0014813
-0.0014787
-0.0014761
-0.0014735
-0.0014709
-0.0014683
-0.0014657
-0.0014631
-0.0014605
-0.0014579
-0.0014553
-0.0014527
-0.0014501
-0.0014475
-0.0014449
-0.0014422
-0.0014396
-0.001437
-0.0014344
-0.0014318
-0.0014292
-0.0014266
-0.001424
-0.0014214
-0.0014188
-0.0014162
-0.0014136
-0.001411
-0.0014084
-0.0014058
-0.0014031
-0.0014005
-0.0013979
-0.0013953
-0.0013927
-0.0013901
-0.0013875
-0.0013849
-0.0013823
-0.0013797
-0.0013771
-0.0013745
-0.0013719
-0.0013693
-0.0013667
-0.001364
-0.0013614
-0.0013588
-0.0013562
-0.0013536
-0.001351
-0.0013484
-0.0013458
-0.0013432
-0.0013406
-0.001338
-0.0013354
-0.0013328
-0.0013302
-0.0013275
-0.0013249
-0.0013223
-0.0013197
-0.0013171
-0.0013145
-0.0013119
-0.0013093
-0.0013067
-0.0013041
-0.0013015
-0.0012989
-0.0012963
-0.0012937
-0.0012911
-0.0012884
-0.0012858
-0.0012832
-0.0012806
-0.001278
-0.0012754
-0.0012728
-0.0012702
-0.0012676
-0.001265
-0.0012624
-0.0012598
-0.0012572
-0.0012546
-0.001252
-0.0012493
-0.0012467
-0.0012441
-0.0012415
-0.0012389
-0.0012363
-0.0012337
-0.0012311
-0.0012285
-0.0012259
-0.0012233
-0.0012207
-0.0012181
-0.0012155
-0.0012129
-0.0012102
-0.0012076
-0.001205
-0.0012024
-0.0011998
-0.0011972
-0.0011946
-0.001192
-0.0011894
-0.0011868
-0.0011842
-0.0011816
-0.001179
-0.0011764
-0.0011738
-0.0011711
-0.0011685
-0.0011659
-0.0011633
-0.0011607
-0.0011581
-0.0011555
-0.0011529
-0.0011503
-0.0011477
-0.0011451
-0.0011425
-0.0011399
-0.0011373
-0.0011347
-0.001132
-0.0011294
-0.0011268
-0.0011242
-0.0011216
-0.001119
-0.0011164
-0.0011138
-0.0011112
-0.0011086
-0.001106
-0.0011034
-0.0011008
-0.0010982
-0.0010956
-0.0010929
-0.0010903
-0.0010877
-0.0010851
-0.0010825
-0.0010799
-0.0010773
-0.0010747
-0.0010721
-0.0010695
-0.0010669
-0.0010643
-0.0010617
-0.0010591
-0.0010564
-0.0010538
-0.0010512
-0.0010486
-0.001046
-0.0010434
-0.0010408
-0.0010382
-0.0010356
-0.001033
-0.0010304
-0.0010278
-0.0010252
-0.0010226
-0.00102
-0.0010173
-0.0010147
-0.0010121
-0.0010095
-0.0010069
-0.0010043
-0.0010017
-0.0009991
-0.00099649
-0.00099389
-0.00099128
-0.00098867
-0.00098607
-0.00098346
-0.00098085
-0.00097825
-0.00097564
-0.00097303
-0.00097043
-0.00096782
-0.00096521
-0.00096261
-0.00096
-0.00095739
-0.00095479
-0.00095218
-0.00094957
-0.00094697
-0.00094436
-0.00094175
-0.00093915
-0.00093654
-0.00093393
-0.00093133
-0.00092872
-0.00092611
-0.00092351
-0.0009209
-0.00091829
-0.00091569
-0.00091308
-0.00091047
-0.00090787
-0.00090526
-0.00090265
-0.00090005
-0.00089744
-0.00089483
-0.00089223
-0.00088962
-0.00088701
-0.00088441
-0.0008818
-0.00087919
-0.00087659
-0.00087398
-0.00087137
-0.00086876
-0.00086616
-0.00086355
-0.00086094
-0.00085834
-0.00085573
-0.00085312
-0.00085052
-0.00084791
-0.0008453
-0.0008427
-0.00084009
-0.00083748
-0.00083488
-0.00083227
-0.00082966
-0.00082706
-0.00082445
-0.00082184
-0.00081924
-0.00081663
-0.00081402
-0.00081142
-0.00080881
-0.0008062
-0.0008036
-0.00080099
-0.00079838
-0.00079578
-0.00079317
-0.00079056
-0.00078796
-0.00078535
-0.00078274
-0.00078014
-0.00077753
-0.00077492
-0.00077232
-0.00076971
-0.0007671
-0.0007645
-0.00076189
-0.00075928
-0.00075668
-0.00075407
-0.00075146
-0.00074886
-0.00074625
-0.00074364
-0.00074104
-0.00073843
-0.00073582
-0.00073321
-0.00073061
-0.000728
-0.00072539
-0.00072279
-0.00072018
-0.00071757
-0.00071497
-0.00071236
-0.00070975
-0.00070715
-0.00070454
-0.00070193
-0.00069933
-0.00069672
-0.00069411
-0.00069151
-0.0006889
-0.00068629
-0.00068369
-0.00068108
-0.00067847
-0.00067587
-0.00067326
-0.00067065
-0.00066805
-0.00066544
-0.00066283
-0.00066023
-0.00065762
-0.00065501
-0.00065241
-0.0006498
-0.00064719
-0.00064459
-0.00064198
-0.00063937
-0.00063677
-0.00063416
-0.00063155
-0.00062895
-0.00062634
-0.00062373
-0.00062113
-0.00061852
-0.00061591
-0.00061331
-0.0006107
-0.00060809
-0.00060549
-0.00060288
-0.00060027
-0.00059766
-0.00059506
-0.00059245
-0.00058984
-0.00058724
-0.00058463
-0.00058202
-0.00057942
-0.00057681
-0.0005742
-0.0005716
-0.00056899
-0.00056638
-0.00056378
-0.00056117
-0.00055856
-0.00055596
-0.00055335
-0.00055074
-0.00054814
-0.00054553
-0.00054292
-0.00054032
-0.00053771
-0.0005351
-0.0005325
-0.00052989
-0.00052728
-0.00052468
-0.00052207
-0.00051946
-0.00051686
-0.00051425
-0.00051164
-0.00050904
-0.00050643
-0.00050382
-0.00050122
-0.00049861
-0.000496
-0.0004934
-0.00049079
-0.00048818
-0.00048558
-0.00048297
-0.00048036
-0.00047776
-0.00047515
-0.00047254
-0.00046994
-0.00046733
-0.00046472
-0.00046211
-0.00045951
-0.0004569
-0.00045429
-0.00045169
-0.00044908
-0.00044647
-0.00044387
-0.00044126
-0.00043865
-0.00043605
-0.00043344
-0.00043083
-0.00042823
-0.00042562
-0.00042301
-0.00042041
-0.0004178
-0.00041519
-0.00041259
-0.00040998
-0.00040737
-0.00040477
-0.00040216
-0.00039955
-0.00039695
-0.00039434
-0.00039173
-0.00038913
-0.00038652
-0.00038391
-0.00038131
-0.0003787
-0.00037609
-0.00037349
-0.00037088
-0.00036827
-0.00036567
-0.00036306
-0.00036045
-0.00035785
-0.00035524
-0.00035263
-0.00035003
-0.00034742
-0.00034481
-0.00034221
-0.0003396
-0.00033699
-0.00033439
-0.00033178
-0.00032917
-0.00032656
-0.00032396
-0.00032135
-0.00031874
-0.00031614
-0.00031353
-0.00031092
-0.00030832
-0.00030571
-0.0003031
-0.0003005
-0.00029789
-0.00029528
-0.00029268
-0.00029007
-0.00028746
-0.00028486
-0.00028225
-0.00027964
-0.00027704
-0.00027443
-0.00027182
-0.00026922
-0.00026661
-0.000264
-0.0002614
-0.00025879
-0.00025618
-0.00025358
-0.00025097
-0.00024836
-0.00024576
-0.00024315
-0.00024054
-0.00023794
-0.00023533
-0.00023272
-0.00023012
-0.00022751
-0.0002249
-0.0002223
-0.00021969
-0.00021708
-0.00021448
-0.00021187
-0.00020926
-0.00020666
-0.00020405
-0.00020144
-0.00019883
-0.00019623
-0.00019362
-0.00019101
-0.00018841
-0.0001858
-0.00018319
-0.00018059
-0.00017798
-0.00017537
-0.00017277
-0.00017016
-0.00016755
-0.00016495
-0.00016234
-0.00015973
-0.00015713
-0.00015452
-0.00015191
-0.00014931
-0.0001467
-0.00014409
-0.00014149
-0.00013888
-0.00013627
-0.00013367
-0.00013106
-0.00012845
-0.00012585
-0.00012324
-0.00012063
-0.00011803
-0.00011542
-0.00011281
-0.00011021
-0.0001076
-0.00010499
-0.00010239
-9.9779e-05
-9.7172e-05
-9.4566e-05
-9.1959e-05
-8.9352e-05
-8.6746e-05
-8.4139e-05
-8.1532e-05
-7.8925e-05
-7.6319e-05
-7.3712e-05
-7.1105e-05
-6.8498e-05
-6.5892e-05
-6.3285e-05
-6.0678e-05
-5.8071e-05
-5.5465e-05
-5.2858e-05
-5.0251e-05
-4.7645e-05
-4.5038e-05
-4.2431e-05
-3.9824e-05
-3.7218e-05
-3.4611e-05
-3.2004e-05
-2.9397e-05
-2.6791e-05
-2.4184e-05
-2.1577e-05
-1.897e-05
-1.6364e-05
-1.3757e-05
-1.115e-05
-8.5436e-06
-5.9368e-06
-3.3301e-06
-7.2338e-07
1.8834e-06
4.4901e-06
7.0968e-06
9.7035e-06
1.231e-05
1.4917e-05
1.7524e-05
2.013e-05
2.2737e-05
2.5344e-05
2.7951e-05
3.0557e-05
3.3164e-05
3.5771e-05
3.8378e-05
4.0984e-05
4.3591e-05
4.6198e-05
4.8805e-05
5.1411e-05
5.4018e-05
5.6625e-05
5.9231e-05
6.1838e-05
6.4445e-05
6.7052e-05
6.9658e-05
7.2265e-05
7.4872e-05
7.7479e-05
8.0085e-05
8.2692e-05
8.5299e-05
8.7905e-05
9.0512e-05
9.3119e-05
9.5726e-05
9.8332e-05
0.00010094
0.00010355
0.00010615
0.00010876
0.00011137
0.00011397
0.00011658
0.00011919
0.00012179
0.0001244
0.00012701
0.00012961
0.00013222
0.00013483
0.00013743
0.00014004
0.00014265
0.00014525
0.00014786
0.00015047
0.00015307
0.00015568
0.00015829
0.00016089
0.0001635
0.00016611
0.00016871
0.00017132
0.00017393
0.00017653
0.00017914
0.00018175
0.00018435
0.00018696
0.00018957
0.00019217
0.00019478
0.00019739
0.00019999
0.0002026
0.00020521
0.00020782
0.00021042
0.00021303
0.00021564
0.00021824
0.00022085
0.00022346
0.00022606
0.00022867
0.00023128
0.00023388
0.00023649
0.0002391
0.0002417
0.00024431
0.00024692
0.00024952
0.00025213
0.00025474
0.00025734
0.00025995
0.00026256
0.00026516
0.00026777
0.00027038
0.00027298
0.00027559
0.0002782
0.0002808
0.00028341
0.00028602
0.00028862
0.00029123
0.00029384
0.00029644
0.00029905
0.00030166
0.00030426
0.00030687
0.00030948
0.00031208
0.00031469
0.0003173
0.0003199
0.00032251
0.00032512
0.00032772
0.00033033
0.00033294
0.00033554
0.00033815
0.00034076
0.00034336
0.00034597
0.00034858
0.00035119
0.00035379
0.0003564
0.00035901
0.00036161
0.00036422
0.00036683
0.00036943
0.00037204
0.00037465
0.00037725
0.00037986
0.00038247
0.00038507
0.00038768
0.00039029
0.00039289
0.0003955
0.00039811
0.00040071
0.00040332
0.00040593
0.00040853
0.00041114
0.00041375
0.00041635
0.00041896
0.00042157
0.00042417
0.00042678
0.00042939
0.00043199
0.0004346
0.00043721
0.00043981
0.00044242
0.00044503
0.00044763
0.00045024
0.00045285
0.00045545
0.00045806
0.00046067
0.00046327
0.00046588
0.00046849
0.00047109
0.0004737
0.00047631
0.00047891
0.00048152
0.00048413
0.00048673
0.00048934
0.00049195
0.00049455
0.00049716
0.00049977
0.00050237
0.00050498
0.00050759
0.00051019
0.0005128
0.00051541
0.00051801
0.00052062
0.00052323
0.00052583
0.00052844
0.00053105
0.00053366
0.00053626
0.00053887
0.00054148
0.00054408
0.00054669
0.0005493
0.0005519
0.00055451
0.00055712
0.00055972
0.00056233
0.00056494
0.00056754
0.00057015
0.00057276
0.00057536
0.00057797
0.00058058
0.00058318
0.00058579
0.0005884
0.000591
0.00059361
0.00059622
0.00059882
0.00060143
0.00060404
0.00060664
0.00060925
0.00061186
0.00061446
0.00061707
0.00061968
0.00062228
0.00062489
0.0006275
0.0006301
0.00063271
0.00063532
0.00063792
0.00064053
0.00064314
0.00064574
0.00064835
0.00065096
0.00065356
0.00065617
0.00065878
0.00066138
0.00066399
0.0006666
0.0006692
0.00067181
0.00067442
0.00067702
0.00067963
0.00068223
0.00068484
0.00068745
0.00069005
0.00069266
0.00069527
0.00069787
0.00070048
0.00070309
0.00070569
0.0007083
0.00071091
0.00071351
0.00071612
0.00071873
0.00072133
0.00072394
0.00072655
0.00072915
0.00073176
0.00073437
0.00073697
0.00073958
0.00074219
0.00074479
0.0007474
0.00075001
0.00075261
0.00075522
0.00075783
0.00076043
0.00076304
0.00076565
0.00076825
0.00077086
0.00077347
0.00077607
0.00077868
0.00078128
0.00078389
0.0007865
0.0007891
0.00079171
0.00079432
0.00079692
0.00079953
0.00080214
0.00080474
0.00080735
0.00080996
0.00081256
0.00081517
0.00081778
0.00082038
0.00082299
0.00082559
0.0008282
0.00083081
0.00083341
0.00083602
0.00083863
0.00084123
0.00084384
0.00084645
0.00084905
0.00085166
0.00085426
0.00085687
0.00085948
0.00086208
0.00086469
0.0008673
0.0008699
0.00087251
0.00087512
0.00087772
0.00088033
0.00088293
0.00088554
0.00088815
0.00089075
0.00089336
0.00089597
0.00089857
0.00090118
0.00090378
0.00090639
0.000909
0.0009116
0.00091421
0.00091681
0.00091942
0.00092203
0.00092463
0.00092724
0.00092985
0.00093245
0.00093506
0.00093766
0.00094027
0.00094288
0.00094548
0.00094809
0.00095069
0.0009533
0.00095591
0.00095851
0.00096112
0.00096372
0.00096633
0.00096893
0.00097154
0.00097415
0.00097675
0.00097936
0.00098196
0.00098457
0.00098718
0.00098978
0.00099239
0.00099499
0.0009976
0.0010002
0.0010028
0.0010054
0.001008
0.0010106
0.0010132
0.0010158
0.0010184
0.001021
0.0010237
0.0010263
0.0010289
0.0010315
0.0010341
0.0010367
0.0010393
0.0010419
0.0010445
0.0010471
0.0010497
0.0010523
0.0010549
0.0010575
0.0010601
0.0010627
0.0010653
0.0010679
0.0010706
0.0010732
0.0010758
0.0010784
0.001081
0.0010836
0.0010862
0.0010888
0.0010914
0.001094
0.0010966
0.0010992
0.0011018
0.0011044
0.001107
0.0011096
0.0011122
0.0011148
0.0011174
0.00112
0.0011226
0.0011253
0.0011279
0.0011305
0.0011331
0.0011357
0.0011383
0.0011409
0.0011435
0.0011461
0.0011487
0.0011513
0.0011539
0.0011565
0.0011591
0.0011617
0.0011643
0.0011669
0.0011695
0.0011721
0.0011747
0.0011773
0.0011799
0.0011825
0.0011851
0.0011877
0.0011903
0.001193
0.0011956
0.0011982
0.0012008
0.0012034
0.001206
0.0012086
0.0012112
0.0012138
0.0012164
0.001219
0.0012216
0.0012242
0.0012268
0.0012294
0.001232
0.0012346
0.0012372
0.0012398
0.0012424
0.001245
0.0012476
0.0012502
0.0012528
0.0012554
0.001258
0.0012606
0.0012632
0.0012658
0.0012684
0.001271
0.0012736
0.0012762
0.0012788
0.0012814
0.001284
0.0012866
0.0012892
0.0012918
0.0012944
0.001297
0.0012996
0.0013022
0.0013048
0.0013074
0.00131
0.0013126
0.0013152
0.0013178
0.0013204
0.001323
0.0013256
0.0013282
0.0013308
0.0013334
0.001336
0.0013386
0.0013412
0.0013438
0.0013464
0.001349
0.0013516
0.0013542
0.0013568
0.0013594
0.001362
0.0013646
0.0013672
0.0013698
0.0013724
0.001375
0.0013776
0.0013802
0.0013828
0.0013854
0.001388
0.0013906
0.0013932
0.0013958
0.0013984
0.001401
0.0014035
0.0014061
0.0014087
0.0014113
0.0014139
0.0014165
0.0014191
0.0014217
0.0014243
0.0014269
0.0014295
0.0014321
0.0014347
0.0014373
0.0014399
0.0014425
0.001445
0.0014476
0.0014502
0.0014528
0.0014554
0.001458
0.0014606
0.0014632
0.0014658
0.0014684
0.001471
0.0014735
0.0014761
0.0014787
0.0014813
0.0014839
0.0014865
0.0014891
0.0014917
0.0014943
0.0014968
0.0014994
0.001502
0.0015046
0.0015072
0.0015098
0.0015124
0.001515
0.0015175
0.0015201
0.0015227
0.0015253
0.0015279
0.0015305
0.001533
0.0015356
0.0015382
0.0015408
0.0015434
0.001546
0.0015485
0.0015511
0.0015537
0.0015563
0.0015589
0.0015615
0.001564
0.0015666
0.0015692
0.0015718
0.0015743
0.0015769
0.0015795
0.0015821
0.0015847
0.0015872
0.0015898
0.0015924
0.001595
0.0015975
0.0016001
0.0016027
0.0016053
0.0016078
0.0016104
0.001613
0.0016156
0.0016181
0.0016207
0.0016233
0.0016258
0.0016284
0.001631
0.0016335
0.0016361
0.0016387
0.0016412
0.0016438
0.0016464
0.0016489
0.0016515
0.0016541
0.0016566
0.0016592
0.0016618
0.0016643
0.0016669
0.0016695
0.001672
0.0016746
0.0016771
0.0016797
0.0016823
0.0016848
0.0016874
0.0016899
0.0016925
0.001695
0.0016976
0.0017002
0.0017027
0.0017053
0.0017078
0.0017104
0.0017129
0.0017155
0.001718
0.0017206
0.0017231
0.0017257
0.0017282
0.0017308
0.0017333
0.0017359
0.0017384
0.0017409
0.0017435
0.001746
0.0017486
0.0017511
0.0017537
0.0017562
0.0017587
0.0017613
0.0017638
0.0017663
0.0017689
0.0017714
0.0017739
0.0017765
0.001779
0.0017815
0.0017841
0.0017866
0.0017891
0.0017917
0.0017942
0.0017967
0.0017992
0.0018018
0.0018043
0.0018068
0.0018093
0.0018118
0.0018144
0.0018169
0.0018194
0.0018219
0.0018244
0.0018269
0.0018295
0.001832
0.0018345
0.001837
0.0018395
0.001842
0.0018445
0.001847
0.0018495
0.001852
0.0018545
0.001857
0.0018595
0.001862
0.0018645
0.001867
0.0018695
0.001872
0.0018745
0.001877
0.0018795
0.001882
0.0018844
0.0018869
0.0018894
0.0018919
0.0018944
0.0018969
0.0018993
0.0019018
0.0019043
0.0019068
0.0019092
0.0019117
0.0019142
0.0019166
0.0019191
0.0019216
0.001924
0.0019265
0.001929
0.0019314
0.0019339
0.0019363
0.0019388
0.0019412
0.0019437
0.0019461
0.0019486
0.001951
0.0019535
0.0019559
0.0019584
0.0019608
0.0019632
0.0019657
0.0019681
0.0019705
0.001973
0.0019754
0.0019778
0.0019803
0.0019827
0.0019851
0.0019875
0.0019899
0.0019924
0.0019948
0.0019972
0.0019996
0.002002
0.0020044
0.0020068
0.0020092
0.0020116
0.002014
0.0020164
0.0020188
0.0020212
0.0020236
0.002026
0.0020283
0.0020307
0.0020331
0.0020355
0.0020379
0.0020402
0.0020426
0.002045
0.0020473
0.0020497
0.0020521
0.0020544
0.0020568
0.0020591
0.0020615
0.0020638
0.0020662
0.0020685
0.0020709
0.0020732
0.0020755
0.0020779
0.0020802
0.0020825
0.0020849
0.0020872
0.0020895
0.0020918
0.0020941
0.0020964
0.0020988
0.0021011
0.0021034
0.0021057
0.002108
0.0021103
0.0021125
0.0021148
0.0021171
0.0021194
0.0021217
0.002124
0.0021262
0.0021285
0.0021308
0.002133
0.0021353
0.0021376
0.0021398
0.0021421
0.0021443
0.0021466
0.0021488
0.002151
0.0021533
0.0021555
0.0021577
0.0021599
0.0021622
0.0021644
0.0021666
0.0021688
0.002171
0.0021732
0.0021754
0.0021776
0.0021798
0.002182
0.0021842
0.0021863
0.0021885
0.0021907
0.0021929
0.002195
0.0021972
0.0021993
0.0022015
0.0022036
0.0022058
0.0022079
0.0022101
0.0022122
0.0022143
0.0022165
0.0022186
0.0022207
0.0022228
0.0022249
0.002227
0.0022291
0.0022312
0.0022333
0.0022354
0.0022375
0.0022395
0.0022416
0.0022437
0.0022457
0.0022478
0.0022498
0.0022519
0.0022539
0.002256
0.002258
0.00226
0.0022621
0.0022641
0.0022661
0.0022681
0.0022701
0.0022721
0.0022741
0.0022761
0.0022781
0.00228
0.002282
0.002284
0.0022859
0.0022879
0.0022898
0.0022918
0.0022937
0.0022957
0.0022976
0.0022995
0.0023014
0.0023034
0.0023053
0.0023072
0.0023091
0.002311
0.0023128
0.0023147
0.0023166
0.0023185
0.0023203
0.0023222
0.002324
0.0023259
0.0023277
0.0023295
0.0023314
0.0023332
0.002335
0.0023368
0.0023386
0.0023404
0.0023422
0.002344
0.0023457
0.0023475
0.0023493
0.002351
0.0023528
0.0023545
0.0023562
0.002358
0.0023597
0.0023614
0.0023631
0.0023648
0.0023665
0.0023682
0.0023699
0.0023715
0.0023732
0.0023749
0.0023765
0.0023781
0.0023798
0.0023814
0.002383
0.0023846
0.0023863
0.0023879
0.0023894
0.002391
0.0023926
0.0023942
0.0023957
0.0023973
0.0023988
0.0024004
0.0024019
0.0024034
0.0024049
0.0024064
0.0024079
0.0024094
0.0024109
0.0024124
0.0024139
0.0024153
0.0024168
0.0024182
0.0024196
0.0024211
0.0024225
0.0024239
0.0024253
0.0024267
0.0024281
0.0024294
0.0024308
0.0024321
0.0024335
0.0024348
0.0024362
0.0024375
0.0024388
0.0024401
0.0024414
0.0024427
0.0024439
0.0024452
0.0024465
0.0024477
0.0024489
0.0024502
0.0024514
0.0024526
0.0024538
0.002455
0.0024562
0.0024573
0.0024585
0.0024596
0.0024608
0.0024619
0.002463
0.0024641
0.0024652
0.0024663
0.0024674
0.0024685
0.0024695
0.0024706
0.0024716
0.0024727
0.0024737
0.0024747
0.0024757
0.0024767
0.0024777
0.0024786
0.0024796
0.0024805
0.0024815
0.0024824
0.0024833
0.0024842
0.0024851
0.002486
0.0024868
0.0024877
0.0024885
0.0024894
0.0024902
0.002491
0.0024918
0.0024926
0.0024934
0.0024941
0.0024949
0.0024956
0.0024964
0.0024971
0.0024978
0.0024985
0.0024992
0.0024998
0.0025005
0.0025012
0.0025018
0.0025024
0.002503
0.0025036
0.0025042
0.0025048
0.0025054
0.0025059
0.0025064
0.002507
0.0025075
0.002508
0.0025085
0.0025089
0.0025094
0.0025099
0.0025103
0.0025107
0.0025111
0.0025115
0.0025119
0.0025123
0.0025126
0.002513
0.0025133
0.0025136
0.002514
0.0025142
0.0025145
0.0025148
0.002515
0.0025153
0.0025155
0.0025157
0.0025159
0.0025161
0.0025163
0.0025164
0.0025166
0.0025167
0.0025168
0.0025169
0.002517
0.0025171
0.0025171
0.0025172
0.0025172
0.0025172
0.0025172
0.0025172
0.0025172
0.0025171
0.0025171
0.002517
0.0025169
0.0025168
0.0025167
0.0025166
0.0025164
0.0025163
0.0025161
0.0025159
0.0025157
0.0025155
0.0025153
0.002515
0.0025148
0.0025145
0.0025142
0.0025139
0.0025135
0.0025132
0.0025128
0.0025125
0.0025121
0.0025117
0.0025113
0.0025108
0.0025104
0.0025099
0.0025094
0.0025089
0.0025084
0.0025079
0.0025073
0.0025068
0.0025062
0.0025056
0.002505
0.0025044
0.0025037
0.0025031
0.0025024
0.0025017
0.002501
0.0025003
0.0024995
0.0024988
0.002498
0.0024972
0.0024964
0.0024956
0.0024947
0.0024939
0.002493
0.0024921
0.0024912
0.0024903
0.0024893
0.0024884
0.0024874
0.0024864
0.0024854
0.0024844
0.0024833
0.0024823
0.0024812
0.0024801
0.002479
0.0024778
0.0024767
0.0024755
0.0024743
0.0024731
0.0024719
0.0024707
0.0024694
0.0024682
0.0024669
0.0024656
0.0024642
0.0024629
0.0024615
0.0024601
0.0024587
0.0024573
0.0024559
0.0024544
0.002453
0.0024515
0.00245
0.0024485
0.0024469
0.0024454
0.0024438
0.0024422
0.0024406
0.0024389
0.0024373
0.0024356
0.0024339
0.0024322
0.0024305
0.0024287
0.002427
0.0024252
0.0024234
0.0024216
0.0024197
0.0024179
0.002416
0.0024141
0.0024122
0.0024102
0.0024083
0.0024063
0.0024043
0.0024023
0.0024003
0.0023982
0.0023962
0.0023941
0.002392
0.0023899
0.0023877
0.0023856
0.0023834
0.0023812
0.0023789
0.0023767
0.0023744
0.0023722
0.0023699
0.0023676
0.0023652
0.0023629
0.0023605
0.0023581
0.0023557
0.0023532
0.0023508
0.0023483
0.0023458
0.0023433
0.0023408
0.0023382
0.0023356
0.002333
0.0023304
0.0023278
0.0023251
0.0023225
0.0023198
0.0023171
0.0023143
0.0023116
0.0023088
0.002306
0.0023032
0.0023004
0.0022975
0.0022947
0.0022918
0.0022888
0.0022859
0.002283
0.00228
0.002277
0.002274
0.002271
0.0022679
0.0022648
0.0022617
0.0022586
0.0022555
0.0022523
0.0022492
0.002246
0.0022427
0.0022395
0.0022362
0.002233
0.0022297
0.0022264
0.002223
0.0022197
0.0022163
0.0022129
0.0022095
0.002206
0.0022026
0.0021991
0.0021956
0.0021921
0.0021885
0.002185
0.0021814
0.0021778
0.0021741
0.0021705
0.0021668
0.0021631
0.0021594
0.0021557
0.002152
0.0021482
0.0021444
0.0021406
0.0021368
0.0021329
0.002129
0.0021251
0.0021212
0.0021173
0.0021133
0.0021094
0.0021054
0.0021013
0.0020973
0.0020932
0.0020892
0.0020851
0.0020809
0.0020768
0.0020726
0.0020684
0.0020642
0.00206
0.0020558
0.0020515
0.0020472
0.0020429
0.0020386
0.0020342
0.0020299
0.0020255
0.002021
0.0020166
0.0020122
0.0020077
0.0020032
0.0019987
0.0019941
0.0019896
0.001985
0.0019804
0.0019758
0.0019711
0.0019665
0.0019618
0.0019571
0.0019523
0.0019476
0.0019428
0.001938
0.0019332
0.0019284
0.0019235
0.0019187
0.0019138
0.0019089
0.0019039
0.001899
0.001894
0.001889
0.001884
0.0018789
0.0018739
0.0018688
0.0018637
0.0018586
0.0018534
0.0018483
0.0018431
0.0018379
0.0018326
0.0018274
0.0018221
0.0018168
0.0018115
0.0018062
0.0018008
0.0017954
0.00179
0.0017846
0.0017792
0.0017737
0.0017682
0.0017627
0.0017572
0.0017517
0.0017461
0.0017405
0.0017349
0.0017293
0.0017236
0.001718
0.0017123
0.0017066
0.0017008
0.0016951
0.0016893
0.0016835
0.0016777
0.0016718
0.001666
0.0016601
0.0016542
0.0016483
0.0016423
0.0016364
0.0016304
0.0016244
0.0016183
0.0016123
0.0016062
0.0016001
0.001594
0.0015879
0.0015817
0.0015755
0.0015693
0.0015631
0.0015569
0.0015506
0.0015443
0.001538
0.0015317
0.0015253
0.001519
0.0015126
0.0015062
0.0014997
0.0014933
0.0014868
0.0014803
0.0014738
0.0014672
0.0014607
0.0014541
0.0014475
0.0014408
0.0014342
0.0014275
0.0014208
0.0014141
0.0014074
0.0014006
0.0013938
0.001387
0.0013802
0.0013733
0.0013665
0.0013596
0.0013527
0.0013457
0.0013388
0.0013318
0.0013248
0.0013178
0.0013107
0.0013037
0.0012966
0.0012894
0.0012823
0.0012752
0.001268
0.0012608
0.0012535
0.0012463
0.001239
0.0012317
0.0012244
0.0012171
0.0012097
0.0012023
0.0011949
0.0011875
0.00118
0.0011726
0.0011651
0.0011575
0.00115
0.0011424
0.0011348
0.0011272
0.0011196
0.0011119
0.0011042
0.0010965
0.0010888
0.001081
0.0010732
0.0010654
0.0010576
0.0010497
0.0010419
0.001034
0.001026
0.0010181
0.0010101
0.0010021
0.00099408
0.00098603
0.00097796
0.00096986
0.00096173
0.00095358
0.00094541
0.00093721
0.00092898
0.00092073
0.00091246
0.00090416
0.00089583
0.00088748
0.0008791
0.00087069
0.00086226
0.0008538
0.00084532
0.00083681
0.00082827
0.00081971
0.00081112
0.0008025
0.00079386
0.00078519
0.00077649
0.00076777
0.00075901
0.00075023
0.00074142
0.00073259
0.00072372
0.00071483
0.00070591
0.00069696
0.00068798
0.00067897
0.00066994
0.00066087
0.00065178
0.00064265
0.0006335
0.00062432
0.0006151
0.00060586
0.00059659
0.00058729
0.00057795
0.00056859
0.00055919
0.00054977
0.0005403
0.00053082
0.00052129
0.00051175
0.00050215
0.00049256
0.00048288
0.00047323
0.00046348
0.00045378
0.00044394
0.00043419
0.00042427
0.00041448
0.00040445
0.00039463
0.0003845
0.00037465
0.0003644
0.00035454
0.00034415
0.00033429
0.00032376
0.00031391
0.00030321
0.00029338
0.0002825
0.00027272
0.00026164
0.00025191
0.00024063
0.00023096
0.00021947
0.00020984
0.00019815
0.00018857
0.00017668
0.00016712
0.00015507
0.00014549
0.00013333
0.00012367
0.00011145
0.00010164
8.9436e-05
7.9417e-05
6.7293e-05
5.6981e-05
4.5013e-05
3.4337e-05
2.2587e-05
1.1494e-05
