-0.00016077
-0.00032114
-0.00048112
-0.00064068
-0.00079984
-0.00095856
-0.0011169
-0.0012748
-0.0014322
-0.0015892
-0.0017458
-0.0019019
-0.0020575
-0.0022127
-0.0023674
-0.0025216
-0.0026754
-0.0028287
-0.0029815
-0.0031337
-0.0032855
-0.0034368
-0.0035876
-0.0037378
-0.0038875
-0.0040366
-0.0041853
-0.0043334
-0.004481
-0.0046279
-0.0047744
-0.0049202
-0.0050656
-0.0052102
-0.0053544
-0.0054979
-0.0056409
-0.0057832
-0.0059251
-0.0060661
-0.0062068
-0.0063466
-0.006486
-0.0066245
-0.0067627
-0.0069
-0.0070368
-0.0071728
-0.0073083
-0.007443
-0.0075772
-0.0077105
-0.0078433
-0.0079753
-0.0081068
-0.0082374
-0.0083675
-0.0084966
-0.0086253
-0.0087531
-0.0088803
-0.0090066
-0.0091324
-0.0092573
-0.0093816
-0.009505
-0.0096278
-0.0097497
-0.009871
-0.0099914
-0.010111
-0.01023
-0.010348
-0.010465
-0.010582
-0.010698
-0.010813
-0.010927
-0.01104
-0.011153
-0.011265
-0.011376
-0.011486
-0.011595
-0.011704
-0.011811
-0.011918
-0.012024
-0.012129
-0.012233
-0.012337
-0.012439
-0.012541
-0.012642
-0.012742
-0.012841
-0.012939
-0.013036
-0.013133
-0.013228
-0.013323
-0.013416
-0.013509
-0.013601
-0.013692
-0.013782
-0.013871
-0.013959
-0.014047
-0.014133
-0.014219
-0.014303
-0.014387
-0.014469
-0.014551
-0.014631
-0.014711
-0.01479
-0.014868
-0.014945
-0.015021
-0.015096
-0.01517
-0.015243
-0.015315
-0.015386
-0.015456
-0.015525
-0.015594
-0.01566
-0.015727
-0.015792
-0.015856
-0.015919
-0.015982
-0.016042
-0.016103
-0.016162
-0.01622
-0.016277
-0.016333
-0.016388
-0.016443
-0.016495
-0.016548
-0.016598
-0.016649
-0.016697
-0.016746
-0.016792
-0.016838
-0.016883
-0.016927
-0.016969
-0.017011
-0.017052
-0.017092
-0.01713
-0.017168
-0.017204
-0.01724
-0.017274
-0.017308
-0.01734
-0.017371
-0.017401
-0.01743
-0.017458
-0.017486
-0.017511
-0.017537
-0.01756
-0.017583
-0.017605
-0.017626
-0.017645
-0.017664
-0.017681
-0.017698
-0.017713
-0.017728
-0.017741
-0.017753
-0.017764
-0.017775
-0.017783
-0.017792
-0.017798
-0.017805
-0.017809
-0.017813
-0.017816
-0.017818
-0.017818
-0.017818
-0.017816
-0.017814
-0.01781
-0.017806
-0.017799
-0.017793
-0.017785
-0.017776
-0.017766
-0.017756
-0.017743
-0.017731
-0.017716
-0.017701
-0.017685
-0.017668
-0.017649
-0.017631
-0.01761
-0.017589
-0.017566
-0.017543
-0.017518
-0.017493
-0.017467
-0.017439
-0.017411
-0.017381
-0.017351
-0.017319
-0.017287
-0.017253
-0.017218
-0.017183
-0.017146
-0.017109
-0.01707
-0.017031
-0.01699
-0.016949
-0.016906
-0.016863
-0.016818
-0.016773
-0.016726
-0.016679
-0.016631
-0.016582
-0.016531
-0.01648
-0.016428
-0.016375
-0.01632
-0.016266
-0.016209
-0.016153
-0.016095
-0.016036
-0.015976
-0.015916
-0.015854
-0.015792
-0.015728
-0.015664
-0.015599
-0.015533
-0.015466
-0.015398
-0.015329
-0.01526
-0.015189
-0.015118
-0.015045
-0.014972
-0.014898
-0.014824
-0.014748
-0.014671
-0.014594
-0.014516
-0.014436
-0.014357
-0.014276
-0.014195
-0.014112
-0.014029
-0.013945
-0.01386
-0.013774
-0.013688
-0.013601
-0.013513
-0.013424
-0.013335
-0.013245
-0.013154
-0.013062
-0.01297
-0.012876
-0.012783
-0.012688
-0.012593
-0.012496
-0.0124
-0.012302
-0.012204
-0.012104
-0.012005
-0.011904
-0.011804
-0.011702
-0.0116
-0.011496
-0.011393
-0.011288
-0.011184
-0.011077
-0.010972
-0.010864
-0.010757
-0.010649
-0.01054
-0.010431
-0.010321
-0.01021
-0.010099
-0.0099873
-0.0098755
-0.0097623
-0.0096493
-0.009535
-0.0094209
-0.0093055
-0.0091904
-0.0090739
-0.0089577
-0.0088402
-0.008723
-0.0086045
-0.0084864
-0.0083669
-0.0082477
-0.0081273
-0.0080072
-0.0078859
-0.0077649
-0.0076427
-0.0075208
-0.0073977
-0.007275
-0.0071511
-0.0070276
-0.0069028
-0.0067785
-0.006653
-0.0065279
-0.0064016
-0.0062758
-0.0061488
-0.0060223
-0.0058946
-0.0057674
-0.005639
-0.0055111
-0.0053821
-0.0052537
-0.0051241
-0.004995
-0.0048648
-0.0047352
-0.0046045
-0.0044743
-0.0043431
-0.0042124
-0.0040807
-0.0039496
-0.0038174
-0.0036858
-0.0035532
-0.0034212
-0.0032882
-0.0031558
-0.0030224
-0.0028897
-0.002756
-0.002623
-0.002489
-0.0023556
-0.0022213
-0.0020878
-0.0019532
-0.0018194
-0.0016846
-0.0015506
-0.0014157
-0.0012815
-0.0011464
-0.0010121
-0.00087685
-0.00074244
-0.00060711
-0.00047262
-0.00033723
-0.00020269
-6.7278e-05
6.7278e-05
0.00020269
0.00033723
0.00047262
0.00060711
0.00074244
0.00087685
0.0010121
0.0011464
0.0012815
0.0014157
0.0015506
0.0016846
0.0018194
0.0019532
0.0020878
0.0022213
0.0023556
0.002489
0.002623
0.002756
0.0028897
0.0030224
0.0031558
0.0032882
0.0034212
0.0035532
0.0036858
0.0038174
0.0039496
0.0040807
0.0042124
0.0043431
0.0044743
0.0046045
0.0047352
0.0048648
0.004995
0.0051241
0.0052537
0.0053821
0.0055111
0.005639
0.0057674
0.0058946
0.0060223
0.0061488
0.0062758
0.0064016
0.0065279
0.006653
0.0067785
0.0069028
0.0070276
0.0071511
0.007275
0.0073977
0.0075208
0.0076427
0.0077649
0.0078859
0.0080072
0.0081273
0.0082477
0.0083669
0.0084864
0.0086045
0.008723
0.0088402
0.0089577
0.0090739
0.0091904
0.0093055
0.0094209
0.009535
0.0096493
0.0097623
0.0098755
0.0099873
0.010099
0.01021
0.010321
0.010431
0.01054
0.010649
0.010757
0.010864
0.010972
0.011077
0.011184
0.011288
0.011393
0.011496
0.0116
0.011702
0.011804
0.011904
0.012005
0.012104
0.012204
0.012302
0.0124
0.012496
0.012593
0.012688
0.012783
0.012876
0.01297
0.013062
0.013154
0.013245
0.013335
0.013424
0.013513
0.013601
0.013688
0.013774
0.01386
0.013945
0.014029
0.014112
0.014195
0.014276
0.014357
0.014436
0.014516
0.014594
0.014671
0.014748
0.014824
0.014898
0.014972
0.015045
0.015118
0.015189
0.01526
0.015329
0.015398
0.015466
0.015533
0.015599
0.015664
0.015728
0.015792
0.015854
0.015916
0.015976
0.016036
0.016095
0.016153
0.016209
0.016266
0.01632
0.016375
0.016428
0.01648
0.016531
0.016582
0.016631
0.016679
0.016726
0.016773
0.016818
0.016863
0.016906
0.016949
0.01699
0.017031
0.01707
0.017109
0.017146
0.017183
0.017218
0.017253
0.017287
0.017319
0.017351
0.017381
0.017411
0.017439
0.017467
0.017493
0.017518
0.017543
0.017566
0.017589
0.01761
0.017631
0.017649
0.017668
0.017685
0.017701
0.017716
0.017731
0.017743
0.017756
0.017766
0.017776
0.017785
0.017793
0.017799
0.017806
0.01781
0.017814
0.017816
0.017818
0.017818
0.017818
0.017816
0.017813
0.017809
0.017805
0.017798
0.017792
0.017783
0.017775
0.017764
0.017753
0.017741
0.017728
0.017713
0.017698
0.017681
0.017664
0.017645
0.017626
0.017605
0.017583
0.01756
0.017537
0.017511
0.017486
0.017458
0.01743
0.017401
0.017371
0.01734
0.017308
0.017274
0.01724
0.017204
0.017168
0.01713
0.017092
0.017052
0.017011
0.016969
0.016927
0.016883
0.016838
0.016792
0.016746
0.016697
0.016649
0.016598
0.016548
0.016495
0.016443
0.016388
0.016333
0.016277
0.01622
0.016162
0.016103
0.016042
0.015982
0.015919
0.015856
0.015792
0.015727
0.01566
0.015594
0.015525
0.015456
0.015386
0.015315
0.015243
0.01517
0.015096
0.015021
0.014945
0.014868
0.01479
0.014711
0.014631
0.014551
0.014469
0.014387
0.014303
0.014219
0.014133
0.014047
0.013959
0.013871
0.013782
0.013692
0.013601
0.013509
0.013416
0.013323
0.013228
0.013133
0.013036
0.012939
0.012841
0.012742
0.012642
0.012541
0.012439
0.012337
0.012233
0.012129
0.012024
0.011918
0.011811
0.011704
0.011595
0.011486
0.011376
0.011265
0.011153
0.01104
0.010927
0.010813
0.010698
0.010582
0.010465
0.010348
0.01023
0.010111
0.0099914
0.009871
0.0097497
0.0096278
0.009505
0.0093816
0.0092573
0.0091324
0.0090066
0.0088803
0.0087531
0.0086253
0.0084966
0.0083675
0.0082374
0.0081068
0.0079753
0.0078433
0.0077105
0.0075772
0.007443
0.0073083
0.0071728
0.0070368
0.0069
0.0067627
0.0066245
0.006486
0.0063466
0.0062068
0.0060661
0.0059251
0.0057832
0.0056409
0.0054979
0.0053544
0.0052102
0.0050656
0.0049202
0.0047744
0.0046279
0.004481
0.0043334
0.0041853
0.0040366
0.0038875
0.0037378
0.0035876
0.0034368
0.0032855
0.0031337
0.0029815
0.0028287
0.0026754
0.0025216
0.0023674
0.0022127
0.0020575
0.0019019
0.0017458
0.0015892
0.0014322
0.0012748
0.0011169
0.00095856
0.00079984
0.00064068
0.00048112
0.00032114
0.00016077
