-0.00036965
-0.00071545
-0.0010381
-0.0013381
-0.0016163
-0.0018732
-0.0021094
-0.0023255
-0.0025221
-0.0026999
-0.0028593
-0.0030009
-0.0031253
-0.0032331
-0.0033247
-0.0034007
-0.0034617
-0.0035081
-0.0035404
-0.0035592
-0.0035649
-0.0035581
-0.0035392
-0.0035086
-0.003467
-0.0034146
-0.0033521
-0.0032797
-0.0031981
-0.0031076
-0.0030086
-0.0029017
-0.0027872
-0.0026656
-0.0025373
-0.0024028
-0.0022623
-0.0021164
-0.0019655
-0.00181
-0.0016502
-0.0014867
-0.0013198
-0.0011498
-0.00097731
-0.0008026
-0.0006261
-0.00044821
-0.00026932
-8.984e-05
8.984e-05
0.00026932
0.00044821
0.0006261
0.0008026
0.00097731
0.0011498
0.0013198
0.0014867
0.0016502
0.00181
0.0019655
0.0021164
0.0022623
0.0024028
0.0025373
0.0026656
0.0027872
0.0029017
0.0030086
0.0031076
0.0031981
0.0032797
0.0033521
0.0034146
0.003467
0.0035086
0.0035392
0.0035581
0.0035649
0.0035592
0.0035404
0.0035081
0.0034617
0.0034007
0.0033247
0.0032331
0.0031253
0.0030009
0.0028593
0.0026999
0.0025221
0.0023255
0.0021094
0.0018732
0.0016163
0.0013381
0.0010381
0.00071545
0.00036965
