-0.00025473
-0.00050935
-0.00076388
-0.0010183
-0.0012726
-0.0015267
-0.0017808
-0.0020347
-0.0022885
-0.0025421
-0.0027957
-0.003049
-0.0033023
-0.0035553
-0.0038083
-0.004061
-0.0043136
-0.0045659
-0.0048183
-0.0050702
-0.0053222
-0.0055738
-0.0058254
-0.0060766
-0.0063278
-0.0065785
-0.0068293
-0.0070797
-0.0073301
-0.0075799
-0.0078299
-0.0080793
-0.0083288
-0.0085777
-0.0088267
-0.0090752
-0.0093237
-0.0095716
-0.0098196
-0.010067
-0.010314
-0.010561
-0.010808
-0.011054
-0.011301
-0.011547
-0.011792
-0.012037
-0.012283
-0.012527
-0.012772
-0.013015
-0.013259
-0.013503
-0.013746
-0.013988
-0.014231
-0.014473
-0.014715
-0.014956
-0.015197
-0.015438
-0.015678
-0.015918
-0.016158
-0.016397
-0.016636
-0.016874
-0.017112
-0.017349
-0.017587
-0.017824
-0.01806
-0.018296
-0.018532
-0.018767
-0.019002
-0.019236
-0.01947
-0.019703
-0.019937
-0.020169
-0.020402
-0.020633
-0.020865
-0.021095
-0.021326
-0.021556
-0.021785
-0.022014
-0.022243
-0.022471
-0.022699
-0.022925
-0.023152
-0.023378
-0.023604
-0.023828
-0.024054
-0.024277
-0.024501
-0.024724
-0.024947
-0.025168
-0.02539
-0.025611
-0.025831
-0.026051
-0.026271
-0.026489
-0.026708
-0.026925
-0.027142
-0.027358
-0.027575
-0.02779
-0.028005
-0.028219
-0.028433
-0.028646
-0.028859
-0.02907
-0.029282
-0.029492
-0.029703
-0.029912
-0.030121
-0.030329
-0.030537
-0.030744
-0.030951
-0.031156
-0.031362
-0.031566
-0.031771
-0.031973
-0.032177
-0.032378
-0.03258
-0.03278
-0.032981
-0.03318
-0.033379
-0.033577
-0.033775
-0.033971
-0.034168
-0.034362
-0.034558
-0.034751
-0.034945
-0.035137
-0.03533
-0.03552
-0.035712
-0.035901
-0.036091
-0.036279
-0.036467
-0.036654
-0.036841
-0.037026
-0.037211
-0.037395
-0.037579
-0.037761
-0.037944
-0.038124
-0.038306
-0.038485
-0.038664
-0.038842
-0.03902
-0.039196
-0.039373
-0.039548
-0.039723
-0.039896
-0.04007
-0.040241
-0.040414
-0.040584
-0.040754
-0.040923
-0.041092
-0.041259
-0.041427
-0.041592
-0.041758
-0.041922
-0.042086
-0.042248
-0.042411
-0.042571
-0.042733
-0.042892
-0.043051
-0.043209
-0.043367
-0.043522
-0.043679
-0.043833
-0.043988
-0.04414
-0.044293
-0.044444
-0.044595
-0.044744
-0.044894
-0.045042
-0.04519
-0.045336
-0.045482
-0.045626
-0.045771
-0.045913
-0.046057
-0.046197
-0.046339
-0.046477
-0.046617
-0.046754
-0.046893
-0.047028
-0.047164
-0.047298
-0.047433
-0.047565
-0.047698
-0.047828
-0.047959
-0.048088
-0.048217
-0.048344
-0.048472
-0.048597
-0.048723
-0.048846
-0.04897
-0.049091
-0.049214
-0.049334
-0.049454
-0.049572
-0.049691
-0.049807
-0.049924
-0.050039
-0.050154
-0.050266
-0.05038
-0.050491
-0.050602
-0.050711
-0.050821
-0.050928
-0.051037
-0.051142
-0.051248
-0.051352
-0.051456
-0.051558
-0.051661
-0.051761
-0.051861
-0.051959
-0.052059
-0.052155
-0.052252
-0.052346
-0.052442
-0.052534
-0.052628
-0.052719
-0.05281
-0.052899
-0.052989
-0.053076
-0.053164
-0.053249
-0.053336
-0.053419
-0.053503
-0.053585
-0.053667
-0.053747
-0.053828
-0.053905
-0.053984
-0.05406
-0.054137
-0.054211
-0.054286
-0.054359
-0.054432
-0.054502
-0.054574
-0.054642
-0.054712
-0.054778
-0.054846
-0.054911
-0.054977
-0.055039
-0.055103
-0.055165
-0.055227
-0.055286
-0.055346
-0.055403
-0.055462
-0.055517
-0.055574
-0.055627
-0.055682
-0.055734
-0.055787
-0.055837
-0.055888
-0.055936
-0.055985
-0.056031
-0.056078
-0.056122
-0.056168
-0.05621
-0.056254
-0.056294
-0.056336
-0.056375
-0.056415
-0.056452
-0.056489
-0.056525
-0.056561
-0.056594
-0.056628
-0.056659
-0.056692
-0.056721
-0.056752
-0.05678
-0.056808
-0.056834
-0.056861
-0.056885
-0.05691
-0.056932
-0.056956
-0.056976
-0.056997
-0.057016
-0.057035
-0.057052
-0.05707
-0.057085
-0.0571
-0.057114
-0.057128
-0.057139
-0.057151
-0.05716
-0.057171
-0.057179
-0.057187
-0.057193
-0.0572
-0.057204
-0.057209
-0.057211
-0.057214
-0.057215
-0.057216
-0.057215
-0.057214
-0.057211
-0.057209
-0.057204
-0.0572
-0.057193
-0.057188
-0.057179
-0.057172
-0.057161
-0.057152
-0.05714
-0.057129
-0.057115
-0.057102
-0.057087
-0.057072
-0.057055
-0.057039
-0.05702
-0.057002
-0.056981
-0.056961
-0.056939
-0.056917
-0.056893
-0.05687
-0.056844
-0.056819
-0.056791
-0.056764
-0.056735
-0.056707
-0.056676
-0.056645
-0.056613
-0.056581
-0.056546
-0.056513
-0.056477
-0.056442
-0.056404
-0.056367
-0.056327
-0.056289
-0.056248
-0.056208
-0.056165
-0.056123
-0.056078
-0.056035
-0.055989
-0.055944
-0.055896
-0.055849
-0.0558
-0.055751
-0.0557
-0.05565
-0.055598
-0.055546
-0.055492
-0.055438
-0.055382
-0.055328
-0.05527
-0.055214
-0.055155
-0.055096
-0.055036
-0.054976
-0.054914
-0.054853
-0.054789
-0.054726
-0.054661
-0.054596
-0.054529
-0.054464
-0.054395
-0.054328
-0.054258
-0.054189
-0.054117
-0.054047
-0.053974
-0.053901
-0.053827
-0.053753
-0.053677
-0.053602
-0.053525
-0.053448
-0.053369
-0.053291
-0.05321
-0.053131
-0.053049
-0.052968
-0.052884
-0.052802
-0.052717
-0.052633
-0.052547
-0.052461
-0.052373
-0.052287
-0.052197
-0.052109
-0.052018
-0.051929
-0.051837
-0.051745
-0.051652
-0.051559
-0.051465
-0.051371
-0.051274
-0.051179
-0.051081
-0.050985
-0.050886
-0.050788
-0.050687
-0.050588
-0.050486
-0.050385
-0.050282
-0.05018
-0.050076
-0.049972
-0.049866
-0.049762
-0.049655
-0.049548
-0.04944
-0.049333
-0.049223
-0.049114
-0.049003
-0.048893
-0.048781
-0.04867
-0.048556
-0.048444
-0.048329
-0.048215
-0.048099
-0.047984
-0.047867
-0.04775
-0.047632
-0.047514
-0.047394
-0.047275
-0.047155
-0.047034
-0.046912
-0.046791
-0.046668
-0.046545
-0.046421
-0.046297
-0.046171
-0.046046
-0.045919
-0.045793
-0.045665
-0.045538
-0.045409
-0.045281
-0.04515
-0.045021
-0.044889
-0.044759
-0.044626
-0.044494
-0.044361
-0.044228
-0.044093
-0.043959
-0.043823
-0.043688
-0.043551
-0.043415
-0.043277
-0.043139
-0.043
-0.042862
-0.042722
-0.042582
-0.042441
-0.0423
-0.042158
-0.042017
-0.041873
-0.041731
-0.041587
-0.041443
-0.041298
-0.041153
-0.041007
-0.040861
-0.040714
-0.040567
-0.040419
-0.040271
-0.040122
-0.039973
-0.039823
-0.039674
-0.039522
-0.039372
-0.03922
-0.039068
-0.038915
-0.038763
-0.038609
-0.038456
-0.038301
-0.038146
-0.037991
-0.037836
-0.037679
-0.037523
-0.037365
-0.037208
-0.03705
-0.036892
-0.036733
-0.036574
-0.036414
-0.036254
-0.036093
-0.035933
-0.035771
-0.035609
-0.035447
-0.035285
-0.035121
-0.034958
-0.034794
-0.03463
-0.034465
-0.0343
-0.034134
-0.033969
-0.033802
-0.033636
-0.033469
-0.033302
-0.033133
-0.032966
-0.032797
-0.032628
-0.032458
-0.032289
-0.032119
-0.031949
-0.031777
-0.031607
-0.031435
-0.031263
-0.031091
-0.030919
-0.030745
-0.030572
-0.030398
-0.030225
-0.03005
-0.029876
-0.0297
-0.029525
-0.029349
-0.029174
-0.028997
-0.028821
-0.028643
-0.028466
-0.028288
-0.028111
-0.027932
-0.027754
-0.027575
-0.027396
-0.027216
-0.027037
-0.026856
-0.026676
-0.026495
-0.026315
-0.026133
-0.025952
-0.025769
-0.025588
-0.025405
-0.025223
-0.025039
-0.024856
-0.024672
-0.024489
-0.024305
-0.024121
-0.023936
-0.023751
-0.023566
-0.023381
-0.023195
-0.023009
-0.022822
-0.022636
-0.022449
-0.022263
-0.022075
-0.021888
-0.0217
-0.021513
-0.021324
-0.021137
-0.020948
-0.020759
-0.02057
-0.020381
-0.020191
-0.020002
-0.019812
-0.019622
-0.019431
-0.019241
-0.01905
-0.018859
-0.018668
-0.018477
-0.018285
-0.018094
-0.017901
-0.017709
-0.017517
-0.017325
-0.017132
-0.016939
-0.016746
-0.016553
-0.016359
-0.016166
-0.015972
-0.015778
-0.015584
-0.01539
-0.015195
-0.015001
-0.014806
-0.014611
-0.014416
-0.014221
-0.014025
-0.01383
-0.013634
-0.013438
-0.013242
-0.013046
-0.01285
-0.012654
-0.012457
-0.012261
-0.012064
-0.011867
-0.01167
-0.011473
-0.011275
-0.011078
-0.01088
-0.010683
-0.010485
-0.010287
-0.010089
-0.0098915
-0.009693
-0.0094951
-0.0092963
-0.0090982
-0.0088993
-0.008701
-0.008502
-0.0083035
-0.0081042
-0.0079055
-0.0077061
-0.0075073
-0.0073077
-0.0071087
-0.006909
-0.0067099
-0.00651
-0.0063107
-0.0061107
-0.0059113
-0.0057112
-0.0055117
-0.0053114
-0.0051118
-0.0049114
-0.0047117
-0.0045112
-0.0043114
-0.0041108
-0.0039109
-0.0037102
-0.0035102
-0.0033095
-0.0031094
-0.0029087
-0.0027085
-0.0025077
-0.0023075
-0.0021066
-0.0019063
-0.0017054
-0.0015051
-0.0013042
-0.0011039
-0.00090287
-0.00070254
-0.00050153
-0.00030119
-0.00010018
0.00010018
0.00030119
0.00050153
0.00070254
0.00090287
0.0011039
0.0013042
0.0015051
0.0017054
0.0019063
0.0021066
0.0023075
0.0025077
0.0027085
0.0029087
0.0031094
0.0033095
0.0035102
0.0037102
0.0039109
0.0041108
0.0043114
0.0045112
0.0047117
0.0049114
0.0051118
0.0053114
0.0055117
0.0057112
0.0059113
0.0061107
0.0063107
0.00651
0.0067099
0.006909
0.0071087
0.0073077
0.0075073
0.0077061
0.0079055
0.0081042
0.0083035
0.008502
0.008701
0.0088993
0.0090982
0.0092963
0.0094951
0.009693
0.0098915
0.010089
0.010287
0.010485
0.010683
0.01088
0.011078
0.011275
0.011473
0.01167
0.011867
0.012064
0.012261
0.012457
0.012654
0.01285
0.013046
0.013242
0.013438
0.013634
0.01383
0.014025
0.014221
0.014416
0.014611
0.014806
0.015001
0.015195
0.01539
0.015584
0.015778
0.015972
0.016166
0.016359
0.016553
0.016746
0.016939
0.017132
0.017325
0.017517
0.017709
0.017901
0.018094
0.018285
0.018477
0.018668
0.018859
0.01905
0.019241
0.019431
0.019622
0.019812
0.020002
0.020191
0.020381
0.02057
0.020759
0.020948
0.021137
0.021324
0.021513
0.0217
0.021888
0.022075
0.022263
0.022449
0.022636
0.022822
0.023009
0.023195
0.023381
0.023566
0.023751
0.023936
0.024121
0.024305
0.024489
0.024672
0.024856
0.025039
0.025223
0.025405
0.025588
0.025769
0.025952
0.026133
0.026315
0.026495
0.026676
0.026856
0.027037
0.027216
0.027396
0.027575
0.027754
0.027932
0.028111
0.028288
0.028466
0.028643
0.028821
0.028997
0.029174
0.029349
0.029525
0.0297
0.029876
0.03005
0.030225
0.030398
0.030572
0.030745
0.030919
0.031091
0.031263
0.031435
0.031607
0.031777
0.031949
0.032119
0.032289
0.032458
0.032628
0.032797
0.032966
0.033133
0.033302
0.033469
0.033636
0.033802
0.033969
0.034134
0.0343
0.034465
0.03463
0.034794
0.034958
0.035121
0.035285
0.035447
0.035609
0.035771
0.035933
0.036093
0.036254
0.036414
0.036574
0.036733
0.036892
0.03705
0.037208
0.037365
0.037523
0.037679
0.037836
0.037991
0.038146
0.038301
0.038456
0.038609
0.038763
0.038915
0.039068
0.03922
0.039372
0.039522
0.039674
0.039823
0.039973
0.040122
0.040271
0.040419
0.040567
0.040714
0.040861
0.041007
0.041153
0.041298
0.041443
0.041587
0.041731
0.041873
0.042017
0.042158
0.0423
0.042441
0.042582
0.042722
0.042862
0.043
0.043139
0.043277
0.043415
0.043551
0.043688
0.043823
0.043959
0.044093
0.044228
0.044361
0.044494
0.044626
0.044759
0.044889
0.045021
0.04515
0.045281
0.045409
0.045538
0.045665
0.045793
0.045919
0.046046
0.046171
0.046297
0.046421
0.046545
0.046668
0.046791
0.046912
0.047034
0.047155
0.047275
0.047394
0.047514
0.047632
0.04775
0.047867
0.047984
0.048099
0.048215
0.048329
0.048444
0.048556
0.04867
0.048781
0.048893
0.049003
0.049114
0.049223
0.049333
0.04944
0.049548
0.049655
0.049762
0.049866
0.049972
0.050076
0.05018
0.050282
0.050385
0.050486
0.050588
0.050687
0.050788
0.050886
0.050985
0.051081
0.051179
0.051274
0.051371
0.051465
0.051559
0.051652
0.051745
0.051837
0.051929
0.052018
0.052109
0.052197
0.052287
0.052373
0.052461
0.052547
0.052633
0.052717
0.052802
0.052884
0.052968
0.053049
0.053131
0.05321
0.053291
0.053369
0.053448
0.053525
0.053602
0.053677
0.053753
0.053827
0.053901
0.053974
0.054047
0.054117
0.054189
0.054258
0.054328
0.054395
0.054464
0.054529
0.054596
0.054661
0.054726
0.054789
0.054853
0.054914
0.054976
0.055036
0.055096
0.055155
0.055214
0.05527
0.055328
0.055382
0.055438
0.055492
0.055546
0.055598
0.05565
0.0557
0.055751
0.0558
0.055849
0.055896
0.055944
0.055989
0.056035
0.056078
0.056123
0.056165
0.056208
0.056248
0.056289
0.056327
0.056367
0.056404
0.056442
0.056477
0.056513
0.056546
0.056581
0.056613
0.056645
0.056676
0.056707
0.056735
0.056764
0.056791
0.056819
0.056844
0.05687
0.056893
0.056917
0.056939
0.056961
0.056981
0.057002
0.05702
0.057039
0.057055
0.057072
0.057087
0.057102
0.057115
0.057129
0.05714
0.057152
0.057161
0.057172
0.057179
0.057188
0.057193
0.0572
0.057204
0.057209
0.057211
0.057214
0.057215
0.057216
0.057215
0.057214
0.057211
0.057209
0.057204
0.0572
0.057193
0.057187
0.057179
0.057171
0.05716
0.057151
0.057139
0.057128
0.057114
0.0571
0.057085
0.05707
0.057052
0.057035
0.057016
0.056997
0.056976
0.056956
0.056932
0.05691
0.056885
0.056861
0.056834
0.056808
0.05678
0.056752
0.056721
0.056692
0.056659
0.056628
0.056594
0.056561
0.056525
0.056489
0.056452
0.056415
0.056375
0.056336
0.056294
0.056254
0.05621
0.056168
0.056122
0.056078
0.056031
0.055985
0.055936
0.055888
0.055837
0.055787
0.055734
0.055682
0.055627
0.055574
0.055517
0.055462
0.055403
0.055346
0.055286
0.055227
0.055165
0.055103
0.055039
0.054977
0.054911
0.054846
0.054778
0.054712
0.054642
0.054574
0.054502
0.054432
0.054359
0.054286
0.054211
0.054137
0.05406
0.053984
0.053905
0.053828
0.053747
0.053667
0.053585
0.053503
0.053419
0.053336
0.053249
0.053164
0.053076
0.052989
0.052899
0.05281
0.052719
0.052628
0.052534
0.052442
0.052346
0.052252
0.052155
0.052059
0.051959
0.051861
0.051761
0.051661
0.051558
0.051456
0.051352
0.051248
0.051142
0.051037
0.050928
0.050821
0.050711
0.050602
0.050491
0.05038
0.050266
0.050154
0.050039
0.049924
0.049807
0.049691
0.049572
0.049454
0.049334
0.049214
0.049091
0.04897
0.048846
0.048723
0.048597
0.048472
0.048344
0.048217
0.048088
0.047959
0.047828
0.047698
0.047565
0.047433
0.047298
0.047164
0.047028
0.046893
0.046754
0.046617
0.046477
0.046339
0.046197
0.046057
0.045913
0.045771
0.045626
0.045482
0.045336
0.04519
0.045042
0.044894
0.044744
0.044595
0.044444
0.044293
0.04414
0.043988
0.043833
0.043679
0.043522
0.043367
0.043209
0.043051
0.042892
0.042733
0.042571
0.042411
0.042248
0.042086
0.041922
0.041758
0.041592
0.041427
0.041259
0.041092
0.040923
0.040754
0.040584
0.040414
0.040241
0.04007
0.039896
0.039723
0.039548
0.039373
0.039196
0.03902
0.038842
0.038664
0.038485
0.038306
0.038124
0.037944
0.037761
0.037579
0.037395
0.037211
0.037026
0.036841
0.036654
0.036467
0.036279
0.036091
0.035901
0.035712
0.03552
0.03533
0.035137
0.034945
0.034751
0.034558
0.034362
0.034168
0.033971
0.033775
0.033577
0.033379
0.03318
0.032981
0.03278
0.03258
0.032378
0.032177
0.031973
0.031771
0.031566
0.031362
0.031156
0.030951
0.030744
0.030537
0.030329
0.030121
0.029912
0.029703
0.029492
0.029282
0.02907
0.028859
0.028646
0.028433
0.028219
0.028005
0.02779
0.027575
0.027358
0.027142
0.026925
0.026708
0.026489
0.026271
0.026051
0.025831
0.025611
0.02539
0.025168
0.024947
0.024724
0.024501
0.024277
0.024054
0.023828
0.023604
0.023378
0.023152
0.022925
0.022699
0.022471
0.022243
0.022014
0.021785
0.021556
0.021326
0.021095
0.020865
0.020633
0.020402
0.020169
0.019937
0.019703
0.01947
0.019236
0.019002
0.018767
0.018532
0.018296
0.01806
0.017824
0.017587
0.017349
0.017112
0.016874
0.016636
0.016397
0.016158
0.015918
0.015678
0.015438
0.015197
0.014956
0.014715
0.014473
0.014231
0.013988
0.013746
0.013503
0.013259
0.013015
0.012772
0.012527
0.012283
0.012037
0.011792
0.011547
0.011301
0.011054
0.010808
0.010561
0.010314
0.010067
0.0098196
0.0095716
0.0093237
0.0090752
0.0088267
0.0085777
0.0083288
0.0080793
0.0078299
0.0075799
0.0073301
0.0070797
0.0068293
0.0065785
0.0063278
0.0060766
0.0058254
0.0055738
0.0053222
0.0050702
0.0048183
0.0045659
0.0043136
0.004061
0.0038083
0.0035553
0.0033023
0.003049
0.0027957
0.0025421
0.0022885
0.0020347
0.0017808
0.0015267
0.0012726
0.0010183
0.00076388
0.00050935
0.00025473
