-1.8044e-05
-3.5992e-05
-5.3842e-05
-7.1595e-05
-8.9252e-05
-0.00010681
-0.00012428
-0.00014165
-0.00015892
-0.0001761
-0.00019318
-0.00021017
-0.00022707
-0.00024387
-0.00026057
-0.00027719
-0.00029371
-0.00031014
-0.00032647
-0.00034271
-0.00035886
-0.00037492
-0.00039089
-0.00040676
-0.00042254
-0.00043824
-0.00045384
-0.00046935
-0.00048477
-0.0005001
-0.00051535
-0.0005305
-0.00054556
-0.00056054
-0.00057542
-0.00059022
-0.00060493
-0.00061956
-0.00063409
-0.00064854
-0.0006629
-0.00067717
-0.00069136
-0.00070546
-0.00071948
-0.00073341
-0.00074725
-0.00076101
-0.00077469
-0.00078828
-0.00080178
-0.0008152
-0.00082854
-0.00084179
-0.00085496
-0.00086805
-0.00088105
-0.00089398
-0.00090682
-0.00091958
-0.00093225
-0.00094485
-0.00095736
-0.00096979
-0.00098214
-0.00099441
-0.0010066
-0.0010187
-0.0010307
-0.0010427
-0.0010546
-0.0010664
-0.0010781
-0.0010897
-0.0011013
-0.0011127
-0.0011241
-0.0011355
-0.0011467
-0.0011579
-0.001169
-0.00118
-0.0011909
-0.0012018
-0.0012126
-0.0012233
-0.0012339
-0.0012445
-0.001255
-0.0012654
-0.0012757
-0.001286
-0.0012962
-0.0013063
-0.0013163
-0.0013263
-0.0013362
-0.001346
-0.0013558
-0.0013654
-0.001375
-0.0013846
-0.001394
-0.0014034
-0.0014128
-0.001422
-0.0014312
-0.0014403
-0.0014493
-0.0014583
-0.0014672
-0.0014761
-0.0014848
-0.0014935
-0.0015021
-0.0015107
-0.0015192
-0.0015276
-0.001536
-0.0015442
-0.0015525
-0.0015606
-0.0015687
-0.0015767
-0.0015847
-0.0015926
-0.0016004
-0.0016081
-0.0016158
-0.0016235
-0.001631
-0.0016385
-0.0016459
-0.0016533
-0.0016606
-0.0016679
-0.001675
-0.0016821
-0.0016892
-0.0016962
-0.0017031
-0.00171
-0.0017168
-0.0017235
-0.0017302
-0.0017368
-0.0017433
-0.0017498
-0.0017563
-0.0017626
-0.0017689
-0.0017752
-0.0017814
-0.0017875
-0.0017936
-0.0017996
-0.0018056
-0.0018115
-0.0018173
-0.0018231
-0.0018288
-0.0018345
-0.0018401
-0.0018456
-0.0018511
-0.0018565
-0.0018619
-0.0018672
-0.0018725
-0.0018777
-0.0018828
-0.0018879
-0.001893
-0.001898
-0.0019029
-0.0019078
-0.0019126
-0.0019174
-0.0019221
-0.0019267
-0.0019313
-0.0019359
-0.0019404
-0.0019448
-0.0019492
-0.0019535
-0.0019578
-0.0019621
-0.0019662
-0.0019704
-0.0019744
-0.0019785
-0.0019824
-0.0019864
-0.0019902
-0.001994
-0.0019978
-0.0020015
-0.0020052
-0.0020088
-0.0020124
-0.0020159
-0.0020194
-0.0020228
-0.0020262
-0.0020295
-0.0020328
-0.002036
-0.0020392
-0.0020423
-0.0020454
-0.0020484
-0.0020514
-0.0020544
-0.0020572
-0.0020601
-0.0020629
-0.0020656
-0.0020683
-0.002071
-0.0020736
-0.0020762
-0.0020787
-0.0020812
-0.0020836
-0.002086
-0.0020884
-0.0020907
-0.0020929
-0.0020951
-0.0020973
-0.0020994
-0.0021015
-0.0021036
-0.0021055
-0.0021075
-0.0021094
-0.0021113
-0.0021131
-0.0021149
-0.0021166
-0.0021183
-0.0021199
-0.0021216
-0.0021231
-0.0021247
-0.0021262
-0.0021276
-0.002129
-0.0021304
-0.0021317
-0.002133
-0.0021342
-0.0021355
-0.0021366
-0.0021378
-0.0021388
-0.0021399
-0.0021409
-0.0021419
-0.0021428
-0.0021437
-0.0021446
-0.0021454
-0.0021462
-0.0021469
-0.0021476
-0.0021483
-0.0021489
-0.0021495
-0.0021501
-0.0021506
-0.0021511
-0.0021515
-0.0021519
-0.0021523
-0.0021526
-0.002153
-0.0021532
-0.0021535
-0.0021536
-0.0021538
-0.0021539
-0.002154
-0.0021541
-0.0021541
-0.0021541
-0.0021541
-0.002154
-0.0021539
-0.0021537
-0.0021536
-0.0021533
-0.0021531
-0.0021528
-0.0021525
-0.0021522
-0.0021518
-0.0021514
-0.0021509
-0.0021505
-0.00215
-0.0021494
-0.0021489
-0.0021482
-0.0021476
-0.002147
-0.0021463
-0.0021455
-0.0021448
-0.002144
-0.0021432
-0.0021423
-0.0021415
-0.0021406
-0.0021396
-0.0021387
-0.0021377
-0.0021366
-0.0021356
-0.0021345
-0.0021334
-0.0021322
-0.0021311
-0.0021299
-0.0021287
-0.0021274
-0.0021261
-0.0021248
-0.0021235
-0.0021221
-0.0021207
-0.0021193
-0.0021178
-0.0021164
-0.0021149
-0.0021133
-0.0021118
-0.0021102
-0.0021086
-0.0021069
-0.0021053
-0.0021036
-0.0021019
-0.0021001
-0.0020984
-0.0020966
-0.0020948
-0.0020929
-0.0020911
-0.0020892
-0.0020873
-0.0020853
-0.0020834
-0.0020813
-0.0020793
-0.0020773
-0.0020752
-0.0020731
-0.002071
-0.0020689
-0.0020667
-0.0020646
-0.0020624
-0.0020601
-0.0020579
-0.0020556
-0.0020533
-0.002051
-0.0020486
-0.0020463
-0.0020439
-0.0020415
-0.002039
-0.0020366
-0.0020341
-0.0020316
-0.0020291
-0.0020265
-0.002024
-0.0020214
-0.0020188
-0.0020161
-0.0020135
-0.0020108
-0.0020082
-0.0020054
-0.0020027
-0.0019999
-0.0019972
-0.0019944
-0.0019916
-0.0019887
-0.0019859
-0.001983
-0.0019801
-0.0019772
-0.0019743
-0.0019713
-0.0019684
-0.0019654
-0.0019624
-0.0019593
-0.0019563
-0.0019532
-0.0019501
-0.001947
-0.0019439
-0.0019408
-0.0019376
-0.0019344
-0.0019313
-0.001928
-0.0019248
-0.0019216
-0.0019183
-0.001915
-0.0019117
-0.0019084
-0.0019051
-0.0019017
-0.0018984
-0.001895
-0.0018916
-0.0018881
-0.0018847
-0.0018813
-0.0018778
-0.0018743
-0.0018708
-0.0018673
-0.0018638
-0.0018602
-0.0018566
-0.0018531
-0.0018495
-0.0018459
-0.0018422
-0.0018386
-0.0018349
-0.0018313
-0.0018276
-0.0018239
-0.0018201
-0.0018164
-0.0018127
-0.0018089
-0.0018051
-0.0018013
-0.0017975
-0.0017937
-0.0017899
-0.001786
-0.0017822
-0.0017783
-0.0017744
-0.0017705
-0.0017666
-0.0017626
-0.0017587
-0.0017547
-0.0017508
-0.0017468
-0.0017428
-0.0017388
-0.0017347
-0.0017307
-0.0017266
-0.0017226
-0.0017185
-0.0017144
-0.0017103
-0.0017062
-0.0017021
-0.0016979
-0.0016938
-0.0016896
-0.0016854
-0.0016812
-0.001677
-0.0016728
-0.0016686
-0.0016644
-0.0016601
-0.0016558
-0.0016516
-0.0016473
-0.001643
-0.0016387
-0.0016344
-0.00163
-0.0016257
-0.0016213
-0.001617
-0.0016126
-0.0016082
-0.0016038
-0.0015994
-0.001595
-0.0015906
-0.0015861
-0.0015817
-0.0015772
-0.0015728
-0.0015683
-0.0015638
-0.0015593
-0.0015548
-0.0015503
-0.0015457
-0.0015412
-0.0015367
-0.0015321
-0.0015275
-0.0015229
-0.0015184
-0.0015138
-0.0015092
-0.0015045
-0.0014999
-0.0014953
-0.0014906
-0.001486
-0.0014813
-0.0014767
-0.001472
-0.0014673
-0.0014626
-0.0014579
-0.0014532
-0.0014484
-0.0014437
-0.001439
-0.0014342
-0.0014295
-0.0014247
-0.0014199
-0.0014151
-0.0014103
-0.0014055
-0.0014007
-0.0013959
-0.0013911
-0.0013863
-0.0013814
-0.0013766
-0.0013717
-0.0013669
-0.001362
-0.0013571
-0.0013522
-0.0013473
-0.0013424
-0.0013375
-0.0013326
-0.0013277
-0.0013228
-0.0013178
-0.0013129
-0.0013079
-0.001303
-0.001298
-0.001293
-0.0012881
-0.0012831
-0.0012781
-0.0012731
-0.0012681
-0.0012631
-0.0012581
-0.001253
-0.001248
-0.001243
-0.0012379
-0.0012329
-0.0012278
-0.0012228
-0.0012177
-0.0012126
-0.0012075
-0.0012024
-0.0011973
-0.0011922
-0.0011871
-0.001182
-0.0011769
-0.0011718
-0.0011666
-0.0011615
-0.0011564
-0.0011512
-0.0011461
-0.0011409
-0.0011358
-0.0011306
-0.0011254
-0.0011202
-0.001115
-0.0011099
-0.0011047
-0.0010995
-0.0010943
-0.0010891
-0.0010838
-0.0010786
-0.0010734
-0.0010682
-0.0010629
-0.0010577
-0.0010524
-0.0010472
-0.0010419
-0.0010367
-0.0010314
-0.0010261
-0.0010209
-0.0010156
-0.0010103
-0.001005
-0.00099972
-0.00099442
-0.00098912
-0.00098382
-0.0009785
-0.00097319
-0.00096787
-0.00096255
-0.00095722
-0.00095189
-0.00094655
-0.00094122
-0.00093587
-0.00093053
-0.00092517
-0.00091982
-0.00091446
-0.0009091
-0.00090372
-0.00089836
-0.00089298
-0.0008876
-0.00088222
-0.00087683
-0.00087144
-0.00086605
-0.00086065
-0.00085525
-0.00084984
-0.00084444
-0.00083903
-0.00083361
-0.00082819
-0.00082277
-0.00081735
-0.00081192
-0.00080649
-0.00080105
-0.00079561
-0.00079017
-0.00078473
-0.00077928
-0.00077383
-0.00076838
-0.00076292
-0.00075746
-0.00075199
-0.00074653
-0.00074106
-0.00073559
-0.00073011
-0.00072464
-0.00071915
-0.00071367
-0.00070818
-0.0007027
-0.0006972
-0.00069171
-0.00068621
-0.00068071
-0.00067521
-0.00066971
-0.0006642
-0.00065869
-0.00065317
-0.00064766
-0.00064214
-0.00063662
-0.0006311
-0.00062558
-0.00062005
-0.00061452
-0.00060898
-0.00060345
-0.00059791
-0.00059238
-0.00058683
-0.00058129
-0.00057575
-0.0005702
-0.00056465
-0.0005591
-0.00055354
-0.00054799
-0.00054243
-0.00053687
-0.00053131
-0.00052575
-0.00052018
-0.00051461
-0.00050904
-0.00050347
-0.0004979
-0.00049232
-0.00048675
-0.00048117
-0.00047559
-0.00047001
-0.00046442
-0.00045884
-0.00045325
-0.00044766
-0.00044207
-0.00043648
-0.00043089
-0.00042529
-0.0004197
-0.0004141
-0.0004085
-0.0004029
-0.0003973
-0.00039169
-0.00038609
-0.00038048
-0.00037487
-0.00036926
-0.00036365
-0.00035804
-0.00035243
-0.00034681
-0.0003412
-0.00033558
-0.00032997
-0.00032435
-0.00031873
-0.00031311
-0.00030748
-0.00030186
-0.00029624
-0.00029061
-0.00028498
-0.00027936
-0.00027373
-0.0002681
-0.00026247
-0.00025684
-0.00025121
-0.00024557
-0.00023994
-0.00023431
-0.00022867
-0.00022303
-0.0002174
-0.00021176
-0.00020612
-0.00020048
-0.00019484
-0.0001892
-0.00018356
-0.00017792
-0.00017228
-0.00016664
-0.00016099
-0.00015535
-0.0001497
-0.00014406
-0.00013841
-0.00013277
-0.00012712
-0.00012147
-0.00011583
-0.00011018
-0.00010453
-9.8883e-05
-9.3235e-05
-8.7585e-05
-8.1936e-05
-7.6286e-05
-7.0637e-05
-6.4986e-05
-5.9337e-05
-5.3686e-05
-4.8035e-05
-4.2384e-05
-3.6734e-05
-3.1082e-05
-2.5431e-05
-1.978e-05
-1.4129e-05
-8.4768e-06
-2.826e-06
2.826e-06
8.4768e-06
1.4129e-05
1.978e-05
2.5431e-05
3.1082e-05
3.6734e-05
4.2384e-05
4.8035e-05
5.3686e-05
5.9337e-05
6.4986e-05
7.0637e-05
7.6286e-05
8.1936e-05
8.7585e-05
9.3235e-05
9.8883e-05
0.00010453
0.00011018
0.00011583
0.00012147
0.00012712
0.00013277
0.00013841
0.00014406
0.0001497
0.00015535
0.00016099
0.00016664
0.00017228
0.00017792
0.00018356
0.0001892
0.00019484
0.00020048
0.00020612
0.00021176
0.0002174
0.00022303
0.00022867
0.00023431
0.00023994
0.00024557
0.00025121
0.00025684
0.00026247
0.0002681
0.00027373
0.00027936
0.00028498
0.00029061
0.00029624
0.00030186
0.00030748
0.00031311
0.00031873
0.00032435
0.00032997
0.00033558
0.0003412
0.00034681
0.00035243
0.00035804
0.00036365
0.00036926
0.00037487
0.00038048
0.00038609
0.00039169
0.0003973
0.0004029
0.0004085
0.0004141
0.0004197
0.00042529
0.00043089
0.00043648
0.00044207
0.00044766
0.00045325
0.00045884
0.00046442
0.00047001
0.00047559
0.00048117
0.00048675
0.00049232
0.0004979
0.00050347
0.00050904
0.00051461
0.00052018
0.00052575
0.00053131
0.00053687
0.00054243
0.00054799
0.00055354
0.0005591
0.00056465
0.0005702
0.00057575
0.00058129
0.00058683
0.00059238
0.00059791
0.00060345
0.00060898
0.00061452
0.00062005
0.00062558
0.0006311
0.00063662
0.00064214
0.00064766
0.00065317
0.00065869
0.0006642
0.00066971
0.00067521
0.00068071
0.00068621
0.00069171
0.0006972
0.0007027
0.00070818
0.00071367
0.00071915
0.00072464
0.00073011
0.00073559
0.00074106
0.00074653
0.00075199
0.00075746
0.00076292
0.00076838
0.00077383
0.00077928
0.00078473
0.00079017
0.00079561
0.00080105
0.00080649
0.00081192
0.00081735
0.00082277
0.00082819
0.00083361
0.00083903
0.00084444
0.00084984
0.00085525
0.00086065
0.00086605
0.00087144
0.00087683
0.00088222
0.0008876
0.00089298
0.00089836
0.00090372
0.0009091
0.00091446
0.00091982
0.00092517
0.00093053
0.00093587
0.00094122
0.00094655
0.00095189
0.00095722
0.00096255
0.00096787
0.00097319
0.0009785
0.00098382
0.00098912
0.00099442
0.00099972
0.001005
0.0010103
0.0010156
0.0010209
0.0010261
0.0010314
0.0010367
0.0010419
0.0010472
0.0010524
0.0010577
0.0010629
0.0010682
0.0010734
0.0010786
0.0010838
0.0010891
0.0010943
0.0010995
0.0011047
0.0011099
0.001115
0.0011202
0.0011254
0.0011306
0.0011358
0.0011409
0.0011461
0.0011512
0.0011564
0.0011615
0.0011666
0.0011718
0.0011769
0.001182
0.0011871
0.0011922
0.0011973
0.0012024
0.0012075
0.0012126
0.0012177
0.0012228
0.0012278
0.0012329
0.0012379
0.001243
0.001248
0.001253
0.0012581
0.0012631
0.0012681
0.0012731
0.0012781
0.0012831
0.0012881
0.001293
0.001298
0.001303
0.0013079
0.0013129
0.0013178
0.0013228
0.0013277
0.0013326
0.0013375
0.0013424
0.0013473
0.0013522
0.0013571
0.001362
0.0013669
0.0013717
0.0013766
0.0013814
0.0013863
0.0013911
0.0013959
0.0014007
0.0014055
0.0014103
0.0014151
0.0014199
0.0014247
0.0014295
0.0014342
0.001439
0.0014437
0.0014484
0.0014532
0.0014579
0.0014626
0.0014673
0.001472
0.0014767
0.0014813
0.001486
0.0014906
0.0014953
0.0014999
0.0015045
0.0015092
0.0015138
0.0015184
0.0015229
0.0015275
0.0015321
0.0015367
0.0015412
0.0015457
0.0015503
0.0015548
0.0015593
0.0015638
0.0015683
0.0015728
0.0015772
0.0015817
0.0015861
0.0015906
0.001595
0.0015994
0.0016038
0.0016082
0.0016126
0.001617
0.0016213
0.0016257
0.00163
0.0016344
0.0016387
0.001643
0.0016473
0.0016516
0.0016558
0.0016601
0.0016644
0.0016686
0.0016728
0.001677
0.0016812
0.0016854
0.0016896
0.0016938
0.0016979
0.0017021
0.0017062
0.0017103
0.0017144
0.0017185
0.0017226
0.0017266
0.0017307
0.0017347
0.0017388
0.0017428
0.0017468
0.0017508
0.0017547
0.0017587
0.0017626
0.0017666
0.0017705
0.0017744
0.0017783
0.0017822
0.001786
0.0017899
0.0017937
0.0017975
0.0018013
0.0018051
0.0018089
0.0018127
0.0018164
0.0018201
0.0018239
0.0018276
0.0018313
0.0018349
0.0018386
0.0018422
0.0018459
0.0018495
0.0018531
0.0018566
0.0018602
0.0018638
0.0018673
0.0018708
0.0018743
0.0018778
0.0018813
0.0018847
0.0018881
0.0018916
0.001895
0.0018984
0.0019017
0.0019051
0.0019084
0.0019117
0.001915
0.0019183
0.0019216
0.0019248
0.001928
0.0019313
0.0019344
0.0019376
0.0019408
0.0019439
0.001947
0.0019501
0.0019532
0.0019563
0.0019593
0.0019624
0.0019654
0.0019684
0.0019713
0.0019743
0.0019772
0.0019801
0.001983
0.0019859
0.0019887
0.0019916
0.0019944
0.0019972
0.0019999
0.0020027
0.0020054
0.0020082
0.0020108
0.0020135
0.0020161
0.0020188
0.0020214
0.002024
0.0020265
0.0020291
0.0020316
0.0020341
0.0020366
0.002039
0.0020415
0.0020439
0.0020463
0.0020486
0.002051
0.0020533
0.0020556
0.0020579
0.0020601
0.0020624
0.0020646
0.0020667
0.0020689
0.002071
0.0020731
0.0020752
0.0020773
0.0020793
0.0020813
0.0020834
0.0020853
0.0020873
0.0020892
0.0020911
0.0020929
0.0020948
0.0020966
0.0020984
0.0021001
0.0021019
0.0021036
0.0021053
0.0021069
0.0021086
0.0021102
0.0021118
0.0021133
0.0021149
0.0021164
0.0021178
0.0021193
0.0021207
0.0021221
0.0021235
0.0021248
0.0021261
0.0021274
0.0021287
0.0021299
0.0021311
0.0021322
0.0021334
0.0021345
0.0021356
0.0021366
0.0021377
0.0021387
0.0021396
0.0021406
0.0021415
0.0021423
0.0021432
0.002144
0.0021448
0.0021455
0.0021463
0.002147
0.0021476
0.0021482
0.0021489
0.0021494
0.00215
0.0021505
0.0021509
0.0021514
0.0021518
0.0021522
0.0021525
0.0021528
0.0021531
0.0021533
0.0021536
0.0021537
0.0021539
0.002154
0.0021541
0.0021541
0.0021541
0.0021541
0.002154
0.0021539
0.0021538
0.0021536
0.0021535
0.0021532
0.002153
0.0021526
0.0021523
0.0021519
0.0021515
0.0021511
0.0021506
0.0021501
0.0021495
0.0021489
0.0021483
0.0021476
0.0021469
0.0021462
0.0021454
0.0021446
0.0021437
0.0021428
0.0021419
0.0021409
0.0021399
0.0021388
0.0021378
0.0021366
0.0021355
0.0021342
0.002133
0.0021317
0.0021304
0.002129
0.0021276
0.0021262
0.0021247
0.0021231
0.0021216
0.0021199
0.0021183
0.0021166
0.0021149
0.0021131
0.0021113
0.0021094
0.0021075
0.0021055
0.0021036
0.0021015
0.0020994
0.0020973
0.0020951
0.0020929
0.0020907
0.0020884
0.002086
0.0020836
0.0020812
0.0020787
0.0020762
0.0020736
0.002071
0.0020683
0.0020656
0.0020629
0.0020601
0.0020572
0.0020544
0.0020514
0.0020484
0.0020454
0.0020423
0.0020392
0.002036
0.0020328
0.0020295
0.0020262
0.0020228
0.0020194
0.0020159
0.0020124
0.0020088
0.0020052
0.0020015
0.0019978
0.001994
0.0019902
0.0019864
0.0019824
0.0019785
0.0019744
0.0019704
0.0019662
0.0019621
0.0019578
0.0019535
0.0019492
0.0019448
0.0019404
0.0019359
0.0019313
0.0019267
0.0019221
0.0019174
0.0019126
0.0019078
0.0019029
0.001898
0.001893
0.0018879
0.0018828
0.0018777
0.0018725
0.0018672
0.0018619
0.0018565
0.0018511
0.0018456
0.0018401
0.0018345
0.0018288
0.0018231
0.0018173
0.0018115
0.0018056
0.0017996
0.0017936
0.0017875
0.0017814
0.0017752
0.0017689
0.0017626
0.0017563
0.0017498
0.0017433
0.0017368
0.0017302
0.0017235
0.0017168
0.00171
0.0017031
0.0016962
0.0016892
0.0016821
0.001675
0.0016679
0.0016606
0.0016533
0.0016459
0.0016385
0.001631
0.0016235
0.0016158
0.0016081
0.0016004
0.0015926
0.0015847
0.0015767
0.0015687
0.0015606
0.0015525
0.0015442
0.001536
0.0015276
0.0015192
0.0015107
0.0015021
0.0014935
0.0014848
0.0014761
0.0014672
0.0014583
0.0014493
0.0014403
0.0014312
0.001422
0.0014128
0.0014034
0.001394
0.0013846
0.001375
0.0013654
0.0013558
0.001346
0.0013362
0.0013263
0.0013163
0.0013063
0.0012962
0.001286
0.0012757
0.0012654
0.001255
0.0012445
0.0012339
0.0012233
0.0012126
0.0012018
0.0011909
0.00118
0.001169
0.0011579
0.0011467
0.0011355
0.0011241
0.0011127
0.0011013
0.0010897
0.0010781
0.0010664
0.0010546
0.0010427
0.0010307
0.0010187
0.0010066
0.00099441
0.00098214
0.00096979
0.00095736
0.00094485
0.00093225
0.00091958
0.00090682
0.00089398
0.00088105
0.00086805
0.00085496
0.00084179
0.00082854
0.0008152
0.00080178
0.00078828
0.00077469
0.00076101
0.00074725
0.00073341
0.00071948
0.00070546
0.00069136
0.00067717
0.0006629
0.00064854
0.00063409
0.00061956
0.00060493
0.00059022
0.00057542
0.00056054
0.00054556
0.0005305
0.00051535
0.0005001
0.00048477
0.00046935
0.00045384
0.00043824
0.00042254
0.00040676
0.00039089
0.00037492
0.00035886
0.00034271
0.00032647
0.00031014
0.00029371
0.00027719
0.00026057
0.00024387
0.00022707
0.00021017
0.00019318
0.0001761
0.00015892
0.00014165
0.00012428
0.00010681
8.9252e-05
7.1595e-05
5.3842e-05
3.5992e-05
1.8044e-05
