-0.00010401
-0.00020647
-0.00030739
-0.00040677
-0.00050464
-0.00060098
-0.00069582
-0.00078915
-0.00088098
-0.00097133
-0.0010602
-0.0011476
-0.0012335
-0.001318
-0.001401
-0.0014826
-0.0015628
-0.0016415
-0.0017188
-0.0017947
-0.0018691
-0.0019422
-0.0020139
-0.0020842
-0.0021531
-0.0022207
-0.0022869
-0.0023518
-0.0024153
-0.0024775
-0.0025383
-0.0025978
-0.002656
-0.0027129
-0.0027685
-0.0028228
-0.0028758
-0.0029276
-0.0029781
-0.0030273
-0.0030752
-0.003122
-0.0031674
-0.0032117
-0.0032547
-0.0032965
-0.0033371
-0.0033765
-0.0034147
-0.0034517
-0.0034875
-0.0035222
-0.0035557
-0.0035881
-0.0036193
-0.0036493
-0.0036783
-0.0037061
-0.0037328
-0.0037584
-0.0037829
-0.0038062
-0.0038285
-0.0038498
-0.0038699
-0.003889
-0.0039071
-0.003924
-0.00394
-0.0039549
-0.0039688
-0.0039817
-0.0039936
-0.0040044
-0.0040143
-0.0040232
-0.0040311
-0.004038
-0.004044
-0.004049
-0.0040531
-0.0040563
-0.0040585
-0.0040598
-0.0040601
-0.0040596
-0.0040581
-0.0040558
-0.0040526
-0.0040485
-0.0040435
-0.0040377
-0.004031
-0.0040235
-0.0040151
-0.0040059
-0.0039959
-0.0039851
-0.0039734
-0.003961
-0.0039477
-0.0039337
-0.0039189
-0.0039034
-0.0038871
-0.00387
-0.0038522
-0.0038336
-0.0038143
-0.0037943
-0.0037736
-0.0037522
-0.0037301
-0.0037072
-0.0036837
-0.0036596
-0.0036347
-0.0036092
-0.0035831
-0.0035563
-0.0035289
-0.0035008
-0.0034722
-0.0034429
-0.003413
-0.0033825
-0.0033514
-0.0033198
-0.0032876
-0.0032548
-0.0032214
-0.0031875
-0.0031531
-0.0031181
-0.0030826
-0.0030466
-0.0030101
-0.0029731
-0.0029355
-0.0028975
-0.0028591
-0.0028201
-0.0027807
-0.0027408
-0.0027005
-0.0026598
-0.0026186
-0.002577
-0.0025349
-0.0024925
-0.0024497
-0.0024065
-0.0023629
-0.0023189
-0.0022745
-0.0022298
-0.0021848
-0.0021394
-0.0020936
-0.0020476
-0.0020012
-0.0019545
-0.0019075
-0.0018602
-0.0018126
-0.0017647
-0.0017165
-0.0016681
-0.0016195
-0.0015706
-0.0015214
-0.001472
-0.0014224
-0.0013725
-0.0013225
-0.0012723
-0.0012218
-0.0011712
-0.0011204
-0.0010694
-0.0010183
-0.00096698
-0.00091554
-0.00086397
-0.00081226
-0.00076043
-0.00070849
-0.00065643
-0.00060428
-0.00055204
-0.00049972
-0.00044732
-0.00039485
-0.00034232
-0.00028975
-0.00023712
-0.00018447
-0.00013178
-7.9077e-05
-2.636e-05
2.636e-05
7.9077e-05
0.00013178
0.00018447
0.00023712
0.00028975
0.00034232
0.00039485
0.00044732
0.00049972
0.00055204
0.00060428
0.00065643
0.00070849
0.00076043
0.00081226
0.00086397
0.00091554
0.00096698
0.0010183
0.0010694
0.0011204
0.0011712
0.0012218
0.0012723
0.0013225
0.0013725
0.0014224
0.001472
0.0015214
0.0015706
0.0016195
0.0016681
0.0017165
0.0017647
0.0018126
0.0018602
0.0019075
0.0019545
0.0020012
0.0020476
0.0020936
0.0021394
0.0021848
0.0022298
0.0022745
0.0023189
0.0023629
0.0024065
0.0024497
0.0024925
0.0025349
0.002577
0.0026186
0.0026598
0.0027005
0.0027408
0.0027807
0.0028201
0.0028591
0.0028975
0.0029355
0.0029731
0.0030101
0.0030466
0.0030826
0.0031181
0.0031531
0.0031875
0.0032214
0.0032548
0.0032876
0.0033198
0.0033514
0.0033825
0.003413
0.0034429
0.0034722
0.0035008
0.0035289
0.0035563
0.0035831
0.0036092
0.0036347
0.0036596
0.0036837
0.0037072
0.0037301
0.0037522
0.0037736
0.0037943
0.0038143
0.0038336
0.0038522
0.00387
0.0038871
0.0039034
0.0039189
0.0039337
0.0039477
0.003961
0.0039734
0.0039851
0.0039959
0.0040059
0.0040151
0.0040235
0.004031
0.0040377
0.0040435
0.0040485
0.0040526
0.0040558
0.0040581
0.0040596
0.0040601
0.0040598
0.0040585
0.0040563
0.0040531
0.004049
0.004044
0.004038
0.0040311
0.0040232
0.0040143
0.0040044
0.0039936
0.0039817
0.0039688
0.0039549
0.00394
0.003924
0.0039071
0.003889
0.0038699
0.0038498
0.0038285
0.0038062
0.0037829
0.0037584
0.0037328
0.0037061
0.0036783
0.0036493
0.0036193
0.0035881
0.0035557
0.0035222
0.0034875
0.0034517
0.0034147
0.0033765
0.0033371
0.0032965
0.0032547
0.0032117
0.0031674
0.003122
0.0030752
0.0030273
0.0029781
0.0029276
0.0028758
0.0028228
0.0027685
0.0027129
0.002656
0.0025978
0.0025383
0.0024775
0.0024153
0.0023518
0.0022869
0.0022207
0.0021531
0.0020842
0.0020139
0.0019422
0.0018691
0.0017947
0.0017188
0.0016415
0.0015628
0.0014826
0.001401
0.001318
0.0012335
0.0011476
0.0010602
0.00097133
0.00088098
0.00078915
0.00069582
0.00060098
0.00050464
0.00040677
0.00030739
0.00020647
0.00010401
