-0.00043554
-0.0004777
-0.00048572
-0.00048662
-0.00048542
-0.00048349
-0.00048125
-0.00047889
-0.00047647
-0.00047401
-0.00047154
-0.00046905
-0.00046657
-0.00046408
-0.00046159
-0.0004591
-0.0004566
-0.00045411
-0.00045162
-0.00044912
-0.00044663
-0.00044414
-0.00044164
-0.00043915
-0.00043666
-0.00043416
-0.00043167
-0.00042917
-0.00042668
-0.00042419
-0.00042169
-0.0004192
-0.00041671
-0.00041421
-0.00041172
-0.00040922
-0.00040673
-0.00040424
-0.00040174
-0.00039925
-0.00039676
-0.00039426
-0.00039177
-0.00038927
-0.00038678
-0.00038429
-0.00038179
-0.0003793
-0.00037681
-0.00037431
-0.00037182
-0.00036932
-0.00036683
-0.00036434
-0.00036184
-0.00035935
-0.00035686
-0.00035436
-0.00035187
-0.00034937
-0.00034688
-0.00034439
-0.00034189
-0.0003394
-0.00033691
-0.00033441
-0.00033192
-0.00032942
-0.00032693
-0.00032444
-0.00032194
-0.00031945
-0.00031696
-0.00031446
-0.00031197
-0.00030947
-0.00030698
-0.00030449
-0.00030199
-0.0002995
-0.000297
-0.00029451
-0.00029202
-0.00028952
-0.00028703
-0.00028454
-0.00028204
-0.00027955
-0.00027705
-0.00027456
-0.00027207
-0.00026957
-0.00026708
-0.00026459
-0.00026209
-0.0002596
-0.0002571
-0.00025461
-0.00025212
-0.00024962
-0.00024713
-0.00024464
-0.00024214
-0.00023965
-0.00023715
-0.00023466
-0.00023217
-0.00022967
-0.00022718
-0.00022469
-0.00022219
-0.0002197
-0.0002172
-0.00021471
-0.00021222
-0.00020972
-0.00020723
-0.00020474
-0.00020224
-0.00019975
-0.00019725
-0.00019476
-0.00019227
-0.00018977
-0.00018728
-0.00018479
-0.00018229
-0.0001798
-0.0001773
-0.00017481
-0.00017232
-0.00016982
-0.00016733
-0.00016484
-0.00016234
-0.00015985
-0.00015735
-0.00015486
-0.00015237
-0.00014987
-0.00014738
-0.00014489
-0.00014239
-0.0001399
-0.0001374
-0.00013491
-0.00013242
-0.00012992
-0.00012743
-0.00012494
-0.00012244
-0.00011995
-0.00011745
-0.00011496
-0.00011247
-0.00010997
-0.00010748
-0.00010499
-0.00010249
-9.9998e-05
-9.7504e-05
-9.501e-05
-9.2516e-05
-9.0022e-05
-8.7529e-05
-8.5035e-05
-8.2541e-05
-8.0047e-05
-7.7554e-05
-7.506e-05
-7.2566e-05
-7.0072e-05
-6.7579e-05
-6.5085e-05
-6.2591e-05
-6.0097e-05
-5.7603e-05
-5.511e-05
-5.2616e-05
-5.0122e-05
-4.7628e-05
-4.5135e-05
-4.2641e-05
-4.0147e-05
-3.7653e-05
-3.516e-05
-3.2666e-05
-3.0172e-05
-2.7678e-05
-2.5185e-05
-2.2691e-05
-2.0197e-05
-1.7703e-05
-1.5209e-05
-1.2716e-05
-1.0222e-05
-7.7282e-06
-5.2344e-06
-2.7407e-06
-2.4689e-07
2.2469e-06
4.7406e-06
7.2344e-06
9.7282e-06
1.2222e-05
1.4716e-05
1.7209e-05
1.9703e-05
2.2197e-05
2.4691e-05
2.7185e-05
2.9678e-05
3.2172e-05
3.4666e-05
3.716e-05
3.9653e-05
4.2147e-05
4.4641e-05
4.7135e-05
4.9628e-05
5.2122e-05
5.4616e-05
5.711e-05
5.9603e-05
6.2097e-05
6.4591e-05
6.7085e-05
6.9578e-05
7.2072e-05
7.4566e-05
7.706e-05
7.9553e-05
8.2047e-05
8.4541e-05
8.7035e-05
8.9528e-05
9.2022e-05
9.4516e-05
9.701e-05
9.9503e-05
0.000102
0.00010449
0.00010698
0.00010948
0.00011197
0.00011447
0.00011696
0.00011945
0.00012195
0.00012444
0.00012693
0.00012943
0.00013192
0.00013442
0.00013691
0.0001394
0.0001419
0.00014439
0.00014688
0.00014938
0.00015187
0.00015436
0.00015686
0.00015935
0.00016184
0.00016434
0.00016683
0.00016932
0.00017182
0.00017431
0.0001768
0.0001793
0.00018179
0.00018428
0.00018678
0.00018927
0.00019176
0.00019425
0.00019675
0.00019924
0.00020173
0.00020422
0.00020671
0.00020921
0.0002117
0.00021419
0.00021668
0.00021917
0.00022166
0.00022415
0.00022664
0.00022913
0.00023162
0.00023411
0.00023659
0.00023908
0.00024157
0.00024405
0.00024654
0.00024902
0.00025151
0.00025399
0.00025647
0.00025895
0.00026143
0.00026391
0.00026639
0.00026886
0.00027134
0.00027381
0.00027628
0.00027875
0.00028121
0.00028367
0.00028613
0.00028859
0.00029104
0.00029349
0.00029594
0.00029838
0.00030082
0.00030325
0.00030568
0.0003081
0.00031051
0.00031292
0.00031532
0.00031771
0.00032009
0.00032246
0.00032482
0.00032717
0.0003295
0.00033182
0.00033413
0.00033642
0.00033869
0.00034095
0.00034318
0.00034539
0.00034757
0.00034973
0.00035186
0.00035396
0.00035602
0.00035804
0.00036003
0.00036197
0.00036386
0.00036571
0.00036749
0.00036922
0.00037088
0.00037247
0.00037398
0.00037541
0.00037675
0.00037799
0.00037912
0.00038014
0.00038103
0.00038179
0.0003824
0.00038286
0.00038314
0.00038324
0.00038313
0.00038281
0.00038225
0.00038144
0.00038036
0.00037897
0.00037726
0.00037521
0.00037278
0.00036993
0.00036665
0.00036289
0.00035862
0.00035379
0.00034836
0.00034227
0.00033548
0.00032793
0.00031956
0.00031031
0.00030009
0.00028884
0.00027647
0.00026289
0.00024801
0.00023172
0.00021391
0.00019446
0.00017324
0.0001501
0.0001249
9.7474e-05
6.7644e-05
3.5221e-05
