-5.438e-06
-1.0852e-05
-1.6241e-05
-2.1606e-05
-2.6947e-05
-3.2264e-05
-3.7557e-05
-4.2826e-05
-4.8071e-05
-5.3293e-05
-5.849e-05
-6.3664e-05
-6.8814e-05
-7.394e-05
-7.9043e-05
-8.4122e-05
-8.9178e-05
-9.4211e-05
-9.922e-05
-0.00010421
-0.00010917
-0.00011411
-0.00011902
-0.00012392
-0.00012879
-0.00013364
-0.00013846
-0.00014326
-0.00014804
-0.0001528
-0.00015753
-0.00016225
-0.00016694
-0.0001716
-0.00017625
-0.00018087
-0.00018547
-0.00019005
-0.0001946
-0.00019914
-0.00020365
-0.00020814
-0.00021261
-0.00021705
-0.00022148
-0.00022588
-0.00023026
-0.00023462
-0.00023896
-0.00024328
-0.00024757
-0.00025185
-0.0002561
-0.00026033
-0.00026454
-0.00026873
-0.0002729
-0.00027705
-0.00028117
-0.00028528
-0.00028936
-0.00029343
-0.00029747
-0.00030149
-0.0003055
-0.00030948
-0.00031344
-0.00031738
-0.0003213
-0.0003252
-0.00032908
-0.00033294
-0.00033678
-0.0003406
-0.0003444
-0.00034819
-0.00035195
-0.00035569
-0.00035941
-0.00036311
-0.00036679
-0.00037045
-0.0003741
-0.00037772
-0.00038132
-0.00038491
-0.00038847
-0.00039202
-0.00039555
-0.00039906
-0.00040255
-0.00040602
-0.00040947
-0.0004129
-0.00041631
-0.00041971
-0.00042309
-0.00042644
-0.00042978
-0.0004331
-0.00043641
-0.00043969
-0.00044296
-0.0004462
-0.00044943
-0.00045265
-0.00045584
-0.00045901
-0.00046217
-0.00046531
-0.00046843
-0.00047154
-0.00047462
-0.00047769
-0.00048074
-0.00048377
-0.00048679
-0.00048979
-0.00049277
-0.00049573
-0.00049868
-0.00050161
-0.00050452
-0.00050741
-0.00051029
-0.00051315
-0.00051599
-0.00051882
-0.00052163
-0.00052443
-0.0005272
-0.00052996
-0.0005327
-0.00053543
-0.00053814
-0.00054084
-0.00054351
-0.00054617
-0.00054882
-0.00055145
-0.00055406
-0.00055666
-0.00055923
-0.0005618
-0.00056435
-0.00056688
-0.0005694
-0.0005719
-0.00057438
-0.00057686
-0.00057931
-0.00058175
-0.00058417
-0.00058658
-0.00058897
-0.00059135
-0.0005937
-0.00059606
-0.00059838
-0.0006007
-0.000603
-0.00060529
-0.00060756
-0.00060982
-0.00061205
-0.00061428
-0.00061649
-0.00061869
-0.00062087
-0.00062304
-0.00062519
-0.00062734
-0.00062945
-0.00063157
-0.00063366
-0.00063575
-0.00063781
-0.00063987
-0.0006419
-0.00064393
-0.00064594
-0.00064794
-0.00064992
-0.00065189
-0.00065384
-0.00065579
-0.00065771
-0.00065963
-0.00066152
-0.00066342
-0.00066528
-0.00066715
-0.00066899
-0.00067083
-0.00067264
-0.00067446
-0.00067625
-0.00067803
-0.00067979
-0.00068156
-0.00068329
-0.00068503
-0.00068673
-0.00068844
-0.00069013
-0.00069181
-0.00069347
-0.00069513
-0.00069676
-0.00069839
-0.0007
-0.00070161
-0.00070319
-0.00070478
-0.00070633
-0.00070789
-0.00070943
-0.00071096
-0.00071247
-0.00071398
-0.00071547
-0.00071696
-0.00071842
-0.00071988
-0.00072132
-0.00072276
-0.00072417
-0.00072559
-0.00072698
-0.00072837
-0.00072974
-0.00073111
-0.00073245
-0.0007338
-0.00073512
-0.00073645
-0.00073775
-0.00073905
-0.00074033
-0.00074161
-0.00074286
-0.00074412
-0.00074535
-0.00074659
-0.0007478
-0.00074902
-0.0007502
-0.0007514
-0.00075256
-0.00075374
-0.00075488
-0.00075604
-0.00075716
-0.00075829
-0.00075939
-0.0007605
-0.00076158
-0.00076268
-0.00076374
-0.00076481
-0.00076585
-0.0007669
-0.00076792
-0.00076895
-0.00076995
-0.00077096
-0.00077194
-0.00077293
-0.00077389
-0.00077486
-0.0007758
-0.00077675
-0.00077767
-0.00077861
-0.0007795
-0.00078042
-0.0007813
-0.0007822
-0.00078306
-0.00078394
-0.00078478
-0.00078564
-0.00078646
-0.00078731
-0.00078811
-0.00078893
-0.00078972
-0.00079053
-0.0007913
-0.00079208
-0.00079284
-0.00079361
-0.00079434
-0.00079509
-0.00079581
-0.00079654
-0.00079724
-0.00079796
-0.00079864
-0.00079934
-0.0008
-0.00080069
-0.00080134
-0.000802
-0.00080263
-0.00080328
-0.0008039
-0.00080453
-0.00080513
-0.00080574
-0.00080633
-0.00080693
-0.00080749
-0.00080808
-0.00080863
-0.0008092
-0.00080973
-0.00081028
-0.0008108
-0.00081134
-0.00081184
-0.00081236
-0.00081285
-0.00081336
-0.00081383
-0.00081432
-0.00081478
-0.00081525
-0.00081569
-0.00081616
-0.00081658
-0.00081703
-0.00081744
-0.00081787
-0.00081827
-0.00081869
-0.00081907
-0.00081948
-0.00081985
-0.00082024
-0.00082059
-0.00082097
-0.00082131
-0.00082167
-0.000822
-0.00082234
-0.00082266
-0.00082299
-0.00082329
-0.00082361
-0.0008239
-0.00082421
-0.00082448
-0.00082477
-0.00082504
-0.00082532
-0.00082556
-0.00082583
-0.00082607
-0.00082632
-0.00082654
-0.00082679
-0.00082699
-0.00082722
-0.00082742
-0.00082764
-0.00082782
-0.00082803
-0.0008282
-0.00082839
-0.00082855
-0.00082873
-0.00082888
-0.00082905
-0.00082919
-0.00082934
-0.00082947
-0.00082961
-0.00082973
-0.00082986
-0.00082996
-0.00083008
-0.00083018
-0.00083028
-0.00083037
-0.00083046
-0.00083053
-0.00083062
-0.00083068
-0.00083075
-0.0008308
-0.00083087
-0.0008309
-0.00083096
-0.00083098
-0.00083103
-0.00083104
-0.00083108
-0.00083108
-0.0008311
-0.0008311
-0.00083111
-0.0008311
-0.0008311
-0.00083107
-0.00083106
-0.00083103
-0.00083101
-0.00083097
-0.00083094
-0.00083088
-0.00083084
-0.00083078
-0.00083073
-0.00083066
-0.0008306
-0.00083052
-0.00083045
-0.00083036
-0.00083028
-0.00083018
-0.0008301
-0.00082999
-0.00082989
-0.00082977
-0.00082967
-0.00082954
-0.00082942
-0.00082929
-0.00082917
-0.00082902
-0.00082889
-0.00082874
-0.0008286
-0.00082843
-0.00082828
-0.00082812
-0.00082796
-0.00082778
-0.00082761
-0.00082743
-0.00082725
-0.00082706
-0.00082687
-0.00082667
-0.00082648
-0.00082627
-0.00082607
-0.00082585
-0.00082565
-0.00082542
-0.00082521
-0.00082497
-0.00082475
-0.00082451
-0.00082428
-0.00082403
-0.00082379
-0.00082354
-0.00082329
-0.00082303
-0.00082277
-0.00082251
-0.00082224
-0.00082197
-0.0008217
-0.00082142
-0.00082114
-0.00082085
-0.00082057
-0.00082027
-0.00081998
-0.00081968
-0.00081938
-0.00081907
-0.00081877
-0.00081845
-0.00081814
-0.00081782
-0.0008175
-0.00081717
-0.00081684
-0.00081651
-0.00081618
-0.00081584
-0.0008155
-0.00081515
-0.00081481
-0.00081445
-0.0008141
-0.00081374
-0.00081339
-0.00081302
-0.00081266
-0.00081229
-0.00081192
-0.00081154
-0.00081116
-0.00081078
-0.0008104
-0.00081001
-0.00080963
-0.00080923
-0.00080884
-0.00080844
-0.00080804
-0.00080764
-0.00080723
-0.00080682
-0.00080641
-0.000806
-0.00080558
-0.00080516
-0.00080474
-0.00080431
-0.00080389
-0.00080346
-0.00080302
-0.00080259
-0.00080215
-0.00080171
-0.00080127
-0.00080082
-0.00080037
-0.00079992
-0.00079947
-0.00079902
-0.00079856
-0.0007981
-0.00079763
-0.00079717
-0.0007967
-0.00079623
-0.00079576
-0.00079529
-0.00079481
-0.00079433
-0.00079385
-0.00079337
-0.00079288
-0.0007924
-0.0007919
-0.00079141
-0.00079092
-0.00079042
-0.00078992
-0.00078942
-0.00078892
-0.00078841
-0.00078791
-0.0007874
-0.00078688
-0.00078637
-0.00078586
-0.00078534
-0.00078482
-0.0007843
-0.00078377
-0.00078325
-0.00078272
-0.00078219
-0.00078166
-0.00078113
-0.00078059
-0.00078006
-0.00077952
-0.00077898
-0.00077843
-0.00077789
-0.00077734
-0.00077679
-0.00077624
-0.00077569
-0.00077514
-0.00077458
-0.00077402
-0.00077347
-0.0007729
-0.00077234
-0.00077178
-0.00077121
-0.00077064
-0.00077008
-0.0007695
-0.00076893
-0.00076836
-0.00076778
-0.0007672
-0.00076663
-0.00076604
-0.00076547
-0.00076488
-0.0007643
-0.00076371
-0.00076312
-0.00076253
-0.00076194
-0.00076134
-0.00076075
-0.00076015
-0.00075956
-0.00075896
-0.00075836
-0.00075775
-0.00075715
-0.00075655
-0.00075594
-0.00075533
-0.00075473
-0.00075411
-0.0007535
-0.00075289
-0.00075228
-0.00075166
-0.00075104
-0.00075042
-0.0007498
-0.00074918
-0.00074856
-0.00074793
-0.00074731
-0.00074668
-0.00074606
-0.00074543
-0.0007448
-0.00074417
-0.00074354
-0.0007429
-0.00074227
-0.00074163
-0.00074099
-0.00074035
-0.00073971
-0.00073907
-0.00073843
-0.00073779
-0.00073714
-0.0007365
-0.00073585
-0.0007352
-0.00073456
-0.0007339
-0.00073325
-0.0007326
-0.00073195
-0.00073129
-0.00073064
-0.00072998
-0.00072933
-0.00072867
-0.00072801
-0.00072735
-0.00072669
-0.00072602
-0.00072536
-0.00072469
-0.00072403
-0.00072336
-0.0007227
-0.00072203
-0.00072136
-0.00072069
-0.00072002
-0.00071934
-0.00071867
-0.000718
-0.00071732
-0.00071665
-0.00071597
-0.00071529
-0.00071461
-0.00071393
-0.00071325
-0.00071257
-0.00071189
-0.00071121
-0.00071053
-0.00070984
-0.00070916
-0.00070847
-0.00070778
-0.00070709
-0.00070641
-0.00070572
-0.00070503
-0.00070433
-0.00070364
-0.00070295
-0.00070226
-0.00070156
-0.00070087
-0.00070017
-0.00069948
-0.00069878
-0.00069808
-0.00069738
-0.00069669
-0.00069598
-0.00069528
-0.00069458
-0.00069388
-0.00069318
-0.00069248
-0.00069177
-0.00069107
-0.00069036
-0.00068965
-0.00068895
-0.00068824
-0.00068753
-0.00068682
-0.00068611
-0.0006854
-0.00068469
-0.00068398
-0.00068327
-0.00068256
-0.00068184
-0.00068113
-0.00068042
-0.0006797
-0.00067899
-0.00067827
-0.00067755
-0.00067684
-0.00067612
-0.0006754
-0.00067468
-0.00067396
-0.00067324
-0.00067252
-0.0006718
-0.00067108
-0.00067036
-0.00066963
-0.00066891
-0.00066819
-0.00066746
-0.00066674
-0.00066601
-0.00066529
-0.00066456
-0.00066383
-0.00066311
-0.00066238
-0.00066165
-0.00066092
-0.00066019
-0.00065946
-0.00065873
-0.000658
-0.00065727
-0.00065654
-0.00065581
-0.00065508
-0.00065434
-0.00065361
-0.00065287
-0.00065214
-0.00065141
-0.00065067
-0.00064994
-0.0006492
-0.00064846
-0.00064773
-0.00064699
-0.00064625
-0.00064551
-0.00064478
-0.00064404
-0.0006433
-0.00064256
-0.00064182
-0.00064108
-0.00064034
-0.0006396
-0.00063886
-0.00063811
-0.00063737
-0.00063663
-0.00063589
-0.00063514
-0.0006344
-0.00063366
-0.00063291
-0.00063217
-0.00063142
-0.00063068
-0.00062993
-0.00062918
-0.00062844
-0.00062769
-0.00062694
-0.0006262
-0.00062545
-0.0006247
-0.00062395
-0.00062321
-0.00062246
-0.00062171
-0.00062096
-0.00062021
-0.00061946
-0.00061871
-0.00061796
-0.00061721
-0.00061646
-0.0006157
-0.00061495
-0.0006142
-0.00061345
-0.0006127
-0.00061194
-0.00061119
-0.00061044
-0.00060968
-0.00060893
-0.00060817
-0.00060742
-0.00060666
-0.00060591
-0.00060515
-0.0006044
-0.00060364
-0.00060289
-0.00060213
-0.00060138
-0.00060062
-0.00059986
-0.0005991
-0.00059835
-0.00059759
-0.00059683
-0.00059607
-0.00059532
-0.00059456
-0.0005938
-0.00059304
-0.00059228
-0.00059152
-0.00059076
-0.00059
-0.00058924
-0.00058848
-0.00058772
-0.00058696
-0.0005862
-0.00058544
-0.00058468
-0.00058392
-0.00058316
-0.00058239
-0.00058163
-0.00058087
-0.00058011
-0.00057935
-0.00057858
-0.00057782
-0.00057706
-0.00057629
-0.00057553
-0.00057477
-0.000574
-0.00057324
-0.00057247
-0.00057171
-0.00057095
-0.00057018
-0.00056942
-0.00056865
-0.00056789
-0.00056712
-0.00056636
-0.00056559
-0.00056483
-0.00056406
-0.00056329
-0.00056253
-0.00056176
-0.000561
-0.00056023
-0.00055946
-0.0005587
-0.00055793
-0.00055716
-0.00055639
-0.00055563
-0.00055486
-0.00055409
-0.00055332
-0.00055256
-0.00055179
-0.00055102
-0.00055025
-0.00054948
-0.00054871
-0.00054795
-0.00054718
-0.00054641
-0.00054564
-0.00054487
-0.0005441
-0.00054333
-0.00054256
-0.00054179
-0.00054102
-0.00054025
-0.00053948
-0.00053871
-0.00053794
-0.00053717
-0.0005364
-0.00053563
-0.00053486
-0.00053409
-0.00053332
-0.00053255
-0.00053178
-0.00053101
-0.00053024
-0.00052946
-0.00052869
-0.00052792
-0.00052715
-0.00052638
-0.00052561
-0.00052483
-0.00052406
-0.00052329
-0.00052252
-0.00052175
-0.00052097
-0.0005202
-0.00051943
-0.00051866
-0.00051788
-0.00051711
-0.00051634
-0.00051557
-0.00051479
-0.00051402
-0.00051325
-0.00051247
-0.0005117
-0.00051093
-0.00051015
-0.00050938
-0.00050861
-0.00050783
-0.00050706
-0.00050628
-0.00050551
-0.00050474
-0.00050396
-0.00050319
-0.00050241
-0.00050164
-0.00050087
-0.00050009
-0.00049932
-0.00049854
-0.00049777
-0.00049699
-0.00049622
-0.00049544
-0.00049467
-0.00049389
-0.00049312
-0.00049234
-0.00049157
-0.00049079
-0.00049002
-0.00048924
-0.00048847
-0.00048769
-0.00048692
-0.00048614
-0.00048537
-0.00048459
-0.00048382
-0.00048304
-0.00048226
-0.00048149
-0.00048071
-0.00047994
-0.00047916
-0.00047839
-0.00047761
-0.00047683
-0.00047606
-0.00047528
-0.0004745
-0.00047373
-0.00047295
-0.00047218
-0.0004714
-0.00047062
-0.00046985
-0.00046907
-0.00046829
-0.00046752
-0.00046674
-0.00046596
-0.00046519
-0.00046441
-0.00046363
-0.00046286
-0.00046208
-0.0004613
-0.00046053
-0.00045975
-0.00045897
-0.00045819
-0.00045742
-0.00045664
-0.00045586
-0.00045509
-0.00045431
-0.00045353
-0.00045275
-0.00045198
-0.0004512
-0.00045042
-0.00044964
-0.00044887
-0.00044809
-0.00044731
-0.00044653
-0.00044576
-0.00044498
-0.0004442
-0.00044342
-0.00044265
-0.00044187
-0.00044109
-0.00044031
-0.00043953
-0.00043876
-0.00043798
-0.0004372
-0.00043642
-0.00043564
-0.00043487
-0.00043409
-0.00043331
-0.00043253
-0.00043175
-0.00043098
-0.0004302
-0.00042942
-0.00042864
-0.00042786
-0.00042708
-0.00042631
-0.00042553
-0.00042475
-0.00042397
-0.00042319
-0.00042241
-0.00042163
-0.00042086
-0.00042008
-0.0004193
-0.00041852
-0.00041774
-0.00041696
-0.00041618
-0.00041541
-0.00041463
-0.00041385
-0.00041307
-0.00041229
-0.00041151
-0.00041073
-0.00040996
-0.00040918
-0.0004084
-0.00040762
-0.00040684
-0.00040606
-0.00040528
-0.0004045
-0.00040372
-0.00040295
-0.00040217
-0.00040139
-0.00040061
-0.00039983
-0.00039905
-0.00039827
-0.00039749
-0.00039671
-0.00039593
-0.00039515
-0.00039438
-0.0003936
-0.00039282
-0.00039204
-0.00039126
-0.00039048
-0.0003897
-0.00038892
-0.00038814
-0.00038736
-0.00038658
-0.0003858
-0.00038503
-0.00038425
-0.00038347
-0.00038269
-0.00038191
-0.00038113
-0.00038035
-0.00037957
-0.00037879
-0.00037801
-0.00037723
-0.00037645
-0.00037567
-0.00037489
-0.00037411
-0.00037333
-0.00037255
-0.00037178
-0.000371
-0.00037022
-0.00036944
-0.00036866
-0.00036788
-0.0003671
-0.00036632
-0.00036554
-0.00036476
-0.00036398
-0.0003632
-0.00036242
-0.00036164
-0.00036086
-0.00036008
-0.0003593
-0.00035852
-0.00035774
-0.00035696
-0.00035618
-0.0003554
-0.00035462
-0.00035384
-0.00035306
-0.00035228
-0.0003515
-0.00035073
-0.00034995
-0.00034917
-0.00034839
-0.00034761
-0.00034683
-0.00034605
-0.00034527
-0.00034449
-0.00034371
-0.00034293
-0.00034215
-0.00034137
-0.00034059
-0.00033981
-0.00033903
-0.00033825
-0.00033747
-0.00033669
-0.00033591
-0.00033513
-0.00033435
-0.00033357
-0.00033279
-0.00033201
-0.00033123
-0.00033045
-0.00032967
-0.00032889
-0.00032811
-0.00032733
-0.00032655
-0.00032577
-0.00032499
-0.00032421
-0.00032343
-0.00032265
-0.00032187
-0.00032109
-0.00032031
-0.00031953
-0.00031875
-0.00031797
-0.00031719
-0.00031641
-0.00031563
-0.00031485
-0.00031407
-0.00031329
-0.00031251
-0.00031173
-0.00031095
-0.00031017
-0.00030939
-0.00030861
-0.00030783
-0.00030705
-0.00030627
-0.00030549
-0.00030471
-0.00030393
-0.00030315
-0.00030237
-0.00030159
-0.00030081
-0.00030003
-0.00029925
-0.00029847
-0.00029769
-0.00029691
-0.00029613
-0.00029535
-0.00029457
-0.00029379
-0.00029301
-0.00029223
-0.00029145
-0.00029067
-0.00028989
-0.00028911
-0.00028833
-0.00028755
-0.00028677
-0.00028599
-0.00028521
-0.00028443
-0.00028365
-0.00028287
-0.00028209
-0.00028131
-0.00028053
-0.00027974
-0.00027896
-0.00027818
-0.0002774
-0.00027662
-0.00027584
-0.00027506
-0.00027428
-0.0002735
-0.00027272
-0.00027194
-0.00027116
-0.00027038
-0.0002696
-0.00026882
-0.00026804
-0.00026726
-0.00026648
-0.0002657
-0.00026492
-0.00026414
-0.00026336
-0.00026258
-0.0002618
-0.00026102
-0.00026024
-0.00025946
-0.00025868
-0.0002579
-0.00025712
-0.00025634
-0.00025556
-0.00025478
-0.000254
-0.00025322
-0.00025244
-0.00025166
-0.00025088
-0.0002501
-0.00024932
-0.00024854
-0.00024776
-0.00024698
-0.0002462
-0.00024542
-0.00024464
-0.00024385
-0.00024307
-0.00024229
-0.00024151
-0.00024073
-0.00023995
-0.00023917
-0.00023839
-0.00023761
-0.00023683
-0.00023605
-0.00023527
-0.00023449
-0.00023371
-0.00023293
-0.00023215
-0.00023137
-0.00023059
-0.00022981
-0.00022903
-0.00022825
-0.00022747
-0.00022669
-0.00022591
-0.00022513
-0.00022435
-0.00022357
-0.00022279
-0.00022201
-0.00022123
-0.00022045
-0.00021967
-0.00021889
-0.00021811
-0.00021733
-0.00021655
-0.00021576
-0.00021498
-0.0002142
-0.00021342
-0.00021264
-0.00021186
-0.00021108
-0.0002103
-0.00020952
-0.00020874
-0.00020796
-0.00020718
-0.0002064
-0.00020562
-0.00020484
-0.00020406
-0.00020328
-0.0002025
-0.00020172
-0.00020094
-0.00020016
-0.00019938
-0.0001986
-0.00019782
-0.00019704
-0.00019626
-0.00019548
-0.0001947
-0.00019392
-0.00019314
-0.00019236
-0.00019158
-0.00019079
-0.00019001
-0.00018923
-0.00018845
-0.00018767
-0.00018689
-0.00018611
-0.00018533
-0.00018455
-0.00018377
-0.00018299
-0.00018221
-0.00018143
-0.00018065
-0.00017987
-0.00017909
-0.00017831
-0.00017753
-0.00017675
-0.00017597
-0.00017519
-0.00017441
-0.00017363
-0.00017285
-0.00017207
-0.00017129
-0.00017051
-0.00016973
-0.00016895
-0.00016817
-0.00016738
-0.0001666
-0.00016582
-0.00016504
-0.00016426
-0.00016348
-0.0001627
-0.00016192
-0.00016114
-0.00016036
-0.00015958
-0.0001588
-0.00015802
-0.00015724
-0.00015646
-0.00015568
-0.0001549
-0.00015412
-0.00015334
-0.00015256
-0.00015178
-0.000151
-0.00015022
-0.00014944
-0.00014866
-0.00014788
-0.0001471
-0.00014632
-0.00014554
-0.00014476
-0.00014397
-0.00014319
-0.00014241
-0.00014163
-0.00014085
-0.00014007
-0.00013929
-0.00013851
-0.00013773
-0.00013695
-0.00013617
-0.00013539
-0.00013461
-0.00013383
-0.00013305
-0.00013227
-0.00013149
-0.00013071
-0.00012993
-0.00012915
-0.00012837
-0.00012759
-0.00012681
-0.00012603
-0.00012525
-0.00012447
-0.00012369
-0.00012291
-0.00012213
-0.00012134
-0.00012056
-0.00011978
-0.000119
-0.00011822
-0.00011744
-0.00011666
-0.00011588
-0.0001151
-0.00011432
-0.00011354
-0.00011276
-0.00011198
-0.0001112
-0.00011042
-0.00010964
-0.00010886
-0.00010808
-0.0001073
-0.00010652
-0.00010574
-0.00010496
-0.00010418
-0.0001034
-0.00010262
-0.00010184
-0.00010106
-0.00010028
-9.9495e-05
-9.8715e-05
-9.7934e-05
-9.7154e-05
-9.6374e-05
-9.5593e-05
-9.4813e-05
-9.4033e-05
-9.3252e-05
-9.2472e-05
-9.1692e-05
-9.0911e-05
-9.0131e-05
-8.9351e-05
-8.857e-05
-8.779e-05
-8.7009e-05
-8.6229e-05
-8.5449e-05
-8.4668e-05
-8.3888e-05
-8.3108e-05
-8.2327e-05
-8.1547e-05
-8.0767e-05
-7.9986e-05
-7.9206e-05
-7.8426e-05
-7.7645e-05
-7.6865e-05
-7.6085e-05
-7.5304e-05
-7.4524e-05
-7.3743e-05
-7.2963e-05
-7.2183e-05
-7.1402e-05
-7.0622e-05
-6.9842e-05
-6.9061e-05
-6.8281e-05
-6.7501e-05
-6.672e-05
-6.594e-05
-6.516e-05
-6.4379e-05
-6.3599e-05
-6.2819e-05
-6.2038e-05
-6.1258e-05
-6.0477e-05
-5.9697e-05
-5.8917e-05
-5.8136e-05
-5.7356e-05
-5.6576e-05
-5.5795e-05
-5.5015e-05
-5.4235e-05
-5.3454e-05
-5.2674e-05
-5.1894e-05
-5.1113e-05
-5.0333e-05
-4.9553e-05
-4.8772e-05
-4.7992e-05
-4.7211e-05
-4.6431e-05
-4.5651e-05
-4.487e-05
-4.409e-05
-4.331e-05
-4.2529e-05
-4.1749e-05
-4.0969e-05
-4.0188e-05
-3.9408e-05
-3.8628e-05
-3.7847e-05
-3.7067e-05
-3.6287e-05
-3.5506e-05
-3.4726e-05
-3.3945e-05
-3.3165e-05
-3.2385e-05
-3.1604e-05
-3.0824e-05
-3.0044e-05
-2.9263e-05
-2.8483e-05
-2.7703e-05
-2.6922e-05
-2.6142e-05
-2.5362e-05
-2.4581e-05
-2.3801e-05
-2.302e-05
-2.224e-05
-2.146e-05
-2.0679e-05
-1.9899e-05
-1.9119e-05
-1.8338e-05
-1.7558e-05
-1.6778e-05
-1.5997e-05
-1.5217e-05
-1.4437e-05
-1.3656e-05
-1.2876e-05
-1.2096e-05
-1.1315e-05
-1.0535e-05
-9.7544e-06
-8.9741e-06
-8.1937e-06
-7.4134e-06
-6.633e-06
-5.8527e-06
-5.0723e-06
-4.292e-06
-3.5116e-06
-2.7312e-06
-1.9509e-06
-1.1705e-06
-3.9018e-07
3.9018e-07
1.1705e-06
1.9509e-06
2.7312e-06
3.5116e-06
4.292e-06
5.0723e-06
5.8527e-06
6.633e-06
7.4134e-06
8.1937e-06
8.9741e-06
9.7544e-06
1.0535e-05
1.1315e-05
1.2096e-05
1.2876e-05
1.3656e-05
1.4437e-05
1.5217e-05
1.5997e-05
1.6778e-05
1.7558e-05
1.8338e-05
1.9119e-05
1.9899e-05
2.0679e-05
2.146e-05
2.224e-05
2.302e-05
2.3801e-05
2.4581e-05
2.5362e-05
2.6142e-05
2.6922e-05
2.7703e-05
2.8483e-05
2.9263e-05
3.0044e-05
3.0824e-05
3.1604e-05
3.2385e-05
3.3165e-05
3.3945e-05
3.4726e-05
3.5506e-05
3.6287e-05
3.7067e-05
3.7847e-05
3.8628e-05
3.9408e-05
4.0188e-05
4.0969e-05
4.1749e-05
4.2529e-05
4.331e-05
4.409e-05
4.487e-05
4.5651e-05
4.6431e-05
4.7211e-05
4.7992e-05
4.8772e-05
4.9553e-05
5.0333e-05
5.1113e-05
5.1894e-05
5.2674e-05
5.3454e-05
5.4235e-05
5.5015e-05
5.5795e-05
5.6576e-05
5.7356e-05
5.8136e-05
5.8917e-05
5.9697e-05
6.0477e-05
6.1258e-05
6.2038e-05
6.2819e-05
6.3599e-05
6.4379e-05
6.516e-05
6.594e-05
6.672e-05
6.7501e-05
6.8281e-05
6.9061e-05
6.9842e-05
7.0622e-05
7.1402e-05
7.2183e-05
7.2963e-05
7.3743e-05
7.4524e-05
7.5304e-05
7.6085e-05
7.6865e-05
7.7645e-05
7.8426e-05
7.9206e-05
7.9986e-05
8.0767e-05
8.1547e-05
8.2327e-05
8.3108e-05
8.3888e-05
8.4668e-05
8.5449e-05
8.6229e-05
8.7009e-05
8.779e-05
8.857e-05
8.9351e-05
9.0131e-05
9.0911e-05
9.1692e-05
9.2472e-05
9.3252e-05
9.4033e-05
9.4813e-05
9.5593e-05
9.6374e-05
9.7154e-05
9.7934e-05
9.8715e-05
9.9495e-05
0.00010028
0.00010106
0.00010184
0.00010262
0.0001034
0.00010418
0.00010496
0.00010574
0.00010652
0.0001073
0.00010808
0.00010886
0.00010964
0.00011042
0.0001112
0.00011198
0.00011276
0.00011354
0.00011432
0.0001151
0.00011588
0.00011666
0.00011744
0.00011822
0.000119
0.00011978
0.00012056
0.00012134
0.00012213
0.00012291
0.00012369
0.00012447
0.00012525
0.00012603
0.00012681
0.00012759
0.00012837
0.00012915
0.00012993
0.00013071
0.00013149
0.00013227
0.00013305
0.00013383
0.00013461
0.00013539
0.00013617
0.00013695
0.00013773
0.00013851
0.00013929
0.00014007
0.00014085
0.00014163
0.00014241
0.00014319
0.00014397
0.00014476
0.00014554
0.00014632
0.0001471
0.00014788
0.00014866
0.00014944
0.00015022
0.000151
0.00015178
0.00015256
0.00015334
0.00015412
0.0001549
0.00015568
0.00015646
0.00015724
0.00015802
0.0001588
0.00015958
0.00016036
0.00016114
0.00016192
0.0001627
0.00016348
0.00016426
0.00016504
0.00016582
0.0001666
0.00016738
0.00016817
0.00016895
0.00016973
0.00017051
0.00017129
0.00017207
0.00017285
0.00017363
0.00017441
0.00017519
0.00017597
0.00017675
0.00017753
0.00017831
0.00017909
0.00017987
0.00018065
0.00018143
0.00018221
0.00018299
0.00018377
0.00018455
0.00018533
0.00018611
0.00018689
0.00018767
0.00018845
0.00018923
0.00019001
0.00019079
0.00019158
0.00019236
0.00019314
0.00019392
0.0001947
0.00019548
0.00019626
0.00019704
0.00019782
0.0001986
0.00019938
0.00020016
0.00020094
0.00020172
0.0002025
0.00020328
0.00020406
0.00020484
0.00020562
0.0002064
0.00020718
0.00020796
0.00020874
0.00020952
0.0002103
0.00021108
0.00021186
0.00021264
0.00021342
0.0002142
0.00021498
0.00021576
0.00021655
0.00021733
0.00021811
0.00021889
0.00021967
0.00022045
0.00022123
0.00022201
0.00022279
0.00022357
0.00022435
0.00022513
0.00022591
0.00022669
0.00022747
0.00022825
0.00022903
0.00022981
0.00023059
0.00023137
0.00023215
0.00023293
0.00023371
0.00023449
0.00023527
0.00023605
0.00023683
0.00023761
0.00023839
0.00023917
0.00023995
0.00024073
0.00024151
0.00024229
0.00024307
0.00024385
0.00024464
0.00024542
0.0002462
0.00024698
0.00024776
0.00024854
0.00024932
0.0002501
0.00025088
0.00025166
0.00025244
0.00025322
0.000254
0.00025478
0.00025556
0.00025634
0.00025712
0.0002579
0.00025868
0.00025946
0.00026024
0.00026102
0.0002618
0.00026258
0.00026336
0.00026414
0.00026492
0.0002657
0.00026648
0.00026726
0.00026804
0.00026882
0.0002696
0.00027038
0.00027116
0.00027194
0.00027272
0.0002735
0.00027428
0.00027506
0.00027584
0.00027662
0.0002774
0.00027818
0.00027896
0.00027974
0.00028053
0.00028131
0.00028209
0.00028287
0.00028365
0.00028443
0.00028521
0.00028599
0.00028677
0.00028755
0.00028833
0.00028911
0.00028989
0.00029067
0.00029145
0.00029223
0.00029301
0.00029379
0.00029457
0.00029535
0.00029613
0.00029691
0.00029769
0.00029847
0.00029925
0.00030003
0.00030081
0.00030159
0.00030237
0.00030315
0.00030393
0.00030471
0.00030549
0.00030627
0.00030705
0.00030783
0.00030861
0.00030939
0.00031017
0.00031095
0.00031173
0.00031251
0.00031329
0.00031407
0.00031485
0.00031563
0.00031641
0.00031719
0.00031797
0.00031875
0.00031953
0.00032031
0.00032109
0.00032187
0.00032265
0.00032343
0.00032421
0.00032499
0.00032577
0.00032655
0.00032733
0.00032811
0.00032889
0.00032967
0.00033045
0.00033123
0.00033201
0.00033279
0.00033357
0.00033435
0.00033513
0.00033591
0.00033669
0.00033747
0.00033825
0.00033903
0.00033981
0.00034059
0.00034137
0.00034215
0.00034293
0.00034371
0.00034449
0.00034527
0.00034605
0.00034683
0.00034761
0.00034839
0.00034917
0.00034995
0.00035073
0.0003515
0.00035228
0.00035306
0.00035384
0.00035462
0.0003554
0.00035618
0.00035696
0.00035774
0.00035852
0.0003593
0.00036008
0.00036086
0.00036164
0.00036242
0.0003632
0.00036398
0.00036476
0.00036554
0.00036632
0.0003671
0.00036788
0.00036866
0.00036944
0.00037022
0.000371
0.00037178
0.00037255
0.00037333
0.00037411
0.00037489
0.00037567
0.00037645
0.00037723
0.00037801
0.00037879
0.00037957
0.00038035
0.00038113
0.00038191
0.00038269
0.00038347
0.00038425
0.00038503
0.0003858
0.00038658
0.00038736
0.00038814
0.00038892
0.0003897
0.00039048
0.00039126
0.00039204
0.00039282
0.0003936
0.00039438
0.00039515
0.00039593
0.00039671
0.00039749
0.00039827
0.00039905
0.00039983
0.00040061
0.00040139
0.00040217
0.00040295
0.00040372
0.0004045
0.00040528
0.00040606
0.00040684
0.00040762
0.0004084
0.00040918
0.00040996
0.00041073
0.00041151
0.00041229
0.00041307
0.00041385
0.00041463
0.00041541
0.00041618
0.00041696
0.00041774
0.00041852
0.0004193
0.00042008
0.00042086
0.00042163
0.00042241
0.00042319
0.00042397
0.00042475
0.00042553
0.00042631
0.00042708
0.00042786
0.00042864
0.00042942
0.0004302
0.00043098
0.00043175
0.00043253
0.00043331
0.00043409
0.00043487
0.00043564
0.00043642
0.0004372
0.00043798
0.00043876
0.00043953
0.00044031
0.00044109
0.00044187
0.00044265
0.00044342
0.0004442
0.00044498
0.00044576
0.00044653
0.00044731
0.00044809
0.00044887
0.00044964
0.00045042
0.0004512
0.00045198
0.00045275
0.00045353
0.00045431
0.00045509
0.00045586
0.00045664
0.00045742
0.00045819
0.00045897
0.00045975
0.00046053
0.0004613
0.00046208
0.00046286
0.00046363
0.00046441
0.00046519
0.00046596
0.00046674
0.00046752
0.00046829
0.00046907
0.00046985
0.00047062
0.0004714
0.00047218
0.00047295
0.00047373
0.0004745
0.00047528
0.00047606
0.00047683
0.00047761
0.00047839
0.00047916
0.00047994
0.00048071
0.00048149
0.00048226
0.00048304
0.00048382
0.00048459
0.00048537
0.00048614
0.00048692
0.00048769
0.00048847
0.00048924
0.00049002
0.00049079
0.00049157
0.00049234
0.00049312
0.00049389
0.00049467
0.00049544
0.00049622
0.00049699
0.00049777
0.00049854
0.00049932
0.00050009
0.00050087
0.00050164
0.00050241
0.00050319
0.00050396
0.00050474
0.00050551
0.00050628
0.00050706
0.00050783
0.00050861
0.00050938
0.00051015
0.00051093
0.0005117
0.00051247
0.00051325
0.00051402
0.00051479
0.00051557
0.00051634
0.00051711
0.00051788
0.00051866
0.00051943
0.0005202
0.00052097
0.00052175
0.00052252
0.00052329
0.00052406
0.00052483
0.00052561
0.00052638
0.00052715
0.00052792
0.00052869
0.00052946
0.00053024
0.00053101
0.00053178
0.00053255
0.00053332
0.00053409
0.00053486
0.00053563
0.0005364
0.00053717
0.00053794
0.00053871
0.00053948
0.00054025
0.00054102
0.00054179
0.00054256
0.00054333
0.0005441
0.00054487
0.00054564
0.00054641
0.00054718
0.00054795
0.00054871
0.00054948
0.00055025
0.00055102
0.00055179
0.00055256
0.00055332
0.00055409
0.00055486
0.00055563
0.00055639
0.00055716
0.00055793
0.0005587
0.00055946
0.00056023
0.000561
0.00056176
0.00056253
0.00056329
0.00056406
0.00056483
0.00056559
0.00056636
0.00056712
0.00056789
0.00056865
0.00056942
0.00057018
0.00057095
0.00057171
0.00057247
0.00057324
0.000574
0.00057477
0.00057553
0.00057629
0.00057706
0.00057782
0.00057858
0.00057935
0.00058011
0.00058087
0.00058163
0.00058239
0.00058316
0.00058392
0.00058468
0.00058544
0.0005862
0.00058696
0.00058772
0.00058848
0.00058924
0.00059
0.00059076
0.00059152
0.00059228
0.00059304
0.0005938
0.00059456
0.00059532
0.00059607
0.00059683
0.00059759
0.00059835
0.0005991
0.00059986
0.00060062
0.00060138
0.00060213
0.00060289
0.00060364
0.0006044
0.00060515
0.00060591
0.00060666
0.00060742
0.00060817
0.00060893
0.00060968
0.00061044
0.00061119
0.00061194
0.0006127
0.00061345
0.0006142
0.00061495
0.0006157
0.00061646
0.00061721
0.00061796
0.00061871
0.00061946
0.00062021
0.00062096
0.00062171
0.00062246
0.00062321
0.00062395
0.0006247
0.00062545
0.0006262
0.00062694
0.00062769
0.00062844
0.00062918
0.00062993
0.00063068
0.00063142
0.00063217
0.00063291
0.00063366
0.0006344
0.00063514
0.00063589
0.00063663
0.00063737
0.00063811
0.00063886
0.0006396
0.00064034
0.00064108
0.00064182
0.00064256
0.0006433
0.00064404
0.00064478
0.00064551
0.00064625
0.00064699
0.00064773
0.00064846
0.0006492
0.00064994
0.00065067
0.00065141
0.00065214
0.00065287
0.00065361
0.00065434
0.00065508
0.00065581
0.00065654
0.00065727
0.000658
0.00065873
0.00065946
0.00066019
0.00066092
0.00066165
0.00066238
0.00066311
0.00066383
0.00066456
0.00066529
0.00066601
0.00066674
0.00066746
0.00066819
0.00066891
0.00066963
0.00067036
0.00067108
0.0006718
0.00067252
0.00067324
0.00067396
0.00067468
0.0006754
0.00067612
0.00067684
0.00067755
0.00067827
0.00067899
0.0006797
0.00068042
0.00068113
0.00068184
0.00068256
0.00068327
0.00068398
0.00068469
0.0006854
0.00068611
0.00068682
0.00068753
0.00068824
0.00068895
0.00068965
0.00069036
0.00069107
0.00069177
0.00069248
0.00069318
0.00069388
0.00069458
0.00069528
0.00069598
0.00069669
0.00069738
0.00069808
0.00069878
0.00069948
0.00070017
0.00070087
0.00070156
0.00070226
0.00070295
0.00070364
0.00070433
0.00070503
0.00070572
0.00070641
0.00070709
0.00070778
0.00070847
0.00070916
0.00070984
0.00071053
0.00071121
0.00071189
0.00071257
0.00071325
0.00071393
0.00071461
0.00071529
0.00071597
0.00071665
0.00071732
0.000718
0.00071867
0.00071934
0.00072002
0.00072069
0.00072136
0.00072203
0.0007227
0.00072336
0.00072403
0.00072469
0.00072536
0.00072602
0.00072669
0.00072735
0.00072801
0.00072867
0.00072933
0.00072998
0.00073064
0.00073129
0.00073195
0.0007326
0.00073325
0.0007339
0.00073456
0.0007352
0.00073585
0.0007365
0.00073714
0.00073779
0.00073843
0.00073907
0.00073971
0.00074035
0.00074099
0.00074163
0.00074227
0.0007429
0.00074354
0.00074417
0.0007448
0.00074543
0.00074606
0.00074668
0.00074731
0.00074793
0.00074856
0.00074918
0.0007498
0.00075042
0.00075104
0.00075166
0.00075228
0.00075289
0.0007535
0.00075411
0.00075473
0.00075533
0.00075594
0.00075655
0.00075715
0.00075775
0.00075836
0.00075896
0.00075956
0.00076015
0.00076075
0.00076134
0.00076194
0.00076253
0.00076312
0.00076371
0.0007643
0.00076488
0.00076547
0.00076604
0.00076663
0.0007672
0.00076778
0.00076836
0.00076893
0.0007695
0.00077008
0.00077064
0.00077121
0.00077178
0.00077234
0.0007729
0.00077347
0.00077402
0.00077458
0.00077514
0.00077569
0.00077624
0.00077679
0.00077734
0.00077789
0.00077843
0.00077898
0.00077952
0.00078006
0.00078059
0.00078113
0.00078166
0.00078219
0.00078272
0.00078325
0.00078377
0.0007843
0.00078482
0.00078534
0.00078586
0.00078637
0.00078688
0.0007874
0.00078791
0.00078841
0.00078892
0.00078942
0.00078992
0.00079042
0.00079092
0.00079141
0.0007919
0.0007924
0.00079288
0.00079337
0.00079385
0.00079433
0.00079481
0.00079529
0.00079576
0.00079623
0.0007967
0.00079717
0.00079763
0.0007981
0.00079856
0.00079902
0.00079947
0.00079992
0.00080037
0.00080082
0.00080127
0.00080171
0.00080215
0.00080259
0.00080302
0.00080346
0.00080389
0.00080431
0.00080474
0.00080516
0.00080558
0.000806
0.00080641
0.00080682
0.00080723
0.00080764
0.00080804
0.00080844
0.00080884
0.00080923
0.00080963
0.00081001
0.0008104
0.00081078
0.00081116
0.00081154
0.00081192
0.00081229
0.00081266
0.00081302
0.00081339
0.00081374
0.0008141
0.00081445
0.00081481
0.00081515
0.0008155
0.00081584
0.00081618
0.00081651
0.00081684
0.00081717
0.0008175
0.00081782
0.00081814
0.00081845
0.00081877
0.00081907
0.00081938
0.00081968
0.00081998
0.00082027
0.00082057
0.00082085
0.00082114
0.00082142
0.0008217
0.00082197
0.00082224
0.00082251
0.00082277
0.00082303
0.00082329
0.00082354
0.00082379
0.00082403
0.00082428
0.00082451
0.00082475
0.00082497
0.00082521
0.00082542
0.00082565
0.00082585
0.00082607
0.00082627
0.00082648
0.00082667
0.00082687
0.00082706
0.00082725
0.00082743
0.00082761
0.00082778
0.00082796
0.00082812
0.00082828
0.00082843
0.0008286
0.00082874
0.00082889
0.00082902
0.00082917
0.00082929
0.00082942
0.00082954
0.00082967
0.00082977
0.00082989
0.00082999
0.0008301
0.00083018
0.00083028
0.00083036
0.00083045
0.00083052
0.0008306
0.00083066
0.00083073
0.00083078
0.00083084
0.00083088
0.00083094
0.00083097
0.00083101
0.00083103
0.00083106
0.00083107
0.0008311
0.0008311
0.00083111
0.0008311
0.0008311
0.00083108
0.00083108
0.00083104
0.00083103
0.00083098
0.00083096
0.0008309
0.00083087
0.0008308
0.00083075
0.00083068
0.00083062
0.00083053
0.00083046
0.00083037
0.00083028
0.00083018
0.00083008
0.00082996
0.00082986
0.00082973
0.00082961
0.00082947
0.00082934
0.00082919
0.00082905
0.00082888
0.00082873
0.00082855
0.00082839
0.0008282
0.00082803
0.00082782
0.00082764
0.00082742
0.00082722
0.00082699
0.00082679
0.00082654
0.00082632
0.00082607
0.00082583
0.00082556
0.00082532
0.00082504
0.00082477
0.00082448
0.00082421
0.0008239
0.00082361
0.00082329
0.00082299
0.00082266
0.00082234
0.000822
0.00082167
0.00082131
0.00082097
0.00082059
0.00082024
0.00081985
0.00081948
0.00081907
0.00081869
0.00081827
0.00081787
0.00081744
0.00081703
0.00081658
0.00081616
0.00081569
0.00081525
0.00081478
0.00081432
0.00081383
0.00081336
0.00081285
0.00081236
0.00081184
0.00081134
0.0008108
0.00081028
0.00080973
0.0008092
0.00080863
0.00080808
0.00080749
0.00080693
0.00080633
0.00080574
0.00080513
0.00080453
0.0008039
0.00080328
0.00080263
0.000802
0.00080134
0.00080069
0.0008
0.00079934
0.00079864
0.00079796
0.00079724
0.00079654
0.00079581
0.00079509
0.00079434
0.00079361
0.00079284
0.00079208
0.0007913
0.00079053
0.00078972
0.00078893
0.00078811
0.00078731
0.00078646
0.00078564
0.00078478
0.00078394
0.00078306
0.0007822
0.0007813
0.00078042
0.0007795
0.00077861
0.00077767
0.00077675
0.0007758
0.00077486
0.00077389
0.00077293
0.00077194
0.00077096
0.00076995
0.00076895
0.00076792
0.0007669
0.00076585
0.00076481
0.00076374
0.00076268
0.00076158
0.0007605
0.00075939
0.00075829
0.00075716
0.00075604
0.00075488
0.00075374
0.00075256
0.0007514
0.0007502
0.00074902
0.0007478
0.00074659
0.00074535
0.00074412
0.00074286
0.00074161
0.00074033
0.00073905
0.00073775
0.00073645
0.00073512
0.0007338
0.00073245
0.00073111
0.00072974
0.00072837
0.00072698
0.00072559
0.00072417
0.00072276
0.00072132
0.00071988
0.00071842
0.00071696
0.00071547
0.00071398
0.00071247
0.00071096
0.00070943
0.00070789
0.00070633
0.00070478
0.00070319
0.00070161
0.0007
0.00069839
0.00069676
0.00069513
0.00069347
0.00069181
0.00069013
0.00068844
0.00068673
0.00068503
0.00068329
0.00068156
0.00067979
0.00067803
0.00067625
0.00067446
0.00067264
0.00067083
0.00066899
0.00066715
0.00066528
0.00066342
0.00066152
0.00065963
0.00065771
0.00065579
0.00065384
0.00065189
0.00064992
0.00064794
0.00064594
0.00064393
0.0006419
0.00063987
0.00063781
0.00063575
0.00063366
0.00063157
0.00062945
0.00062734
0.00062519
0.00062304
0.00062087
0.00061869
0.00061649
0.00061428
0.00061205
0.00060982
0.00060756
0.00060529
0.000603
0.0006007
0.00059838
0.00059606
0.0005937
0.00059135
0.00058897
0.00058658
0.00058417
0.00058175
0.00057931
0.00057686
0.00057438
0.0005719
0.0005694
0.00056688
0.00056435
0.0005618
0.00055923
0.00055666
0.00055406
0.00055145
0.00054882
0.00054617
0.00054351
0.00054084
0.00053814
0.00053543
0.0005327
0.00052996
0.0005272
0.00052443
0.00052163
0.00051882
0.00051599
0.00051315
0.00051029
0.00050741
0.00050452
0.00050161
0.00049868
0.00049573
0.00049277
0.00048979
0.00048679
0.00048377
0.00048074
0.00047769
0.00047462
0.00047154
0.00046843
0.00046531
0.00046217
0.00045901
0.00045584
0.00045265
0.00044943
0.0004462
0.00044296
0.00043969
0.00043641
0.0004331
0.00042978
0.00042644
0.00042309
0.00041971
0.00041631
0.0004129
0.00040947
0.00040602
0.00040255
0.00039906
0.00039555
0.00039202
0.00038847
0.00038491
0.00038132
0.00037772
0.0003741
0.00037045
0.00036679
0.00036311
0.00035941
0.00035569
0.00035195
0.00034819
0.0003444
0.0003406
0.00033678
0.00033294
0.00032908
0.0003252
0.0003213
0.00031738
0.00031344
0.00030948
0.0003055
0.00030149
0.00029747
0.00029343
0.00028936
0.00028528
0.00028117
0.00027705
0.0002729
0.00026873
0.00026454
0.00026033
0.0002561
0.00025185
0.00024757
0.00024328
0.00023896
0.00023462
0.00023026
0.00022588
0.00022148
0.00021705
0.00021261
0.00020814
0.00020365
0.00019914
0.0001946
0.00019005
0.00018547
0.00018087
0.00017625
0.0001716
0.00016694
0.00016225
0.00015753
0.0001528
0.00014804
0.00014326
0.00013846
0.00013364
0.00012879
0.00012392
0.00011902
0.00011411
0.00010917
0.00010421
9.922e-05
9.4211e-05
8.9178e-05
8.4122e-05
7.9043e-05
7.394e-05
6.8814e-05
6.3664e-05
5.849e-05
5.3293e-05
4.8071e-05
4.2826e-05
3.7557e-05
3.2264e-05
2.6947e-05
2.1606e-05
1.6241e-05
1.0852e-05
5.438e-06
