-0.00040385
-0.00078365
-0.0011399
-0.001473
-0.0017835
-0.0020718
-0.0023384
-0.0025838
-0.0028084
-0.0030128
-0.0031974
-0.0033626
-0.003509
-0.003637
-0.0037471
-0.0038399
-0.0039156
-0.003975
-0.0040183
-0.0040462
-0.0040591
-0.0040575
-0.0040418
-0.0040126
-0.0039703
-0.0039155
-0.0038486
-0.0037701
-0.0036805
-0.0035802
-0.0034699
-0.0033499
-0.0032208
-0.003083
-0.0029371
-0.0027835
-0.0026227
-0.0024552
-0.0022816
-0.0021023
-0.0019177
-0.0017285
-0.0015351
-0.0013379
-0.0011375
-0.00093441
-0.00072908
-0.00052201
-0.0003137
-0.00010465
0.00010465
0.0003137
0.00052201
0.00072908
0.00093441
0.0011375
0.0013379
0.0015351
0.0017285
0.0019177
0.0021023
0.0022816
0.0024552
0.0026227
0.0027835
0.0029371
0.003083
0.0032208
0.0033499
0.0034699
0.0035802
0.0036805
0.0037701
0.0038486
0.0039155
0.0039703
0.0040126
0.0040418
0.0040575
0.0040591
0.0040462
0.0040183
0.003975
0.0039156
0.0038399
0.0037471
0.003637
0.003509
0.0033626
0.0031974
0.0030128
0.0028084
0.0025838
0.0023384
0.0020718
0.0017835
0.001473
0.0011399
0.00078365
0.00040385
