-0.00019346
-0.00022691
-0.00023812
-0.00024271
-0.00024475
-0.00024568
-0.00024608
-0.00024622
-0.00024622
-0.00024616
-0.00024605
-0.00024592
-0.00024579
-0.00024564
-0.00024549
-0.00024534
-0.00024518
-0.00024503
-0.00024488
-0.00024472
-0.00024457
-0.00024441
-0.00024426
-0.0002441
-0.00024395
-0.00024379
-0.00024364
-0.00024348
-0.00024333
-0.00024317
-0.00024302
-0.00024286
-0.00024271
-0.00024255
-0.0002424
-0.00024224
-0.00024209
-0.00024193
-0.00024178
-0.00024162
-0.00024147
-0.00024131
-0.00024116
-0.000241
-0.00024085
-0.00024069
-0.00024054
-0.00024038
-0.00024023
-0.00024007
-0.00023992
-0.00023976
-0.00023961
-0.00023945
-0.0002393
-0.00023914
-0.00023899
-0.00023883
-0.00023868
-0.00023853
-0.00023837
-0.00023822
-0.00023806
-0.00023791
-0.00023775
-0.0002376
-0.00023744
-0.00023729
-0.00023713
-0.00023698
-0.00023682
-0.00023667
-0.00023651
-0.00023636
-0.0002362
-0.00023605
-0.00023589
-0.00023574
-0.00023558
-0.00023543
-0.00023527
-0.00023512
-0.00023496
-0.00023481
-0.00023465
-0.0002345
-0.00023434
-0.00023419
-0.00023403
-0.00023388
-0.00023372
-0.00023357
-0.00023341
-0.00023326
-0.0002331
-0.00023295
-0.00023279
-0.00023264
-0.00023248
-0.00023233
-0.00023217
-0.00023202
-0.00023186
-0.00023171
-0.00023155
-0.0002314
-0.00023124
-0.00023109
-0.00023093
-0.00023078
-0.00023062
-0.00023047
-0.00023031
-0.00023016
-0.00023
-0.00022985
-0.00022969
-0.00022954
-0.00022938
-0.00022923
-0.00022907
-0.00022892
-0.00022876
-0.00022861
-0.00022845
-0.0002283
-0.00022814
-0.00022799
-0.00022784
-0.00022768
-0.00022753
-0.00022737
-0.00022722
-0.00022706
-0.00022691
-0.00022675
-0.0002266
-0.00022644
-0.00022629
-0.00022613
-0.00022598
-0.00022582
-0.00022567
-0.00022551
-0.00022536
-0.0002252
-0.00022505
-0.00022489
-0.00022474
-0.00022458
-0.00022443
-0.00022427
-0.00022412
-0.00022396
-0.00022381
-0.00022365
-0.0002235
-0.00022334
-0.00022319
-0.00022303
-0.00022288
-0.00022272
-0.00022257
-0.00022241
-0.00022226
-0.0002221
-0.00022195
-0.00022179
-0.00022164
-0.00022148
-0.00022133
-0.00022117
-0.00022102
-0.00022086
-0.00022071
-0.00022055
-0.0002204
-0.00022024
-0.00022009
-0.00021993
-0.00021978
-0.00021962
-0.00021947
-0.00021931
-0.00021916
-0.000219
-0.00021885
-0.00021869
-0.00021854
-0.00021838
-0.00021823
-0.00021807
-0.00021792
-0.00021776
-0.00021761
-0.00021745
-0.0002173
-0.00021715
-0.00021699
-0.00021684
-0.00021668
-0.00021653
-0.00021637
-0.00021622
-0.00021606
-0.00021591
-0.00021575
-0.0002156
-0.00021544
-0.00021529
-0.00021513
-0.00021498
-0.00021482
-0.00021467
-0.00021451
-0.00021436
-0.0002142
-0.00021405
-0.00021389
-0.00021374
-0.00021358
-0.00021343
-0.00021327
-0.00021312
-0.00021296
-0.00021281
-0.00021265
-0.0002125
-0.00021234
-0.00021219
-0.00021203
-0.00021188
-0.00021172
-0.00021157
-0.00021141
-0.00021126
-0.0002111
-0.00021095
-0.00021079
-0.00021064
-0.00021048
-0.00021033
-0.00021017
-0.00021002
-0.00020986
-0.00020971
-0.00020955
-0.0002094
-0.00020924
-0.00020909
-0.00020893
-0.00020878
-0.00020862
-0.00020847
-0.00020831
-0.00020816
-0.000208
-0.00020785
-0.00020769
-0.00020754
-0.00020738
-0.00020723
-0.00020707
-0.00020692
-0.00020676
-0.00020661
-0.00020646
-0.0002063
-0.00020615
-0.00020599
-0.00020584
-0.00020568
-0.00020553
-0.00020537
-0.00020522
-0.00020506
-0.00020491
-0.00020475
-0.0002046
-0.00020444
-0.00020429
-0.00020413
-0.00020398
-0.00020382
-0.00020367
-0.00020351
-0.00020336
-0.0002032
-0.00020305
-0.00020289
-0.00020274
-0.00020258
-0.00020243
-0.00020227
-0.00020212
-0.00020196
-0.00020181
-0.00020165
-0.0002015
-0.00020134
-0.00020119
-0.00020103
-0.00020088
-0.00020072
-0.00020057
-0.00020041
-0.00020026
-0.0002001
-0.00019995
-0.00019979
-0.00019964
-0.00019948
-0.00019933
-0.00019917
-0.00019902
-0.00019886
-0.00019871
-0.00019855
-0.0001984
-0.00019824
-0.00019809
-0.00019793
-0.00019778
-0.00019762
-0.00019747
-0.00019731
-0.00019716
-0.000197
-0.00019685
-0.00019669
-0.00019654
-0.00019638
-0.00019623
-0.00019607
-0.00019592
-0.00019577
-0.00019561
-0.00019546
-0.0001953
-0.00019515
-0.00019499
-0.00019484
-0.00019468
-0.00019453
-0.00019437
-0.00019422
-0.00019406
-0.00019391
-0.00019375
-0.0001936
-0.00019344
-0.00019329
-0.00019313
-0.00019298
-0.00019282
-0.00019267
-0.00019251
-0.00019236
-0.0001922
-0.00019205
-0.00019189
-0.00019174
-0.00019158
-0.00019143
-0.00019127
-0.00019112
-0.00019096
-0.00019081
-0.00019065
-0.0001905
-0.00019034
-0.00019019
-0.00019003
-0.00018988
-0.00018972
-0.00018957
-0.00018941
-0.00018926
-0.0001891
-0.00018895
-0.00018879
-0.00018864
-0.00018848
-0.00018833
-0.00018817
-0.00018802
-0.00018786
-0.00018771
-0.00018755
-0.0001874
-0.00018724
-0.00018709
-0.00018693
-0.00018678
-0.00018662
-0.00018647
-0.00018631
-0.00018616
-0.000186
-0.00018585
-0.00018569
-0.00018554
-0.00018538
-0.00018523
-0.00018508
-0.00018492
-0.00018477
-0.00018461
-0.00018446
-0.0001843
-0.00018415
-0.00018399
-0.00018384
-0.00018368
-0.00018353
-0.00018337
-0.00018322
-0.00018306
-0.00018291
-0.00018275
-0.0001826
-0.00018244
-0.00018229
-0.00018213
-0.00018198
-0.00018182
-0.00018167
-0.00018151
-0.00018136
-0.0001812
-0.00018105
-0.00018089
-0.00018074
-0.00018058
-0.00018043
-0.00018027
-0.00018012
-0.00017996
-0.00017981
-0.00017965
-0.0001795
-0.00017934
-0.00017919
-0.00017903
-0.00017888
-0.00017872
-0.00017857
-0.00017841
-0.00017826
-0.0001781
-0.00017795
-0.00017779
-0.00017764
-0.00017748
-0.00017733
-0.00017717
-0.00017702
-0.00017686
-0.00017671
-0.00017655
-0.0001764
-0.00017624
-0.00017609
-0.00017593
-0.00017578
-0.00017562
-0.00017547
-0.00017531
-0.00017516
-0.000175
-0.00017485
-0.00017469
-0.00017454
-0.00017439
-0.00017423
-0.00017408
-0.00017392
-0.00017377
-0.00017361
-0.00017346
-0.0001733
-0.00017315
-0.00017299
-0.00017284
-0.00017268
-0.00017253
-0.00017237
-0.00017222
-0.00017206
-0.00017191
-0.00017175
-0.0001716
-0.00017144
-0.00017129
-0.00017113
-0.00017098
-0.00017082
-0.00017067
-0.00017051
-0.00017036
-0.0001702
-0.00017005
-0.00016989
-0.00016974
-0.00016958
-0.00016943
-0.00016927
-0.00016912
-0.00016896
-0.00016881
-0.00016865
-0.0001685
-0.00016834
-0.00016819
-0.00016803
-0.00016788
-0.00016772
-0.00016757
-0.00016741
-0.00016726
-0.0001671
-0.00016695
-0.00016679
-0.00016664
-0.00016648
-0.00016633
-0.00016617
-0.00016602
-0.00016586
-0.00016571
-0.00016555
-0.0001654
-0.00016524
-0.00016509
-0.00016493
-0.00016478
-0.00016462
-0.00016447
-0.00016431
-0.00016416
-0.000164
-0.00016385
-0.0001637
-0.00016354
-0.00016339
-0.00016323
-0.00016308
-0.00016292
-0.00016277
-0.00016261
-0.00016246
-0.0001623
-0.00016215
-0.00016199
-0.00016184
-0.00016168
-0.00016153
-0.00016137
-0.00016122
-0.00016106
-0.00016091
-0.00016075
-0.0001606
-0.00016044
-0.00016029
-0.00016013
-0.00015998
-0.00015982
-0.00015967
-0.00015951
-0.00015936
-0.0001592
-0.00015905
-0.00015889
-0.00015874
-0.00015858
-0.00015843
-0.00015827
-0.00015812
-0.00015796
-0.00015781
-0.00015765
-0.0001575
-0.00015734
-0.00015719
-0.00015703
-0.00015688
-0.00015672
-0.00015657
-0.00015641
-0.00015626
-0.0001561
-0.00015595
-0.00015579
-0.00015564
-0.00015548
-0.00015533
-0.00015517
-0.00015502
-0.00015486
-0.00015471
-0.00015455
-0.0001544
-0.00015424
-0.00015409
-0.00015393
-0.00015378
-0.00015362
-0.00015347
-0.00015331
-0.00015316
-0.00015301
-0.00015285
-0.0001527
-0.00015254
-0.00015239
-0.00015223
-0.00015208
-0.00015192
-0.00015177
-0.00015161
-0.00015146
-0.0001513
-0.00015115
-0.00015099
-0.00015084
-0.00015068
-0.00015053
-0.00015037
-0.00015022
-0.00015006
-0.00014991
-0.00014975
-0.0001496
-0.00014944
-0.00014929
-0.00014913
-0.00014898
-0.00014882
-0.00014867
-0.00014851
-0.00014836
-0.0001482
-0.00014805
-0.00014789
-0.00014774
-0.00014758
-0.00014743
-0.00014727
-0.00014712
-0.00014696
-0.00014681
-0.00014665
-0.0001465
-0.00014634
-0.00014619
-0.00014603
-0.00014588
-0.00014572
-0.00014557
-0.00014541
-0.00014526
-0.0001451
-0.00014495
-0.00014479
-0.00014464
-0.00014448
-0.00014433
-0.00014417
-0.00014402
-0.00014386
-0.00014371
-0.00014355
-0.0001434
-0.00014324
-0.00014309
-0.00014293
-0.00014278
-0.00014262
-0.00014247
-0.00014231
-0.00014216
-0.00014201
-0.00014185
-0.0001417
-0.00014154
-0.00014139
-0.00014123
-0.00014108
-0.00014092
-0.00014077
-0.00014061
-0.00014046
-0.0001403
-0.00014015
-0.00013999
-0.00013984
-0.00013968
-0.00013953
-0.00013937
-0.00013922
-0.00013906
-0.00013891
-0.00013875
-0.0001386
-0.00013844
-0.00013829
-0.00013813
-0.00013798
-0.00013782
-0.00013767
-0.00013751
-0.00013736
-0.0001372
-0.00013705
-0.00013689
-0.00013674
-0.00013658
-0.00013643
-0.00013627
-0.00013612
-0.00013596
-0.00013581
-0.00013565
-0.0001355
-0.00013534
-0.00013519
-0.00013503
-0.00013488
-0.00013472
-0.00013457
-0.00013441
-0.00013426
-0.0001341
-0.00013395
-0.00013379
-0.00013364
-0.00013348
-0.00013333
-0.00013317
-0.00013302
-0.00013286
-0.00013271
-0.00013255
-0.0001324
-0.00013224
-0.00013209
-0.00013193
-0.00013178
-0.00013162
-0.00013147
-0.00013132
-0.00013116
-0.00013101
-0.00013085
-0.0001307
-0.00013054
-0.00013039
-0.00013023
-0.00013008
-0.00012992
-0.00012977
-0.00012961
-0.00012946
-0.0001293
-0.00012915
-0.00012899
-0.00012884
-0.00012868
-0.00012853
-0.00012837
-0.00012822
-0.00012806
-0.00012791
-0.00012775
-0.0001276
-0.00012744
-0.00012729
-0.00012713
-0.00012698
-0.00012682
-0.00012667
-0.00012651
-0.00012636
-0.0001262
-0.00012605
-0.00012589
-0.00012574
-0.00012558
-0.00012543
-0.00012527
-0.00012512
-0.00012496
-0.00012481
-0.00012465
-0.0001245
-0.00012434
-0.00012419
-0.00012403
-0.00012388
-0.00012372
-0.00012357
-0.00012341
-0.00012326
-0.0001231
-0.00012295
-0.00012279
-0.00012264
-0.00012248
-0.00012233
-0.00012217
-0.00012202
-0.00012186
-0.00012171
-0.00012155
-0.0001214
-0.00012124
-0.00012109
-0.00012093
-0.00012078
-0.00012063
-0.00012047
-0.00012032
-0.00012016
-0.00012001
-0.00011985
-0.0001197
-0.00011954
-0.00011939
-0.00011923
-0.00011908
-0.00011892
-0.00011877
-0.00011861
-0.00011846
-0.0001183
-0.00011815
-0.00011799
-0.00011784
-0.00011768
-0.00011753
-0.00011737
-0.00011722
-0.00011706
-0.00011691
-0.00011675
-0.0001166
-0.00011644
-0.00011629
-0.00011613
-0.00011598
-0.00011582
-0.00011567
-0.00011551
-0.00011536
-0.0001152
-0.00011505
-0.00011489
-0.00011474
-0.00011458
-0.00011443
-0.00011427
-0.00011412
-0.00011396
-0.00011381
-0.00011365
-0.0001135
-0.00011334
-0.00011319
-0.00011303
-0.00011288
-0.00011272
-0.00011257
-0.00011241
-0.00011226
-0.0001121
-0.00011195
-0.00011179
-0.00011164
-0.00011148
-0.00011133
-0.00011117
-0.00011102
-0.00011086
-0.00011071
-0.00011055
-0.0001104
-0.00011024
-0.00011009
-0.00010994
-0.00010978
-0.00010963
-0.00010947
-0.00010932
-0.00010916
-0.00010901
-0.00010885
-0.0001087
-0.00010854
-0.00010839
-0.00010823
-0.00010808
-0.00010792
-0.00010777
-0.00010761
-0.00010746
-0.0001073
-0.00010715
-0.00010699
-0.00010684
-0.00010668
-0.00010653
-0.00010637
-0.00010622
-0.00010606
-0.00010591
-0.00010575
-0.0001056
-0.00010544
-0.00010529
-0.00010513
-0.00010498
-0.00010482
-0.00010467
-0.00010451
-0.00010436
-0.0001042
-0.00010405
-0.00010389
-0.00010374
-0.00010358
-0.00010343
-0.00010327
-0.00010312
-0.00010296
-0.00010281
-0.00010265
-0.0001025
-0.00010234
-0.00010219
-0.00010203
-0.00010188
-0.00010172
-0.00010157
-0.00010141
-0.00010126
-0.0001011
-0.00010095
-0.00010079
-0.00010064
-0.00010048
-0.00010033
-0.00010017
-0.00010002
-9.9865e-05
-9.971e-05
-9.9555e-05
-9.94e-05
-9.9245e-05
-9.909e-05
-9.8935e-05
-9.878e-05
-9.8625e-05
-9.847e-05
-9.8316e-05
-9.8161e-05
-9.8006e-05
-9.7851e-05
-9.7696e-05
-9.7541e-05
-9.7386e-05
-9.7231e-05
-9.7076e-05
-9.6921e-05
-9.6766e-05
-9.6611e-05
-9.6456e-05
-9.6301e-05
-9.6147e-05
-9.5992e-05
-9.5837e-05
-9.5682e-05
-9.5527e-05
-9.5372e-05
-9.5217e-05
-9.5062e-05
-9.4907e-05
-9.4752e-05
-9.4597e-05
-9.4442e-05
-9.4287e-05
-9.4132e-05
-9.3978e-05
-9.3823e-05
-9.3668e-05
-9.3513e-05
-9.3358e-05
-9.3203e-05
-9.3048e-05
-9.2893e-05
-9.2738e-05
-9.2583e-05
-9.2428e-05
-9.2273e-05
-9.2118e-05
-9.1964e-05
-9.1809e-05
-9.1654e-05
-9.1499e-05
-9.1344e-05
-9.1189e-05
-9.1034e-05
-9.0879e-05
-9.0724e-05
-9.0569e-05
-9.0414e-05
-9.0259e-05
-9.0104e-05
-8.9949e-05
-8.9795e-05
-8.964e-05
-8.9485e-05
-8.933e-05
-8.9175e-05
-8.902e-05
-8.8865e-05
-8.871e-05
-8.8555e-05
-8.84e-05
-8.8245e-05
-8.809e-05
-8.7935e-05
-8.778e-05
-8.7626e-05
-8.7471e-05
-8.7316e-05
-8.7161e-05
-8.7006e-05
-8.6851e-05
-8.6696e-05
-8.6541e-05
-8.6386e-05
-8.6231e-05
-8.6076e-05
-8.5921e-05
-8.5766e-05
-8.5611e-05
-8.5457e-05
-8.5302e-05
-8.5147e-05
-8.4992e-05
-8.4837e-05
-8.4682e-05
-8.4527e-05
-8.4372e-05
-8.4217e-05
-8.4062e-05
-8.3907e-05
-8.3752e-05
-8.3597e-05
-8.3442e-05
-8.3288e-05
-8.3133e-05
-8.2978e-05
-8.2823e-05
-8.2668e-05
-8.2513e-05
-8.2358e-05
-8.2203e-05
-8.2048e-05
-8.1893e-05
-8.1738e-05
-8.1583e-05
-8.1428e-05
-8.1273e-05
-8.1119e-05
-8.0964e-05
-8.0809e-05
-8.0654e-05
-8.0499e-05
-8.0344e-05
-8.0189e-05
-8.0034e-05
-7.9879e-05
-7.9724e-05
-7.9569e-05
-7.9414e-05
-7.9259e-05
-7.9105e-05
-7.895e-05
-7.8795e-05
-7.864e-05
-7.8485e-05
-7.833e-05
-7.8175e-05
-7.802e-05
-7.7865e-05
-7.771e-05
-7.7555e-05
-7.74e-05
-7.7245e-05
-7.709e-05
-7.6936e-05
-7.6781e-05
-7.6626e-05
-7.6471e-05
-7.6316e-05
-7.6161e-05
-7.6006e-05
-7.5851e-05
-7.5696e-05
-7.5541e-05
-7.5386e-05
-7.5231e-05
-7.5076e-05
-7.4921e-05
-7.4767e-05
-7.4612e-05
-7.4457e-05
-7.4302e-05
-7.4147e-05
-7.3992e-05
-7.3837e-05
-7.3682e-05
-7.3527e-05
-7.3372e-05
-7.3217e-05
-7.3062e-05
-7.2907e-05
-7.2752e-05
-7.2598e-05
-7.2443e-05
-7.2288e-05
-7.2133e-05
-7.1978e-05
-7.1823e-05
-7.1668e-05
-7.1513e-05
-7.1358e-05
-7.1203e-05
-7.1048e-05
-7.0893e-05
-7.0738e-05
-7.0583e-05
-7.0429e-05
-7.0274e-05
-7.0119e-05
-6.9964e-05
-6.9809e-05
-6.9654e-05
-6.9499e-05
-6.9344e-05
-6.9189e-05
-6.9034e-05
-6.8879e-05
-6.8724e-05
-6.8569e-05
-6.8414e-05
-6.826e-05
-6.8105e-05
-6.795e-05
-6.7795e-05
-6.764e-05
-6.7485e-05
-6.733e-05
-6.7175e-05
-6.702e-05
-6.6865e-05
-6.671e-05
-6.6555e-05
-6.64e-05
-6.6246e-05
-6.6091e-05
-6.5936e-05
-6.5781e-05
-6.5626e-05
-6.5471e-05
-6.5316e-05
-6.5161e-05
-6.5006e-05
-6.4851e-05
-6.4696e-05
-6.4541e-05
-6.4386e-05
-6.4231e-05
-6.4077e-05
-6.3922e-05
-6.3767e-05
-6.3612e-05
-6.3457e-05
-6.3302e-05
-6.3147e-05
-6.2992e-05
-6.2837e-05
-6.2682e-05
-6.2527e-05
-6.2372e-05
-6.2217e-05
-6.2062e-05
-6.1908e-05
-6.1753e-05
-6.1598e-05
-6.1443e-05
-6.1288e-05
-6.1133e-05
-6.0978e-05
-6.0823e-05
-6.0668e-05
-6.0513e-05
-6.0358e-05
-6.0203e-05
-6.0048e-05
-5.9893e-05
-5.9739e-05
-5.9584e-05
-5.9429e-05
-5.9274e-05
-5.9119e-05
-5.8964e-05
-5.8809e-05
-5.8654e-05
-5.8499e-05
-5.8344e-05
-5.8189e-05
-5.8034e-05
-5.7879e-05
-5.7724e-05
-5.757e-05
-5.7415e-05
-5.726e-05
-5.7105e-05
-5.695e-05
-5.6795e-05
-5.664e-05
-5.6485e-05
-5.633e-05
-5.6175e-05
-5.602e-05
-5.5865e-05
-5.571e-05
-5.5556e-05
-5.5401e-05
-5.5246e-05
-5.5091e-05
-5.4936e-05
-5.4781e-05
-5.4626e-05
-5.4471e-05
-5.4316e-05
-5.4161e-05
-5.4006e-05
-5.3851e-05
-5.3696e-05
-5.3541e-05
-5.3387e-05
-5.3232e-05
-5.3077e-05
-5.2922e-05
-5.2767e-05
-5.2612e-05
-5.2457e-05
-5.2302e-05
-5.2147e-05
-5.1992e-05
-5.1837e-05
-5.1682e-05
-5.1527e-05
-5.1372e-05
-5.1218e-05
-5.1063e-05
-5.0908e-05
-5.0753e-05
-5.0598e-05
-5.0443e-05
-5.0288e-05
-5.0133e-05
-4.9978e-05
-4.9823e-05
-4.9668e-05
-4.9513e-05
-4.9358e-05
-4.9203e-05
-4.9049e-05
-4.8894e-05
-4.8739e-05
-4.8584e-05
-4.8429e-05
-4.8274e-05
-4.8119e-05
-4.7964e-05
-4.7809e-05
-4.7654e-05
-4.7499e-05
-4.7344e-05
-4.7189e-05
-4.7034e-05
-4.688e-05
-4.6725e-05
-4.657e-05
-4.6415e-05
-4.626e-05
-4.6105e-05
-4.595e-05
-4.5795e-05
-4.564e-05
-4.5485e-05
-4.533e-05
-4.5175e-05
-4.502e-05
-4.4865e-05
-4.4711e-05
-4.4556e-05
-4.4401e-05
-4.4246e-05
-4.4091e-05
-4.3936e-05
-4.3781e-05
-4.3626e-05
-4.3471e-05
-4.3316e-05
-4.3161e-05
-4.3006e-05
-4.2851e-05
-4.2697e-05
-4.2542e-05
-4.2387e-05
-4.2232e-05
-4.2077e-05
-4.1922e-05
-4.1767e-05
-4.1612e-05
-4.1457e-05
-4.1302e-05
-4.1147e-05
-4.0992e-05
-4.0837e-05
-4.0682e-05
-4.0528e-05
-4.0373e-05
-4.0218e-05
-4.0063e-05
-3.9908e-05
-3.9753e-05
-3.9598e-05
-3.9443e-05
-3.9288e-05
-3.9133e-05
-3.8978e-05
-3.8823e-05
-3.8668e-05
-3.8513e-05
-3.8359e-05
-3.8204e-05
-3.8049e-05
-3.7894e-05
-3.7739e-05
-3.7584e-05
-3.7429e-05
-3.7274e-05
-3.7119e-05
-3.6964e-05
-3.6809e-05
-3.6654e-05
-3.6499e-05
-3.6344e-05
-3.619e-05
-3.6035e-05
-3.588e-05
-3.5725e-05
-3.557e-05
-3.5415e-05
-3.526e-05
-3.5105e-05
-3.495e-05
-3.4795e-05
-3.464e-05
-3.4485e-05
-3.433e-05
-3.4175e-05
-3.4021e-05
-3.3866e-05
-3.3711e-05
-3.3556e-05
-3.3401e-05
-3.3246e-05
-3.3091e-05
-3.2936e-05
-3.2781e-05
-3.2626e-05
-3.2471e-05
-3.2316e-05
-3.2161e-05
-3.2006e-05
-3.1852e-05
-3.1697e-05
-3.1542e-05
-3.1387e-05
-3.1232e-05
-3.1077e-05
-3.0922e-05
-3.0767e-05
-3.0612e-05
-3.0457e-05
-3.0302e-05
-3.0147e-05
-2.9992e-05
-2.9838e-05
-2.9683e-05
-2.9528e-05
-2.9373e-05
-2.9218e-05
-2.9063e-05
-2.8908e-05
-2.8753e-05
-2.8598e-05
-2.8443e-05
-2.8288e-05
-2.8133e-05
-2.7978e-05
-2.7823e-05
-2.7669e-05
-2.7514e-05
-2.7359e-05
-2.7204e-05
-2.7049e-05
-2.6894e-05
-2.6739e-05
-2.6584e-05
-2.6429e-05
-2.6274e-05
-2.6119e-05
-2.5964e-05
-2.5809e-05
-2.5654e-05
-2.55e-05
-2.5345e-05
-2.519e-05
-2.5035e-05
-2.488e-05
-2.4725e-05
-2.457e-05
-2.4415e-05
-2.426e-05
-2.4105e-05
-2.395e-05
-2.3795e-05
-2.364e-05
-2.3485e-05
-2.3331e-05
-2.3176e-05
-2.3021e-05
-2.2866e-05
-2.2711e-05
-2.2556e-05
-2.2401e-05
-2.2246e-05
-2.2091e-05
-2.1936e-05
-2.1781e-05
-2.1626e-05
-2.1471e-05
-2.1316e-05
-2.1162e-05
-2.1007e-05
-2.0852e-05
-2.0697e-05
-2.0542e-05
-2.0387e-05
-2.0232e-05
-2.0077e-05
-1.9922e-05
-1.9767e-05
-1.9612e-05
-1.9457e-05
-1.9302e-05
-1.9148e-05
-1.8993e-05
-1.8838e-05
-1.8683e-05
-1.8528e-05
-1.8373e-05
-1.8218e-05
-1.8063e-05
-1.7908e-05
-1.7753e-05
-1.7598e-05
-1.7443e-05
-1.7288e-05
-1.7133e-05
-1.6979e-05
-1.6824e-05
-1.6669e-05
-1.6514e-05
-1.6359e-05
-1.6204e-05
-1.6049e-05
-1.5894e-05
-1.5739e-05
-1.5584e-05
-1.5429e-05
-1.5274e-05
-1.5119e-05
-1.4964e-05
-1.481e-05
-1.4655e-05
-1.45e-05
-1.4345e-05
-1.419e-05
-1.4035e-05
-1.388e-05
-1.3725e-05
-1.357e-05
-1.3415e-05
-1.326e-05
-1.3105e-05
-1.295e-05
-1.2795e-05
-1.2641e-05
-1.2486e-05
-1.2331e-05
-1.2176e-05
-1.2021e-05
-1.1866e-05
-1.1711e-05
-1.1556e-05
-1.1401e-05
-1.1246e-05
-1.1091e-05
-1.0936e-05
-1.0781e-05
-1.0626e-05
-1.0472e-05
-1.0317e-05
-1.0162e-05
-1.0007e-05
-9.8518e-06
-9.6969e-06
-9.542e-06
-9.3871e-06
-9.2321e-06
-9.0772e-06
-8.9223e-06
-8.7673e-06
-8.6124e-06
-8.4575e-06
-8.3026e-06
-8.1476e-06
-7.9927e-06
-7.8378e-06
-7.6829e-06
-7.5279e-06
-7.373e-06
-7.2181e-06
-7.0631e-06
-6.9082e-06
-6.7533e-06
-6.5984e-06
-6.4434e-06
-6.2885e-06
-6.1336e-06
-5.9787e-06
-5.8237e-06
-5.6688e-06
-5.5139e-06
-5.3589e-06
-5.204e-06
-5.0491e-06
-4.8942e-06
-4.7392e-06
-4.5843e-06
-4.4294e-06
-4.2744e-06
-4.1195e-06
-3.9646e-06
-3.8097e-06
-3.6547e-06
-3.4998e-06
-3.3449e-06
-3.19e-06
-3.035e-06
-2.8801e-06
-2.7252e-06
-2.5702e-06
-2.4153e-06
-2.2604e-06
-2.1055e-06
-1.9505e-06
-1.7956e-06
-1.6407e-06
-1.4857e-06
-1.3308e-06
-1.1759e-06
-1.021e-06
-8.6604e-07
-7.1111e-07
-5.5618e-07
-4.0126e-07
-2.4633e-07
-9.14e-08
6.3528e-08
2.1846e-07
3.7338e-07
5.2831e-07
6.8324e-07
8.3817e-07
9.9309e-07
1.148e-06
1.3029e-06
1.4579e-06
1.6128e-06
1.7677e-06
1.9227e-06
2.0776e-06
2.2325e-06
2.3874e-06
2.5424e-06
2.6973e-06
2.8522e-06
3.0072e-06
3.1621e-06
3.317e-06
3.4719e-06
3.6269e-06
3.7818e-06
3.9367e-06
4.0916e-06
4.2466e-06
4.4015e-06
4.5564e-06
4.7114e-06
4.8663e-06
5.0212e-06
5.1761e-06
5.3311e-06
5.486e-06
5.6409e-06
5.7959e-06
5.9508e-06
6.1057e-06
6.2606e-06
6.4156e-06
6.5705e-06
6.7254e-06
6.8803e-06
7.0353e-06
7.1902e-06
7.3451e-06
7.5001e-06
7.655e-06
7.8099e-06
7.9648e-06
8.1198e-06
8.2747e-06
8.4296e-06
8.5845e-06
8.7395e-06
8.8944e-06
9.0493e-06
9.2043e-06
9.3592e-06
9.5141e-06
9.669e-06
9.824e-06
9.9789e-06
1.0134e-05
1.0289e-05
1.0444e-05
1.0599e-05
1.0754e-05
1.0908e-05
1.1063e-05
1.1218e-05
1.1373e-05
1.1528e-05
1.1683e-05
1.1838e-05
1.1993e-05
1.2148e-05
1.2303e-05
1.2458e-05
1.2613e-05
1.2768e-05
1.2923e-05
1.3077e-05
1.3232e-05
1.3387e-05
1.3542e-05
1.3697e-05
1.3852e-05
1.4007e-05
1.4162e-05
1.4317e-05
1.4472e-05
1.4627e-05
1.4782e-05
1.4937e-05
1.5092e-05
1.5246e-05
1.5401e-05
1.5556e-05
1.5711e-05
1.5866e-05
1.6021e-05
1.6176e-05
1.6331e-05
1.6486e-05
1.6641e-05
1.6796e-05
1.6951e-05
1.7106e-05
1.726e-05
1.7415e-05
1.757e-05
1.7725e-05
1.788e-05
1.8035e-05
1.819e-05
1.8345e-05
1.85e-05
1.8655e-05
1.881e-05
1.8965e-05
1.912e-05
1.9275e-05
1.9429e-05
1.9584e-05
1.9739e-05
1.9894e-05
2.0049e-05
2.0204e-05
2.0359e-05
2.0514e-05
2.0669e-05
2.0824e-05
2.0979e-05
2.1134e-05
2.1289e-05
2.1444e-05
2.1598e-05
2.1753e-05
2.1908e-05
2.2063e-05
2.2218e-05
2.2373e-05
2.2528e-05
2.2683e-05
2.2838e-05
2.2993e-05
2.3148e-05
2.3303e-05
2.3458e-05
2.3613e-05
2.3767e-05
2.3922e-05
2.4077e-05
2.4232e-05
2.4387e-05
2.4542e-05
2.4697e-05
2.4852e-05
2.5007e-05
2.5162e-05
2.5317e-05
2.5472e-05
2.5627e-05
2.5782e-05
2.5936e-05
2.6091e-05
2.6246e-05
2.6401e-05
2.6556e-05
2.6711e-05
2.6866e-05
2.7021e-05
2.7176e-05
2.7331e-05
2.7486e-05
2.7641e-05
2.7796e-05
2.7951e-05
2.8105e-05
2.826e-05
2.8415e-05
2.857e-05
2.8725e-05
2.888e-05
2.9035e-05
2.919e-05
2.9345e-05
2.95e-05
2.9655e-05
2.981e-05
2.9965e-05
3.0119e-05
3.0274e-05
3.0429e-05
3.0584e-05
3.0739e-05
3.0894e-05
3.1049e-05
3.1204e-05
3.1359e-05
3.1514e-05
3.1669e-05
3.1824e-05
3.1979e-05
3.2134e-05
3.2288e-05
3.2443e-05
3.2598e-05
3.2753e-05
3.2908e-05
3.3063e-05
3.3218e-05
3.3373e-05
3.3528e-05
3.3683e-05
3.3838e-05
3.3993e-05
3.4148e-05
3.4303e-05
3.4457e-05
3.4612e-05
3.4767e-05
3.4922e-05
3.5077e-05
3.5232e-05
3.5387e-05
3.5542e-05
3.5697e-05
3.5852e-05
3.6007e-05
3.6162e-05
3.6317e-05
3.6472e-05
3.6626e-05
3.6781e-05
3.6936e-05
3.7091e-05
3.7246e-05
3.7401e-05
3.7556e-05
3.7711e-05
3.7866e-05
3.8021e-05
3.8176e-05
3.8331e-05
3.8486e-05
3.8641e-05
3.8795e-05
3.895e-05
3.9105e-05
3.926e-05
3.9415e-05
3.957e-05
3.9725e-05
3.988e-05
4.0035e-05
4.019e-05
4.0345e-05
4.05e-05
4.0655e-05
4.081e-05
4.0964e-05
4.1119e-05
4.1274e-05
4.1429e-05
4.1584e-05
4.1739e-05
4.1894e-05
4.2049e-05
4.2204e-05
4.2359e-05
4.2514e-05
4.2669e-05
4.2824e-05
4.2978e-05
4.3133e-05
4.3288e-05
4.3443e-05
4.3598e-05
4.3753e-05
4.3908e-05
4.4063e-05
4.4218e-05
4.4373e-05
4.4528e-05
4.4683e-05
4.4838e-05
4.4993e-05
4.5147e-05
4.5302e-05
4.5457e-05
4.5612e-05
4.5767e-05
4.5922e-05
4.6077e-05
4.6232e-05
4.6387e-05
4.6542e-05
4.6697e-05
4.6852e-05
4.7007e-05
4.7162e-05
4.7316e-05
4.7471e-05
4.7626e-05
4.7781e-05
4.7936e-05
4.8091e-05
4.8246e-05
4.8401e-05
4.8556e-05
4.8711e-05
4.8866e-05
4.9021e-05
4.9176e-05
4.9331e-05
4.9485e-05
4.964e-05
4.9795e-05
4.995e-05
5.0105e-05
5.026e-05
5.0415e-05
5.057e-05
5.0725e-05
5.088e-05
5.1035e-05
5.119e-05
5.1345e-05
5.15e-05
5.1654e-05
5.1809e-05
5.1964e-05
5.2119e-05
5.2274e-05
5.2429e-05
5.2584e-05
5.2739e-05
5.2894e-05
5.3049e-05
5.3204e-05
5.3359e-05
5.3514e-05
5.3668e-05
5.3823e-05
5.3978e-05
5.4133e-05
5.4288e-05
5.4443e-05
5.4598e-05
5.4753e-05
5.4908e-05
5.5063e-05
5.5218e-05
5.5373e-05
5.5528e-05
5.5683e-05
5.5837e-05
5.5992e-05
5.6147e-05
5.6302e-05
5.6457e-05
5.6612e-05
5.6767e-05
5.6922e-05
5.7077e-05
5.7232e-05
5.7387e-05
5.7542e-05
5.7697e-05
5.7852e-05
5.8006e-05
5.8161e-05
5.8316e-05
5.8471e-05
5.8626e-05
5.8781e-05
5.8936e-05
5.9091e-05
5.9246e-05
5.9401e-05
5.9556e-05
5.9711e-05
5.9866e-05
6.0021e-05
6.0175e-05
6.033e-05
6.0485e-05
6.064e-05
6.0795e-05
6.095e-05
6.1105e-05
6.126e-05
6.1415e-05
6.157e-05
6.1725e-05
6.188e-05
6.2035e-05
6.219e-05
6.2344e-05
6.2499e-05
6.2654e-05
6.2809e-05
6.2964e-05
6.3119e-05
6.3274e-05
6.3429e-05
6.3584e-05
6.3739e-05
6.3894e-05
6.4049e-05
6.4204e-05
6.4359e-05
6.4513e-05
6.4668e-05
6.4823e-05
6.4978e-05
6.5133e-05
6.5288e-05
6.5443e-05
6.5598e-05
6.5753e-05
6.5908e-05
6.6063e-05
6.6218e-05
6.6373e-05
6.6527e-05
6.6682e-05
6.6837e-05
6.6992e-05
6.7147e-05
6.7302e-05
6.7457e-05
6.7612e-05
6.7767e-05
6.7922e-05
6.8077e-05
6.8232e-05
6.8387e-05
6.8542e-05
6.8696e-05
6.8851e-05
6.9006e-05
6.9161e-05
6.9316e-05
6.9471e-05
6.9626e-05
6.9781e-05
6.9936e-05
7.0091e-05
7.0246e-05
7.0401e-05
7.0556e-05
7.0711e-05
7.0865e-05
7.102e-05
7.1175e-05
7.133e-05
7.1485e-05
7.164e-05
7.1795e-05
7.195e-05
7.2105e-05
7.226e-05
7.2415e-05
7.257e-05
7.2725e-05
7.288e-05
7.3034e-05
7.3189e-05
7.3344e-05
7.3499e-05
7.3654e-05
7.3809e-05
7.3964e-05
7.4119e-05
7.4274e-05
7.4429e-05
7.4584e-05
7.4739e-05
7.4894e-05
7.5049e-05
7.5203e-05
7.5358e-05
7.5513e-05
7.5668e-05
7.5823e-05
7.5978e-05
7.6133e-05
7.6288e-05
7.6443e-05
7.6598e-05
7.6753e-05
7.6908e-05
7.7063e-05
7.7218e-05
7.7372e-05
7.7527e-05
7.7682e-05
7.7837e-05
7.7992e-05
7.8147e-05
7.8302e-05
7.8457e-05
7.8612e-05
7.8767e-05
7.8922e-05
7.9077e-05
7.9232e-05
7.9386e-05
7.9541e-05
7.9696e-05
7.9851e-05
8.0006e-05
8.0161e-05
8.0316e-05
8.0471e-05
8.0626e-05
8.0781e-05
8.0936e-05
8.1091e-05
8.1246e-05
8.1401e-05
8.1555e-05
8.171e-05
8.1865e-05
8.202e-05
8.2175e-05
8.233e-05
8.2485e-05
8.264e-05
8.2795e-05
8.295e-05
8.3105e-05
8.326e-05
8.3415e-05
8.357e-05
8.3724e-05
8.3879e-05
8.4034e-05
8.4189e-05
8.4344e-05
8.4499e-05
8.4654e-05
8.4809e-05
8.4964e-05
8.5119e-05
8.5274e-05
8.5429e-05
8.5584e-05
8.5739e-05
8.5893e-05
8.6048e-05
8.6203e-05
8.6358e-05
8.6513e-05
8.6668e-05
8.6823e-05
8.6978e-05
8.7133e-05
8.7288e-05
8.7443e-05
8.7598e-05
8.7753e-05
8.7908e-05
8.8062e-05
8.8217e-05
8.8372e-05
8.8527e-05
8.8682e-05
8.8837e-05
8.8992e-05
8.9147e-05
8.9302e-05
8.9457e-05
8.9612e-05
8.9767e-05
8.9922e-05
9.0077e-05
9.0231e-05
9.0386e-05
9.0541e-05
9.0696e-05
9.0851e-05
9.1006e-05
9.1161e-05
9.1316e-05
9.1471e-05
9.1626e-05
9.1781e-05
9.1936e-05
9.2091e-05
9.2245e-05
9.24e-05
9.2555e-05
9.271e-05
9.2865e-05
9.302e-05
9.3175e-05
9.333e-05
9.3485e-05
9.364e-05
9.3795e-05
9.395e-05
9.4105e-05
9.426e-05
9.4414e-05
9.4569e-05
9.4724e-05
9.4879e-05
9.5034e-05
9.5189e-05
9.5344e-05
9.5499e-05
9.5654e-05
9.5809e-05
9.5964e-05
9.6119e-05
9.6274e-05
9.6429e-05
9.6583e-05
9.6738e-05
9.6893e-05
9.7048e-05
9.7203e-05
9.7358e-05
9.7513e-05
9.7668e-05
9.7823e-05
9.7978e-05
9.8133e-05
9.8288e-05
9.8443e-05
9.8598e-05
9.8752e-05
9.8907e-05
9.9062e-05
9.9217e-05
9.9372e-05
9.9527e-05
9.9682e-05
9.9837e-05
9.9992e-05
0.00010015
0.0001003
0.00010046
0.00010061
0.00010077
0.00010092
0.00010108
0.00010123
0.00010139
0.00010154
0.0001017
0.00010185
0.00010201
0.00010216
0.00010232
0.00010247
0.00010263
0.00010278
0.00010294
0.00010309
0.00010325
0.0001034
0.00010356
0.00010371
0.00010387
0.00010402
0.00010417
0.00010433
0.00010448
0.00010464
0.00010479
0.00010495
0.0001051
0.00010526
0.00010541
0.00010557
0.00010572
0.00010588
0.00010603
0.00010619
0.00010634
0.0001065
0.00010665
0.00010681
0.00010696
0.00010712
0.00010727
0.00010743
0.00010758
0.00010774
0.00010789
0.00010805
0.0001082
0.00010836
0.00010851
0.00010867
0.00010882
0.00010898
0.00010913
0.00010929
0.00010944
0.0001096
0.00010975
0.00010991
0.00011006
0.00011022
0.00011037
0.00011053
0.00011068
0.00011084
0.00011099
0.00011115
0.0001113
0.00011146
0.00011161
0.00011177
0.00011192
0.00011208
0.00011223
0.00011239
0.00011254
0.0001127
0.00011285
0.00011301
0.00011316
0.00011332
0.00011347
0.00011363
0.00011378
0.00011394
0.00011409
0.00011425
0.0001144
0.00011456
0.00011471
0.00011486
0.00011502
0.00011517
0.00011533
0.00011548
0.00011564
0.00011579
0.00011595
0.0001161
0.00011626
0.00011641
0.00011657
0.00011672
0.00011688
0.00011703
0.00011719
0.00011734
0.0001175
0.00011765
0.00011781
0.00011796
0.00011812
0.00011827
0.00011843
0.00011858
0.00011874
0.00011889
0.00011905
0.0001192
0.00011936
0.00011951
0.00011967
0.00011982
0.00011998
0.00012013
0.00012029
0.00012044
0.0001206
0.00012075
0.00012091
0.00012106
0.00012122
0.00012137
0.00012153
0.00012168
0.00012184
0.00012199
0.00012215
0.0001223
0.00012246
0.00012261
0.00012277
0.00012292
0.00012308
0.00012323
0.00012339
0.00012354
0.0001237
0.00012385
0.00012401
0.00012416
0.00012432
0.00012447
0.00012463
0.00012478
0.00012494
0.00012509
0.00012525
0.0001254
0.00012555
0.00012571
0.00012586
0.00012602
0.00012617
0.00012633
0.00012648
0.00012664
0.00012679
0.00012695
0.0001271
0.00012726
0.00012741
0.00012757
0.00012772
0.00012788
0.00012803
0.00012819
0.00012834
0.0001285
0.00012865
0.00012881
0.00012896
0.00012912
0.00012927
0.00012943
0.00012958
0.00012974
0.00012989
0.00013005
0.0001302
0.00013036
0.00013051
0.00013067
0.00013082
0.00013098
0.00013113
0.00013129
0.00013144
0.0001316
0.00013175
0.00013191
0.00013206
0.00013222
0.00013237
0.00013253
0.00013268
0.00013284
0.00013299
0.00013315
0.0001333
0.00013346
0.00013361
0.00013377
0.00013392
0.00013408
0.00013423
0.00013439
0.00013454
0.0001347
0.00013485
0.00013501
0.00013516
0.00013532
0.00013547
0.00013563
0.00013578
0.00013594
0.00013609
0.00013624
0.0001364
0.00013655
0.00013671
0.00013686
0.00013702
0.00013717
0.00013733
0.00013748
0.00013764
0.00013779
0.00013795
0.0001381
0.00013826
0.00013841
0.00013857
0.00013872
0.00013888
0.00013903
0.00013919
0.00013934
0.0001395
0.00013965
0.00013981
0.00013996
0.00014012
0.00014027
0.00014043
0.00014058
0.00014074
0.00014089
0.00014105
0.0001412
0.00014136
0.00014151
0.00014167
0.00014182
0.00014198
0.00014213
0.00014229
0.00014244
0.0001426
0.00014275
0.00014291
0.00014306
0.00014322
0.00014337
0.00014353
0.00014368
0.00014384
0.00014399
0.00014415
0.0001443
0.00014446
0.00014461
0.00014477
0.00014492
0.00014508
0.00014523
0.00014539
0.00014554
0.0001457
0.00014585
0.00014601
0.00014616
0.00014632
0.00014647
0.00014663
0.00014678
0.00014693
0.00014709
0.00014724
0.0001474
0.00014755
0.00014771
0.00014786
0.00014802
0.00014817
0.00014833
0.00014848
0.00014864
0.00014879
0.00014895
0.0001491
0.00014926
0.00014941
0.00014957
0.00014972
0.00014988
0.00015003
0.00015019
0.00015034
0.0001505
0.00015065
0.00015081
0.00015096
0.00015112
0.00015127
0.00015143
0.00015158
0.00015174
0.00015189
0.00015205
0.0001522
0.00015236
0.00015251
0.00015267
0.00015282
0.00015298
0.00015313
0.00015329
0.00015344
0.0001536
0.00015375
0.00015391
0.00015406
0.00015422
0.00015437
0.00015453
0.00015468
0.00015484
0.00015499
0.00015515
0.0001553
0.00015546
0.00015561
0.00015577
0.00015592
0.00015608
0.00015623
0.00015639
0.00015654
0.0001567
0.00015685
0.00015701
0.00015716
0.00015732
0.00015747
0.00015762
0.00015778
0.00015793
0.00015809
0.00015824
0.0001584
0.00015855
0.00015871
0.00015886
0.00015902
0.00015917
0.00015933
0.00015948
0.00015964
0.00015979
0.00015995
0.0001601
0.00016026
0.00016041
0.00016057
0.00016072
0.00016088
0.00016103
0.00016119
0.00016134
0.0001615
0.00016165
0.00016181
0.00016196
0.00016212
0.00016227
0.00016243
0.00016258
0.00016274
0.00016289
0.00016305
0.0001632
0.00016336
0.00016351
0.00016367
0.00016382
0.00016398
0.00016413
0.00016429
0.00016444
0.0001646
0.00016475
0.00016491
0.00016506
0.00016522
0.00016537
0.00016553
0.00016568
0.00016584
0.00016599
0.00016615
0.0001663
0.00016646
0.00016661
0.00016677
0.00016692
0.00016708
0.00016723
0.00016739
0.00016754
0.0001677
0.00016785
0.00016801
0.00016816
0.00016831
0.00016847
0.00016862
0.00016878
0.00016893
0.00016909
0.00016924
0.0001694
0.00016955
0.00016971
0.00016986
0.00017002
0.00017017
0.00017033
0.00017048
0.00017064
0.00017079
0.00017095
0.0001711
0.00017126
0.00017141
0.00017157
0.00017172
0.00017188
0.00017203
0.00017219
0.00017234
0.0001725
0.00017265
0.00017281
0.00017296
0.00017312
0.00017327
0.00017343
0.00017358
0.00017374
0.00017389
0.00017405
0.0001742
0.00017436
0.00017451
0.00017467
0.00017482
0.00017498
0.00017513
0.00017529
0.00017544
0.0001756
0.00017575
0.00017591
0.00017606
0.00017622
0.00017637
0.00017653
0.00017668
0.00017684
0.00017699
0.00017715
0.0001773
0.00017746
0.00017761
0.00017777
0.00017792
0.00017808
0.00017823
0.00017839
0.00017854
0.00017869
0.00017885
0.000179
0.00017916
0.00017931
0.00017947
0.00017962
0.00017978
0.00017993
0.00018009
0.00018024
0.0001804
0.00018055
0.00018071
0.00018086
0.00018102
0.00018117
0.00018133
0.00018148
0.00018164
0.00018179
0.00018195
0.0001821
0.00018226
0.00018241
0.00018257
0.00018272
0.00018288
0.00018303
0.00018319
0.00018334
0.0001835
0.00018365
0.00018381
0.00018396
0.00018412
0.00018427
0.00018443
0.00018458
0.00018474
0.00018489
0.00018505
0.0001852
0.00018535
0.00018551
0.00018566
0.00018582
0.00018597
0.00018613
0.00018628
0.00018644
0.00018659
0.00018675
0.0001869
0.00018706
0.00018721
0.00018737
0.00018752
0.00018768
0.00018783
0.00018799
0.00018814
0.0001883
0.00018845
0.0001886
0.00018876
0.00018891
0.00018907
0.00018922
0.00018938
0.00018953
0.00018969
0.00018984
0.00019
0.00019015
0.00019031
0.00019046
0.00019061
0.00019077
0.00019092
0.00019108
0.00019123
0.00019139
0.00019154
0.00019169
0.00019185
0.000192
0.00019216
0.00019231
0.00019247
0.00019262
0.00019277
0.00019293
0.00019308
0.00019324
0.00019339
0.00019354
0.0001937
0.00019385
0.00019401
0.00019416
0.00019431
0.00019447
0.00019462
0.00019477
0.00019493
0.00019508
0.00019524
0.00019539
0.00019554
0.0001957
0.00019585
0.000196
0.00019615
0.00019631
0.00019646
0.00019661
0.00019677
0.00019692
0.00019707
0.00019722
0.00019738
0.00019753
0.00019768
0.00019783
0.00019799
0.00019814
0.00019829
0.00019844
0.00019859
0.00019874
0.0001989
0.00019905
0.0001992
0.00019935
0.0001995
0.00019965
0.0001998
0.00019995
0.0002001
0.00020025
0.0002004
0.00020055
0.0002007
0.00020085
0.000201
0.00020115
0.0002013
0.00020145
0.00020159
0.00020174
0.00020189
0.00020204
0.00020219
0.00020233
0.00020248
0.00020263
0.00020277
0.00020292
0.00020306
0.00020321
0.00020335
0.0002035
0.00020364
0.00020379
0.00020393
0.00020408
0.00020422
0.00020436
0.0002045
0.00020465
0.00020479
0.00020493
0.00020507
0.00020521
0.00020535
0.00020549
0.00020563
0.00020577
0.0002059
0.00020604
0.00020618
0.00020631
0.00020645
0.00020658
0.00020672
0.00020685
0.00020698
0.00020712
0.00020725
0.00020738
0.00020751
0.00020764
0.00020777
0.0002079
0.00020802
0.00020815
0.00020828
0.0002084
0.00020853
0.00020865
0.00020877
0.00020889
0.00020901
0.00020913
0.00020925
0.00020937
0.00020948
0.0002096
0.00020971
0.00020982
0.00020994
0.00021005
0.00021016
0.00021026
0.00021037
0.00021048
0.00021058
0.00021068
0.00021078
0.00021088
0.00021098
0.00021108
0.00021117
0.00021127
0.00021136
0.00021145
0.00021154
0.00021162
0.00021171
0.00021179
0.00021187
0.00021195
0.00021203
0.00021211
0.00021218
0.00021225
0.00021232
0.00021239
0.00021245
0.00021251
0.00021257
0.00021263
0.00021269
0.00021274
0.00021279
0.00021284
0.00021288
0.00021293
0.00021297
0.000213
0.00021304
0.00021307
0.0002131
0.00021312
0.00021314
0.00021316
0.00021318
0.00021319
0.0002132
0.0002132
0.00021321
0.00021321
0.0002132
0.00021319
0.00021318
0.00021316
0.00021314
0.00021312
0.00021309
0.00021306
0.00021302
0.00021298
0.00021293
0.00021288
0.00021283
0.00021277
0.0002127
0.00021263
0.00021256
0.00021248
0.0002124
0.00021231
0.00021221
0.00021211
0.00021201
0.0002119
0.00021178
0.00021166
0.00021153
0.0002114
0.00021126
0.00021111
0.00021096
0.0002108
0.00021063
0.00021046
0.00021028
0.00021009
0.0002099
0.0002097
0.00020949
0.00020928
0.00020906
0.00020883
0.00020859
0.00020835
0.00020809
0.00020783
0.00020756
0.00020728
0.000207
0.0002067
0.0002064
0.00020609
0.00020577
0.00020543
0.00020509
0.00020475
0.00020439
0.00020402
0.00020364
0.00020325
0.00020285
0.00020244
0.00020202
0.00020159
0.00020115
0.0002007
0.00020023
0.00019976
0.00019927
0.00019877
0.00019826
0.00019774
0.00019721
0.00019666
0.0001961
0.00019553
0.00019495
0.00019435
0.00019374
0.00019311
0.00019247
0.00019182
0.00019116
0.00019048
0.00018978
0.00018907
0.00018835
0.00018761
0.00018685
0.00018608
0.0001853
0.0001845
0.00018368
0.00018284
0.00018199
0.00018113
0.00018024
0.00017934
0.00017842
0.00017749
0.00017653
0.00017556
0.00017457
0.00017356
0.00017253
0.00017149
0.00017042
0.00016933
0.00016823
0.0001671
0.00016595
0.00016479
0.0001636
0.00016239
0.00016116
0.00015991
0.00015864
0.00015734
0.00015602
0.00015468
0.00015332
0.00015193
0.00015052
0.00014909
0.00014763
0.00014615
0.00014464
0.00014311
0.00014155
0.00013997
0.00013836
0.00013673
0.00013506
0.00013338
0.00013166
0.00012992
0.00012814
0.00012636
0.00012451
0.00012268
0.00012077
0.00011888
0.00011691
0.00011497
0.00011293
0.00011093
0.00010883
0.00010677
0.0001046
0.00010249
0.00010024
9.8073e-05
9.5747e-05
9.3525e-05
9.1123e-05
8.8841e-05
8.6361e-05
8.4017e-05
8.1461e-05
7.905e-05
7.6418e-05
7.3936e-05
7.123e-05
6.8673e-05
6.5893e-05
6.3257e-05
6.0406e-05
5.7685e-05
5.4763e-05
5.1953e-05
4.8962e-05
4.606e-05
4.2999e-05
4e-05
3.6869e-05
3.3773e-05
3.0569e-05
2.7375e-05
2.4094e-05
2.0802e-05
1.744e-05
1.4051e-05
1.0604e-05
7.1188e-06
3.5816e-06
