-2.6294e-05
-5.2206e-05
-7.7725e-05
-0.00010288
-0.00012764
-0.00015204
-0.00017605
-0.00019972
-0.00022299
-0.00024595
-0.00026849
-0.00029074
-0.00031257
-0.00033412
-0.00035525
-0.00037611
-0.00039656
-0.00041675
-0.00043652
-0.00045605
-0.00047516
-0.00049404
-0.0005125
-0.00053074
-0.00054856
-0.00056619
-0.00058338
-0.00060039
-0.00061697
-0.00063338
-0.00064936
-0.00066517
-0.00068057
-0.0006958
-0.00071062
-0.00072529
-0.00073954
-0.00075365
-0.00076735
-0.00078092
-0.00079408
-0.00080711
-0.00081974
-0.00083224
-0.00084436
-0.00085635
-0.00086796
-0.00087945
-0.00089057
-0.00090156
-0.00091219
-0.0009227
-0.00093287
-0.00094291
-0.00095261
-0.00096219
-0.00097145
-0.00098057
-0.00098939
-0.00099807
-0.0010065
-0.0010147
-0.0010227
-0.0010305
-0.0010381
-0.0010455
-0.0010527
-0.0010597
-0.0010665
-0.0010731
-0.0010795
-0.0010857
-0.0010918
-0.0010976
-0.0011033
-0.0011088
-0.0011141
-0.0011193
-0.0011243
-0.0011291
-0.0011337
-0.0011382
-0.0011425
-0.0011466
-0.0011507
-0.0011545
-0.0011582
-0.0011617
-0.0011652
-0.0011683
-0.0011715
-0.0011744
-0.0011773
-0.0011798
-0.0011825
-0.0011847
-0.0011871
-0.0011891
-0.0011912
-0.001193
-0.0011949
-0.0011964
-0.001198
-0.0011992
-0.0012006
-0.0012016
-0.0012028
-0.0012036
-0.0012045
-0.001205
-0.0012058
-0.0012061
-0.0012066
-0.0012067
-0.0012071
-0.001207
-0.0012071
-0.0012068
-0.0012067
-0.0012062
-0.001206
-0.0012053
-0.0012049
-0.0012041
-0.0012034
-0.0012024
-0.0012017
-0.0012005
-0.0011995
-0.0011982
-0.0011971
-0.0011956
-0.0011943
-0.0011927
-0.0011913
-0.0011895
-0.001188
-0.001186
-0.0011844
-0.0011823
-0.0011805
-0.0011783
-0.0011763
-0.001174
-0.0011719
-0.0011695
-0.0011673
-0.0011648
-0.0011625
-0.0011598
-0.0011574
-0.0011546
-0.0011521
-0.0011492
-0.0011466
-0.0011436
-0.0011409
-0.0011378
-0.001135
-0.0011319
-0.0011289
-0.0011257
-0.0011226
-0.0011193
-0.0011162
-0.0011128
-0.0011096
-0.0011062
-0.0011028
-0.0010993
-0.0010959
-0.0010924
-0.0010889
-0.0010853
-0.0010817
-0.001078
-0.0010744
-0.0010706
-0.0010669
-0.0010631
-0.0010593
-0.0010555
-0.0010517
-0.0010477
-0.0010438
-0.0010399
-0.0010359
-0.0010319
-0.0010279
-0.0010239
-0.0010198
-0.0010157
-0.0010116
-0.0010074
-0.0010033
-0.0009991
-0.00099489
-0.00099067
-0.00098641
-0.00098215
-0.00097786
-0.00097356
-0.00096923
-0.0009649
-0.00096052
-0.00095616
-0.00095175
-0.00094736
-0.00094291
-0.00093849
-0.00093401
-0.00092956
-0.00092505
-0.00092057
-0.00091603
-0.00091152
-0.00090696
-0.00090242
-0.00089784
-0.00089327
-0.00088866
-0.00088407
-0.00087944
-0.00087482
-0.00087017
-0.00086553
-0.00086086
-0.0008562
-0.00085151
-0.00084683
-0.00084212
-0.00083742
-0.00083269
-0.00082798
-0.00082323
-0.0008185
-0.00081373
-0.00080898
-0.00080421
-0.00079944
-0.00079465
-0.00078987
-0.00078506
-0.00078027
-0.00077545
-0.00077064
-0.00076581
-0.00076099
-0.00075615
-0.00075131
-0.00074647
-0.00074162
-0.00073676
-0.0007319
-0.00072703
-0.00072216
-0.00071728
-0.0007124
-0.00070752
-0.00070263
-0.00069773
-0.00069283
-0.00068793
-0.00068303
-0.00067812
-0.0006732
-0.00066828
-0.00066336
-0.00065844
-0.00065351
-0.00064858
-0.00064365
-0.00063871
-0.00063377
-0.00062883
-0.00062388
-0.00061894
-0.00061398
-0.00060903
-0.00060408
-0.00059912
-0.00059416
-0.0005892
-0.00058423
-0.00057926
-0.00057429
-0.00056932
-0.00056435
-0.00055938
-0.0005544
-0.00054942
-0.00054444
-0.00053946
-0.00053447
-0.00052949
-0.0005245
-0.00051952
-0.00051453
-0.00050954
-0.00050454
-0.00049955
-0.00049456
-0.00048956
-0.00048456
-0.00047956
-0.00047457
-0.00046957
-0.00046456
-0.00045956
-0.00045456
-0.00044955
-0.00044455
-0.00043954
-0.00043454
-0.00042953
-0.00042452
-0.00041951
-0.0004145
-0.00040949
-0.00040448
-0.00039947
-0.00039445
-0.00038944
-0.00038443
-0.00037941
-0.0003744
-0.00036938
-0.00036436
-0.00035935
-0.00035433
-0.00034931
-0.00034429
-0.00033927
-0.00033426
-0.00032924
-0.00032422
-0.0003192
-0.00031418
-0.00030915
-0.00030413
-0.00029911
-0.00029409
-0.00028907
-0.00028404
-0.00027902
-0.000274
-0.00026897
-0.00026395
-0.00025893
-0.0002539
-0.00024888
-0.00024385
-0.00023883
-0.0002338
-0.00022878
-0.00022375
-0.00021872
-0.0002137
-0.00020867
-0.00020365
-0.00019862
-0.00019359
-0.00018857
-0.00018354
-0.00017851
-0.00017349
-0.00016846
-0.00016343
-0.0001584
-0.00015338
-0.00014835
-0.00014332
-0.00013829
-0.00013326
-0.00012824
-0.00012321
-0.00011818
-0.00011315
-0.00010812
-0.00010309
-9.8065e-05
-9.3036e-05
-8.8008e-05
-8.2979e-05
-7.795e-05
-7.2921e-05
-6.7892e-05
-6.2864e-05
-5.7835e-05
-5.2806e-05
-4.7777e-05
-4.2748e-05
-3.7719e-05
-3.2689e-05
-2.766e-05
-2.2631e-05
-1.7602e-05
-1.2573e-05
-7.5437e-06
-2.5146e-06
2.5146e-06
7.5437e-06
1.2573e-05
1.7602e-05
2.2631e-05
2.766e-05
3.2689e-05
3.7719e-05
4.2748e-05
4.7777e-05
5.2806e-05
5.7835e-05
6.2864e-05
6.7892e-05
7.2921e-05
7.795e-05
8.2979e-05
8.8008e-05
9.3036e-05
9.8065e-05
0.00010309
0.00010812
0.00011315
0.00011818
0.00012321
0.00012824
0.00013326
0.00013829
0.00014332
0.00014835
0.00015338
0.0001584
0.00016343
0.00016846
0.00017349
0.00017851
0.00018354
0.00018857
0.00019359
0.00019862
0.00020365
0.00020867
0.0002137
0.00021872
0.00022375
0.00022878
0.0002338
0.00023883
0.00024385
0.00024888
0.0002539
0.00025893
0.00026395
0.00026897
0.000274
0.00027902
0.00028404
0.00028907
0.00029409
0.00029911
0.00030413
0.00030915
0.00031418
0.0003192
0.00032422
0.00032924
0.00033426
0.00033927
0.00034429
0.00034931
0.00035433
0.00035935
0.00036436
0.00036938
0.0003744
0.00037941
0.00038443
0.00038944
0.00039445
0.00039947
0.00040448
0.00040949
0.0004145
0.00041951
0.00042452
0.00042953
0.00043454
0.00043954
0.00044455
0.00044955
0.00045456
0.00045956
0.00046456
0.00046957
0.00047457
0.00047956
0.00048456
0.00048956
0.00049456
0.00049955
0.00050454
0.00050954
0.00051453
0.00051952
0.0005245
0.00052949
0.00053447
0.00053946
0.00054444
0.00054942
0.0005544
0.00055938
0.00056435
0.00056932
0.00057429
0.00057926
0.00058423
0.0005892
0.00059416
0.00059912
0.00060408
0.00060903
0.00061398
0.00061894
0.00062388
0.00062883
0.00063377
0.00063871
0.00064365
0.00064858
0.00065351
0.00065844
0.00066336
0.00066828
0.0006732
0.00067812
0.00068303
0.00068793
0.00069283
0.00069773
0.00070263
0.00070752
0.0007124
0.00071728
0.00072216
0.00072703
0.0007319
0.00073676
0.00074162
0.00074647
0.00075131
0.00075615
0.00076099
0.00076581
0.00077064
0.00077545
0.00078027
0.00078506
0.00078987
0.00079465
0.00079944
0.00080421
0.00080898
0.00081373
0.0008185
0.00082323
0.00082798
0.00083269
0.00083742
0.00084212
0.00084683
0.00085151
0.0008562
0.00086086
0.00086553
0.00087017
0.00087482
0.00087944
0.00088407
0.00088866
0.00089327
0.00089784
0.00090242
0.00090696
0.00091152
0.00091603
0.00092057
0.00092505
0.00092956
0.00093401
0.00093849
0.00094291
0.00094736
0.00095175
0.00095616
0.00096052
0.0009649
0.00096923
0.00097356
0.00097786
0.00098215
0.00098641
0.00099067
0.00099489
0.0009991
0.0010033
0.0010074
0.0010116
0.0010157
0.0010198
0.0010239
0.0010279
0.0010319
0.0010359
0.0010399
0.0010438
0.0010477
0.0010517
0.0010555
0.0010593
0.0010631
0.0010669
0.0010706
0.0010744
0.001078
0.0010817
0.0010853
0.0010889
0.0010924
0.0010959
0.0010993
0.0011028
0.0011062
0.0011096
0.0011128
0.0011162
0.0011193
0.0011226
0.0011257
0.0011289
0.0011319
0.001135
0.0011378
0.0011409
0.0011436
0.0011466
0.0011492
0.0011521
0.0011546
0.0011574
0.0011598
0.0011625
0.0011648
0.0011673
0.0011695
0.0011719
0.001174
0.0011763
0.0011783
0.0011805
0.0011823
0.0011844
0.001186
0.001188
0.0011895
0.0011913
0.0011927
0.0011943
0.0011956
0.0011971
0.0011982
0.0011995
0.0012005
0.0012017
0.0012024
0.0012034
0.0012041
0.0012049
0.0012053
0.001206
0.0012062
0.0012067
0.0012068
0.0012071
0.001207
0.0012071
0.0012067
0.0012066
0.0012061
0.0012058
0.001205
0.0012045
0.0012036
0.0012028
0.0012016
0.0012006
0.0011992
0.001198
0.0011964
0.0011949
0.001193
0.0011912
0.0011891
0.0011871
0.0011847
0.0011825
0.0011798
0.0011773
0.0011744
0.0011715
0.0011683
0.0011652
0.0011617
0.0011582
0.0011545
0.0011507
0.0011466
0.0011425
0.0011382
0.0011337
0.0011291
0.0011243
0.0011193
0.0011141
0.0011088
0.0011033
0.0010976
0.0010918
0.0010857
0.0010795
0.0010731
0.0010665
0.0010597
0.0010527
0.0010455
0.0010381
0.0010305
0.0010227
0.0010147
0.0010065
0.00099807
0.00098939
0.00098057
0.00097145
0.00096219
0.00095261
0.00094291
0.00093287
0.0009227
0.00091219
0.00090156
0.00089057
0.00087945
0.00086796
0.00085635
0.00084436
0.00083224
0.00081974
0.00080711
0.00079408
0.00078092
0.00076735
0.00075365
0.00073954
0.00072529
0.00071062
0.0006958
0.00068057
0.00066517
0.00064936
0.00063338
0.00061697
0.00060039
0.00058338
0.00056619
0.00054856
0.00053074
0.0005125
0.00049404
0.00047516
0.00045605
0.00043652
0.00041675
0.00039656
0.00037611
0.00035525
0.00033412
0.00031257
0.00029074
0.00026849
0.00024595
0.00022299
0.00019972
0.00017605
0.00015204
0.00012764
0.00010288
7.7725e-05
5.2206e-05
2.6294e-05
