-0.00082803
-0.001013
-0.0010904
-0.0011295
-0.0011511
-0.0011635
-0.0011707
-0.0011749
-0.0011771
-0.0011781
-0.0011783
-0.001178
-0.0011773
-0.0011764
-0.0011753
-0.0011741
-0.0011728
-0.0011715
-0.0011701
-0.0011686
-0.0011672
-0.0011657
-0.0011643
-0.0011628
-0.0011613
-0.0011598
-0.0011583
-0.0011568
-0.0011553
-0.0011538
-0.0011523
-0.0011508
-0.0011493
-0.0011478
-0.0011463
-0.0011448
-0.0011433
-0.0011418
-0.0011403
-0.0011388
-0.0011373
-0.0011358
-0.0011343
-0.0011328
-0.0011313
-0.0011298
-0.0011283
-0.0011268
-0.0011253
-0.0011238
-0.0011223
-0.0011208
-0.0011193
-0.0011178
-0.0011163
-0.0011148
-0.0011133
-0.0011118
-0.0011103
-0.0011088
-0.0011073
-0.0011058
-0.0011043
-0.0011028
-0.0011013
-0.0010998
-0.0010983
-0.0010968
-0.0010953
-0.0010938
-0.0010923
-0.0010908
-0.0010893
-0.0010878
-0.0010863
-0.0010848
-0.0010833
-0.0010818
-0.0010803
-0.0010788
-0.0010773
-0.0010758
-0.0010743
-0.0010728
-0.0010713
-0.0010698
-0.0010683
-0.0010668
-0.0010653
-0.0010638
-0.0010623
-0.0010608
-0.0010593
-0.0010578
-0.0010563
-0.0010548
-0.0010533
-0.0010518
-0.0010503
-0.0010488
-0.0010473
-0.0010457
-0.0010442
-0.0010427
-0.0010412
-0.0010397
-0.0010382
-0.0010367
-0.0010352
-0.0010337
-0.0010322
-0.0010307
-0.0010292
-0.0010277
-0.0010262
-0.0010247
-0.0010232
-0.0010217
-0.0010202
-0.0010187
-0.0010172
-0.0010157
-0.0010142
-0.0010127
-0.0010112
-0.0010097
-0.0010082
-0.0010067
-0.0010052
-0.0010037
-0.0010022
-0.0010007
-0.00099921
-0.00099771
-0.00099621
-0.00099471
-0.00099321
-0.00099171
-0.00099021
-0.00098871
-0.0009872
-0.0009857
-0.0009842
-0.0009827
-0.0009812
-0.0009797
-0.0009782
-0.0009767
-0.0009752
-0.00097369
-0.00097219
-0.00097069
-0.00096919
-0.00096769
-0.00096619
-0.00096469
-0.00096319
-0.00096169
-0.00096018
-0.00095868
-0.00095718
-0.00095568
-0.00095418
-0.00095268
-0.00095118
-0.00094968
-0.00094817
-0.00094667
-0.00094517
-0.00094367
-0.00094217
-0.00094067
-0.00093917
-0.00093767
-0.00093617
-0.00093466
-0.00093316
-0.00093166
-0.00093016
-0.00092866
-0.00092716
-0.00092566
-0.00092416
-0.00092266
-0.00092115
-0.00091965
-0.00091815
-0.00091665
-0.00091515
-0.00091365
-0.00091215
-0.00091065
-0.00090914
-0.00090764
-0.00090614
-0.00090464
-0.00090314
-0.00090164
-0.00090014
-0.00089864
-0.00089714
-0.00089563
-0.00089413
-0.00089263
-0.00089113
-0.00088963
-0.00088813
-0.00088663
-0.00088513
-0.00088363
-0.00088212
-0.00088062
-0.00087912
-0.00087762
-0.00087612
-0.00087462
-0.00087312
-0.00087162
-0.00087012
-0.00086861
-0.00086711
-0.00086561
-0.00086411
-0.00086261
-0.00086111
-0.00085961
-0.00085811
-0.0008566
-0.0008551
-0.0008536
-0.0008521
-0.0008506
-0.0008491
-0.0008476
-0.0008461
-0.0008446
-0.00084309
-0.00084159
-0.00084009
-0.00083859
-0.00083709
-0.00083559
-0.00083409
-0.00083259
-0.00083109
-0.00082958
-0.00082808
-0.00082658
-0.00082508
-0.00082358
-0.00082208
-0.00082058
-0.00081908
-0.00081757
-0.00081607
-0.00081457
-0.00081307
-0.00081157
-0.00081007
-0.00080857
-0.00080707
-0.00080557
-0.00080406
-0.00080256
-0.00080106
-0.00079956
-0.00079806
-0.00079656
-0.00079506
-0.00079356
-0.00079206
-0.00079055
-0.00078905
-0.00078755
-0.00078605
-0.00078455
-0.00078305
-0.00078155
-0.00078005
-0.00077854
-0.00077704
-0.00077554
-0.00077404
-0.00077254
-0.00077104
-0.00076954
-0.00076804
-0.00076654
-0.00076503
-0.00076353
-0.00076203
-0.00076053
-0.00075903
-0.00075753
-0.00075603
-0.00075453
-0.00075303
-0.00075152
-0.00075002
-0.00074852
-0.00074702
-0.00074552
-0.00074402
-0.00074252
-0.00074102
-0.00073952
-0.00073801
-0.00073651
-0.00073501
-0.00073351
-0.00073201
-0.00073051
-0.00072901
-0.00072751
-0.000726
-0.0007245
-0.000723
-0.0007215
-0.00072
-0.0007185
-0.000717
-0.0007155
-0.000714
-0.00071249
-0.00071099
-0.00070949
-0.00070799
-0.00070649
-0.00070499
-0.00070349
-0.00070199
-0.00070049
-0.00069898
-0.00069748
-0.00069598
-0.00069448
-0.00069298
-0.00069148
-0.00068998
-0.00068848
-0.00068697
-0.00068547
-0.00068397
-0.00068247
-0.00068097
-0.00067947
-0.00067797
-0.00067647
-0.00067497
-0.00067346
-0.00067196
-0.00067046
-0.00066896
-0.00066746
-0.00066596
-0.00066446
-0.00066296
-0.00066146
-0.00065995
-0.00065845
-0.00065695
-0.00065545
-0.00065395
-0.00065245
-0.00065095
-0.00064945
-0.00064794
-0.00064644
-0.00064494
-0.00064344
-0.00064194
-0.00064044
-0.00063894
-0.00063744
-0.00063594
-0.00063443
-0.00063293
-0.00063143
-0.00062993
-0.00062843
-0.00062693
-0.00062543
-0.00062393
-0.00062243
-0.00062092
-0.00061942
-0.00061792
-0.00061642
-0.00061492
-0.00061342
-0.00061192
-0.00061042
-0.00060891
-0.00060741
-0.00060591
-0.00060441
-0.00060291
-0.00060141
-0.00059991
-0.00059841
-0.00059691
-0.0005954
-0.0005939
-0.0005924
-0.0005909
-0.0005894
-0.0005879
-0.0005864
-0.0005849
-0.0005834
-0.00058189
-0.00058039
-0.00057889
-0.00057739
-0.00057589
-0.00057439
-0.00057289
-0.00057139
-0.00056989
-0.00056838
-0.00056688
-0.00056538
-0.00056388
-0.00056238
-0.00056088
-0.00055938
-0.00055788
-0.00055637
-0.00055487
-0.00055337
-0.00055187
-0.00055037
-0.00054887
-0.00054737
-0.00054587
-0.00054437
-0.00054286
-0.00054136
-0.00053986
-0.00053836
-0.00053686
-0.00053536
-0.00053386
-0.00053236
-0.00053086
-0.00052935
-0.00052785
-0.00052635
-0.00052485
-0.00052335
-0.00052185
-0.00052035
-0.00051885
-0.00051734
-0.00051584
-0.00051434
-0.00051284
-0.00051134
-0.00050984
-0.00050834
-0.00050684
-0.00050534
-0.00050383
-0.00050233
-0.00050083
-0.00049933
-0.00049783
-0.00049633
-0.00049483
-0.00049333
-0.00049183
-0.00049032
-0.00048882
-0.00048732
-0.00048582
-0.00048432
-0.00048282
-0.00048132
-0.00047982
-0.00047831
-0.00047681
-0.00047531
-0.00047381
-0.00047231
-0.00047081
-0.00046931
-0.00046781
-0.00046631
-0.0004648
-0.0004633
-0.0004618
-0.0004603
-0.0004588
-0.0004573
-0.0004558
-0.0004543
-0.0004528
-0.00045129
-0.00044979
-0.00044829
-0.00044679
-0.00044529
-0.00044379
-0.00044229
-0.00044079
-0.00043929
-0.00043778
-0.00043628
-0.00043478
-0.00043328
-0.00043178
-0.00043028
-0.00042878
-0.00042728
-0.00042577
-0.00042427
-0.00042277
-0.00042127
-0.00041977
-0.00041827
-0.00041677
-0.00041527
-0.00041377
-0.00041226
-0.00041076
-0.00040926
-0.00040776
-0.00040626
-0.00040476
-0.00040326
-0.00040176
-0.00040026
-0.00039875
-0.00039725
-0.00039575
-0.00039425
-0.00039275
-0.00039125
-0.00038975
-0.00038825
-0.00038674
-0.00038524
-0.00038374
-0.00038224
-0.00038074
-0.00037924
-0.00037774
-0.00037624
-0.00037474
-0.00037323
-0.00037173
-0.00037023
-0.00036873
-0.00036723
-0.00036573
-0.00036423
-0.00036273
-0.00036123
-0.00035972
-0.00035822
-0.00035672
-0.00035522
-0.00035372
-0.00035222
-0.00035072
-0.00034922
-0.00034771
-0.00034621
-0.00034471
-0.00034321
-0.00034171
-0.00034021
-0.00033871
-0.00033721
-0.00033571
-0.0003342
-0.0003327
-0.0003312
-0.0003297
-0.0003282
-0.0003267
-0.0003252
-0.0003237
-0.0003222
-0.00032069
-0.00031919
-0.00031769
-0.00031619
-0.00031469
-0.00031319
-0.00031169
-0.00031019
-0.00030869
-0.00030718
-0.00030568
-0.00030418
-0.00030268
-0.00030118
-0.00029968
-0.00029818
-0.00029668
-0.00029517
-0.00029367
-0.00029217
-0.00029067
-0.00028917
-0.00028767
-0.00028617
-0.00028467
-0.00028317
-0.00028166
-0.00028016
-0.00027866
-0.00027716
-0.00027566
-0.00027416
-0.00027266
-0.00027116
-0.00026966
-0.00026815
-0.00026665
-0.00026515
-0.00026365
-0.00026215
-0.00026065
-0.00025915
-0.00025765
-0.00025614
-0.00025464
-0.00025314
-0.00025164
-0.00025014
-0.00024864
-0.00024714
-0.00024564
-0.00024414
-0.00024263
-0.00024113
-0.00023963
-0.00023813
-0.00023663
-0.00023513
-0.00023363
-0.00023213
-0.00023063
-0.00022912
-0.00022762
-0.00022612
-0.00022462
-0.00022312
-0.00022162
-0.00022012
-0.00021862
-0.00021711
-0.00021561
-0.00021411
-0.00021261
-0.00021111
-0.00020961
-0.00020811
-0.00020661
-0.00020511
-0.0002036
-0.0002021
-0.0002006
-0.0001991
-0.0001976
-0.0001961
-0.0001946
-0.0001931
-0.0001916
-0.00019009
-0.00018859
-0.00018709
-0.00018559
-0.00018409
-0.00018259
-0.00018109
-0.00017959
-0.00017808
-0.00017658
-0.00017508
-0.00017358
-0.00017208
-0.00017058
-0.00016908
-0.00016758
-0.00016608
-0.00016457
-0.00016307
-0.00016157
-0.00016007
-0.00015857
-0.00015707
-0.00015557
-0.00015407
-0.00015257
-0.00015106
-0.00014956
-0.00014806
-0.00014656
-0.00014506
-0.00014356
-0.00014206
-0.00014056
-0.00013906
-0.00013755
-0.00013605
-0.00013455
-0.00013305
-0.00013155
-0.00013005
-0.00012855
-0.00012705
-0.00012554
-0.00012404
-0.00012254
-0.00012104
-0.00011954
-0.00011804
-0.00011654
-0.00011504
-0.00011354
-0.00011203
-0.00011053
-0.00010903
-0.00010753
-0.00010603
-0.00010453
-0.00010303
-0.00010153
-0.00010003
-9.8524e-05
-9.7023e-05
-9.5522e-05
-9.4021e-05
-9.2519e-05
-9.1018e-05
-8.9517e-05
-8.8016e-05
-8.6515e-05
-8.5014e-05
-8.3513e-05
-8.2011e-05
-8.051e-05
-7.9009e-05
-7.7508e-05
-7.6007e-05
-7.4506e-05
-7.3004e-05
-7.1503e-05
-7.0002e-05
-6.8501e-05
-6.7e-05
-6.5499e-05
-6.3998e-05
-6.2496e-05
-6.0995e-05
-5.9494e-05
-5.7993e-05
-5.6492e-05
-5.4991e-05
-5.349e-05
-5.1988e-05
-5.0487e-05
-4.8986e-05
-4.7485e-05
-4.5984e-05
-4.4483e-05
-4.2981e-05
-4.148e-05
-3.9979e-05
-3.8478e-05
-3.6977e-05
-3.5476e-05
-3.3975e-05
-3.2473e-05
-3.0972e-05
-2.9471e-05
-2.797e-05
-2.6469e-05
-2.4968e-05
-2.3467e-05
-2.1965e-05
-2.0464e-05
-1.8963e-05
-1.7462e-05
-1.5961e-05
-1.446e-05
-1.2959e-05
-1.1457e-05
-9.9562e-06
-8.4551e-06
-6.9539e-06
-5.4528e-06
-3.9516e-06
-2.4505e-06
-9.493e-07
5.5185e-07
2.053e-06
3.5541e-06
5.0553e-06
6.5564e-06
8.0576e-06
9.5587e-06
1.106e-05
1.2561e-05
1.4062e-05
1.5563e-05
1.7064e-05
1.8566e-05
2.0067e-05
2.1568e-05
2.3069e-05
2.457e-05
2.6071e-05
2.7573e-05
2.9074e-05
3.0575e-05
3.2076e-05
3.3577e-05
3.5078e-05
3.6579e-05
3.8081e-05
3.9582e-05
4.1083e-05
4.2584e-05
4.4085e-05
4.5586e-05
4.7087e-05
4.8589e-05
5.009e-05
5.1591e-05
5.3092e-05
5.4593e-05
5.6094e-05
5.7596e-05
5.9097e-05
6.0598e-05
6.2099e-05
6.36e-05
6.5101e-05
6.6602e-05
6.8104e-05
6.9605e-05
7.1106e-05
7.2607e-05
7.4108e-05
7.5609e-05
7.711e-05
7.8612e-05
8.0113e-05
8.1614e-05
8.3115e-05
8.4616e-05
8.6117e-05
8.7619e-05
8.912e-05
9.0621e-05
9.2122e-05
9.3623e-05
9.5124e-05
9.6625e-05
9.8127e-05
9.9628e-05
0.00010113
0.00010263
0.00010413
0.00010563
0.00010713
0.00010863
0.00011014
0.00011164
0.00011314
0.00011464
0.00011614
0.00011764
0.00011914
0.00012064
0.00012214
0.00012365
0.00012515
0.00012665
0.00012815
0.00012965
0.00013115
0.00013265
0.00013415
0.00013566
0.00013716
0.00013866
0.00014016
0.00014166
0.00014316
0.00014466
0.00014616
0.00014766
0.00014917
0.00015067
0.00015217
0.00015367
0.00015517
0.00015667
0.00015817
0.00015967
0.00016117
0.00016268
0.00016418
0.00016568
0.00016718
0.00016868
0.00017018
0.00017168
0.00017318
0.00017469
0.00017619
0.00017769
0.00017919
0.00018069
0.00018219
0.00018369
0.00018519
0.00018669
0.0001882
0.0001897
0.0001912
0.0001927
0.0001942
0.0001957
0.0001972
0.0001987
0.0002002
0.00020171
0.00020321
0.00020471
0.00020621
0.00020771
0.00020921
0.00021071
0.00021221
0.00021372
0.00021522
0.00021672
0.00021822
0.00021972
0.00022122
0.00022272
0.00022422
0.00022572
0.00022723
0.00022873
0.00023023
0.00023173
0.00023323
0.00023473
0.00023623
0.00023773
0.00023923
0.00024074
0.00024224
0.00024374
0.00024524
0.00024674
0.00024824
0.00024974
0.00025124
0.00025275
0.00025425
0.00025575
0.00025725
0.00025875
0.00026025
0.00026175
0.00026325
0.00026475
0.00026626
0.00026776
0.00026926
0.00027076
0.00027226
0.00027376
0.00027526
0.00027676
0.00027826
0.00027977
0.00028127
0.00028277
0.00028427
0.00028577
0.00028727
0.00028877
0.00029027
0.00029177
0.00029328
0.00029478
0.00029628
0.00029778
0.00029928
0.00030078
0.00030228
0.00030378
0.00030529
0.00030679
0.00030829
0.00030979
0.00031129
0.00031279
0.00031429
0.00031579
0.00031729
0.0003188
0.0003203
0.0003218
0.0003233
0.0003248
0.0003263
0.0003278
0.0003293
0.0003308
0.00033231
0.00033381
0.00033531
0.00033681
0.00033831
0.00033981
0.00034131
0.00034281
0.00034432
0.00034582
0.00034732
0.00034882
0.00035032
0.00035182
0.00035332
0.00035482
0.00035632
0.00035783
0.00035933
0.00036083
0.00036233
0.00036383
0.00036533
0.00036683
0.00036833
0.00036983
0.00037134
0.00037284
0.00037434
0.00037584
0.00037734
0.00037884
0.00038034
0.00038184
0.00038335
0.00038485
0.00038635
0.00038785
0.00038935
0.00039085
0.00039235
0.00039385
0.00039535
0.00039686
0.00039836
0.00039986
0.00040136
0.00040286
0.00040436
0.00040586
0.00040736
0.00040886
0.00041037
0.00041187
0.00041337
0.00041487
0.00041637
0.00041787
0.00041937
0.00042087
0.00042237
0.00042388
0.00042538
0.00042688
0.00042838
0.00042988
0.00043138
0.00043288
0.00043438
0.00043589
0.00043739
0.00043889
0.00044039
0.00044189
0.00044339
0.00044489
0.00044639
0.00044789
0.0004494
0.0004509
0.0004524
0.0004539
0.0004554
0.0004569
0.0004584
0.0004599
0.0004614
0.00046291
0.00046441
0.00046591
0.00046741
0.00046891
0.00047041
0.00047191
0.00047341
0.00047492
0.00047642
0.00047792
0.00047942
0.00048092
0.00048242
0.00048392
0.00048542
0.00048692
0.00048843
0.00048993
0.00049143
0.00049293
0.00049443
0.00049593
0.00049743
0.00049893
0.00050043
0.00050194
0.00050344
0.00050494
0.00050644
0.00050794
0.00050944
0.00051094
0.00051244
0.00051394
0.00051545
0.00051695
0.00051845
0.00051995
0.00052145
0.00052295
0.00052445
0.00052595
0.00052746
0.00052896
0.00053046
0.00053196
0.00053346
0.00053496
0.00053646
0.00053796
0.00053946
0.00054097
0.00054247
0.00054397
0.00054547
0.00054697
0.00054847
0.00054997
0.00055147
0.00055297
0.00055447
0.00055598
0.00055748
0.00055898
0.00056048
0.00056198
0.00056348
0.00056498
0.00056648
0.00056798
0.00056949
0.00057099
0.00057249
0.00057399
0.00057549
0.00057699
0.00057849
0.00057999
0.00058149
0.00058299
0.0005845
0.000586
0.0005875
0.000589
0.0005905
0.000592
0.0005935
0.000595
0.0005965
0.000598
0.0005995
0.00060101
0.00060251
0.00060401
0.00060551
0.00060701
0.00060851
0.00061001
0.00061151
0.00061301
0.00061451
0.00061601
0.00061751
0.00061901
0.00062051
0.00062202
0.00062352
0.00062502
0.00062652
0.00062802
0.00062952
0.00063102
0.00063252
0.00063402
0.00063552
0.00063702
0.00063852
0.00064002
0.00064152
0.00064302
0.00064452
0.00064602
0.00064752
0.00064902
0.00065052
0.00065202
0.00065352
0.00065502
0.00065651
0.00065801
0.00065951
0.00066101
0.00066251
0.00066401
0.00066551
0.00066701
0.00066851
0.00067
0.0006715
0.000673
0.0006745
0.000676
0.00067749
0.00067899
0.00068049
0.00068199
0.00068348
0.00068498
0.00068648
0.00068797
0.00068947
0.00069097
0.00069246
0.00069396
0.00069545
0.00069695
0.00069845
0.00069994
0.00070143
0.00070293
0.00070442
0.00070592
0.00070741
0.0007089
0.0007104
0.00071189
0.00071338
0.00071487
0.00071636
0.00071785
0.00071935
0.00072084
0.00072233
0.00072381
0.0007253
0.00072679
0.00072828
0.00072977
0.00073125
0.00073274
0.00073423
0.00073571
0.00073719
0.00073868
0.00074016
0.00074164
0.00074313
0.00074461
0.00074609
0.00074757
0.00074904
0.00075052
0.000752
0.00075347
0.00075495
0.00075642
0.0007579
0.00075937
0.00076084
0.00076231
0.00076378
0.00076525
0.00076671
0.00076818
0.00076964
0.0007711
0.00077256
0.00077402
0.00077548
0.00077694
0.00077839
0.00077985
0.0007813
0.00078275
0.0007842
0.00078565
0.00078709
0.00078853
0.00078997
0.00079141
0.00079285
0.00079429
0.00079572
0.00079715
0.00079858
0.0008
0.00080142
0.00080284
0.00080426
0.00080568
0.00080709
0.0008085
0.0008099
0.00081131
0.00081271
0.0008141
0.0008155
0.00081689
0.00081827
0.00081966
0.00082104
0.00082241
0.00082378
0.00082515
0.00082651
0.00082787
0.00082923
0.00083058
0.00083192
0.00083326
0.0008346
0.00083593
0.00083726
0.00083858
0.00083989
0.0008412
0.00084251
0.00084381
0.0008451
0.00084638
0.00084766
0.00084894
0.00085021
0.00085147
0.00085272
0.00085396
0.0008552
0.00085643
0.00085766
0.00085887
0.00086008
0.00086128
0.00086247
0.00086366
0.00086483
0.00086599
0.00086715
0.0008683
0.00086943
0.00087056
0.00087168
0.00087278
0.00087388
0.00087496
0.00087603
0.0008771
0.00087815
0.00087919
0.00088021
0.00088123
0.00088223
0.00088322
0.00088419
0.00088515
0.0008861
0.00088703
0.00088795
0.00088886
0.00088975
0.00089062
0.00089148
0.00089232
0.00089315
0.00089395
0.00089475
0.00089552
0.00089628
0.00089702
0.00089774
0.00089844
0.00089912
0.00089978
0.00090042
0.00090104
0.00090165
0.00090222
0.00090278
0.00090332
0.00090383
0.00090432
0.00090479
0.00090523
0.00090565
0.00090604
0.00090641
0.00090676
0.00090707
0.00090736
0.00090763
0.00090786
0.00090807
0.00090825
0.0009084
0.00090852
0.0009086
0.00090866
0.00090869
0.00090869
0.00090865
0.00090858
0.00090848
0.00090834
0.00090817
0.00090796
0.00090772
0.00090744
0.00090712
0.00090676
0.00090637
0.00090594
0.00090547
0.00090496
0.0009044
0.00090381
0.00090317
0.00090249
0.00090177
0.000901
0.00090019
0.00089933
0.00089843
0.00089748
0.00089648
0.00089543
0.00089434
0.00089319
0.00089199
0.00089074
0.00088944
0.00088809
0.00088668
0.00088522
0.0008837
0.00088213
0.00088049
0.00087881
0.00087706
0.00087525
0.00087339
0.00087146
0.00086947
0.00086742
0.0008653
0.00086312
0.00086087
0.00085856
0.00085618
0.00085374
0.00085122
0.00084863
0.00084598
0.00084325
0.00084045
0.00083758
0.00083463
0.0008316
0.00082851
0.00082533
0.00082207
0.00081874
0.00081533
0.00081183
0.00080825
0.00080459
0.00080085
0.00079702
0.00079311
0.00078911
0.00078502
0.00078084
0.00077657
0.00077221
0.00076776
0.00076321
0.00075857
0.00075384
0.00074901
0.00074408
0.00073906
0.00073393
0.00072871
0.00072338
0.00071795
0.00071242
0.00070678
0.00070103
0.00069518
0.00068922
0.00068316
0.00067698
0.00067069
0.00066429
0.00065777
0.00065114
0.0006444
0.00063753
0.00063055
0.00062345
0.00061623
0.00060889
0.00060142
0.00059384
0.00058612
0.00057829
0.00057032
0.00056223
0.000554
0.00054565
0.00053716
0.00052855
0.00051978
0.00051091
0.00050187
0.00049272
0.0004834
0.00047398
0.00046437
0.00045468
0.00044478
0.00043481
0.0004246
0.00041435
0.00040384
0.0003933
0.00038248
0.00037164
0.00036053
0.00034937
0.00033796
0.00032647
0.00031477
0.00030293
0.00029096
0.00027874
0.00026652
0.00025389
0.00024144
0.00022837
0.0002157
0.00020218
0.00018928
0.00017532
0.00016218
0.00014779
0.00013437
0.00011959
0.00010582
9.0723e-05
7.6531e-05
6.1178e-05
4.6485e-05
3.0944e-05
1.5682e-05
