-0.0026034
-0.003263
-0.0035726
-0.0037474
-0.003855
-0.0039244
-0.00397
-0.0040002
-0.0040197
-0.0040318
-0.0040385
-0.0040413
-0.0040411
-0.0040387
-0.0040346
-0.0040291
-0.0040226
-0.0040153
-0.0040074
-0.003999
-0.0039901
-0.0039809
-0.0039715
-0.0039618
-0.003952
-0.003942
-0.0039319
-0.0039218
-0.0039115
-0.0039012
-0.0038908
-0.0038804
-0.0038699
-0.0038595
-0.003849
-0.0038384
-0.0038279
-0.0038173
-0.0038067
-0.0037962
-0.0037856
-0.003775
-0.0037644
-0.0037538
-0.0037432
-0.0037325
-0.0037219
-0.0037113
-0.0037007
-0.0036901
-0.0036794
-0.0036688
-0.0036582
-0.0036476
-0.0036369
-0.0036263
-0.0036157
-0.003605
-0.0035944
-0.0035838
-0.0035731
-0.0035625
-0.0035519
-0.0035412
-0.0035306
-0.00352
-0.0035093
-0.0034987
-0.0034881
-0.0034774
-0.0034668
-0.0034562
-0.0034455
-0.0034349
-0.0034243
-0.0034136
-0.003403
-0.0033924
-0.0033817
-0.0033711
-0.0033605
-0.0033498
-0.0033392
-0.0033286
-0.0033179
-0.0033073
-0.0032967
-0.003286
-0.0032754
-0.0032648
-0.0032541
-0.0032435
-0.0032329
-0.0032222
-0.0032116
-0.003201
-0.0031903
-0.0031797
-0.0031691
-0.0031584
-0.0031478
-0.0031372
-0.0031265
-0.0031159
-0.0031053
-0.0030946
-0.003084
-0.0030734
-0.0030627
-0.0030521
-0.0030415
-0.0030308
-0.0030202
-0.0030096
-0.0029989
-0.0029883
-0.0029777
-0.002967
-0.0029564
-0.0029458
-0.0029351
-0.0029245
-0.0029138
-0.0029032
-0.0028926
-0.0028819
-0.0028713
-0.0028607
-0.00285
-0.0028394
-0.0028288
-0.0028181
-0.0028075
-0.0027969
-0.0027862
-0.0027756
-0.002765
-0.0027543
-0.0027437
-0.0027331
-0.0027224
-0.0027118
-0.0027012
-0.0026905
-0.0026799
-0.0026693
-0.0026586
-0.002648
-0.0026374
-0.0026267
-0.0026161
-0.0026055
-0.0025948
-0.0025842
-0.0025736
-0.0025629
-0.0025523
-0.0025417
-0.002531
-0.0025204
-0.0025098
-0.0024991
-0.0024885
-0.0024779
-0.0024672
-0.0024566
-0.002446
-0.0024353
-0.0024247
-0.0024141
-0.0024034
-0.0023928
-0.0023822
-0.0023715
-0.0023609
-0.0023503
-0.0023396
-0.002329
-0.0023184
-0.0023077
-0.0022971
-0.0022865
-0.0022758
-0.0022652
-0.0022546
-0.0022439
-0.0022333
-0.0022227
-0.002212
-0.0022014
-0.0021908
-0.0021801
-0.0021695
-0.0021588
-0.0021482
-0.0021376
-0.0021269
-0.0021163
-0.0021057
-0.002095
-0.0020844
-0.0020738
-0.0020631
-0.0020525
-0.0020419
-0.0020312
-0.0020206
-0.00201
-0.0019993
-0.0019887
-0.0019781
-0.0019674
-0.0019568
-0.0019462
-0.0019355
-0.0019249
-0.0019143
-0.0019036
-0.001893
-0.0018824
-0.0018717
-0.0018611
-0.0018505
-0.0018398
-0.0018292
-0.0018186
-0.0018079
-0.0017973
-0.0017867
-0.001776
-0.0017654
-0.0017548
-0.0017441
-0.0017335
-0.0017229
-0.0017122
-0.0017016
-0.001691
-0.0016803
-0.0016697
-0.0016591
-0.0016484
-0.0016378
-0.0016272
-0.0016165
-0.0016059
-0.0015953
-0.0015846
-0.001574
-0.0015634
-0.0015527
-0.0015421
-0.0015315
-0.0015208
-0.0015102
-0.0014996
-0.0014889
-0.0014783
-0.0014677
-0.001457
-0.0014464
-0.0014358
-0.0014251
-0.0014145
-0.0014038
-0.0013932
-0.0013826
-0.0013719
-0.0013613
-0.0013507
-0.00134
-0.0013294
-0.0013188
-0.0013081
-0.0012975
-0.0012869
-0.0012762
-0.0012656
-0.001255
-0.0012443
-0.0012337
-0.0012231
-0.0012124
-0.0012018
-0.0011912
-0.0011805
-0.0011699
-0.0011593
-0.0011486
-0.001138
-0.0011274
-0.0011167
-0.0011061
-0.0010955
-0.0010848
-0.0010742
-0.0010636
-0.0010529
-0.0010423
-0.0010317
-0.001021
-0.0010104
-0.00099976
-0.00098913
-0.0009785
-0.00096786
-0.00095723
-0.0009466
-0.00093596
-0.00092533
-0.00091469
-0.00090406
-0.00089343
-0.00088279
-0.00087216
-0.00086153
-0.00085089
-0.00084026
-0.00082962
-0.00081899
-0.00080836
-0.00079772
-0.00078709
-0.00077645
-0.00076582
-0.00075519
-0.00074455
-0.00073392
-0.00072329
-0.00071265
-0.00070202
-0.00069138
-0.00068075
-0.00067012
-0.00065948
-0.00064885
-0.00063822
-0.00062758
-0.00061695
-0.00060631
-0.00059568
-0.00058505
-0.00057441
-0.00056378
-0.00055314
-0.00054251
-0.00053188
-0.00052124
-0.00051061
-0.00049998
-0.00048934
-0.00047871
-0.00046807
-0.00045744
-0.00044681
-0.00043617
-0.00042554
-0.00041491
-0.00040427
-0.00039364
-0.000383
-0.00037237
-0.00036174
-0.0003511
-0.00034047
-0.00032984
-0.0003192
-0.00030857
-0.00029793
-0.0002873
-0.00027667
-0.00026603
-0.0002554
-0.00024477
-0.00023413
-0.0002235
-0.00021286
-0.00020223
-0.0001916
-0.00018096
-0.00017033
-0.0001597
-0.00014906
-0.00013843
-0.00012779
-0.00011716
-0.00010653
-9.5893e-05
-8.5259e-05
-7.4625e-05
-6.3992e-05
-5.3358e-05
-4.2724e-05
-3.2091e-05
-2.1457e-05
-1.0823e-05
-1.8972e-07
1.0444e-05
2.1078e-05
3.1711e-05
4.2345e-05
5.2978e-05
6.3612e-05
7.4245e-05
8.4879e-05
9.5512e-05
0.00010615
0.00011678
0.00012741
0.00013805
0.00014868
0.00015931
0.00016995
0.00018058
0.00019121
0.00020185
0.00021248
0.00022311
0.00023375
0.00024438
0.00025501
0.00026564
0.00027628
0.00028691
0.00029754
0.00030818
0.00031881
0.00032944
0.00034007
0.00035071
0.00036134
0.00037197
0.0003826
0.00039324
0.00040387
0.0004145
0.00042513
0.00043576
0.0004464
0.00045703
0.00046766
0.00047829
0.00048892
0.00049955
0.00051018
0.00052081
0.00053144
0.00054207
0.0005527
0.00056333
0.00057396
0.00058459
0.00059522
0.00060585
0.00061648
0.00062711
0.00063774
0.00064836
0.00065899
0.00066962
0.00068025
0.00069087
0.0007015
0.00071213
0.00072275
0.00073338
0.000744
0.00075462
0.00076525
0.00077587
0.00078649
0.00079711
0.00080774
0.00081836
0.00082898
0.0008396
0.00085021
0.00086083
0.00087145
0.00088207
0.00089268
0.0009033
0.00091391
0.00092452
0.00093513
0.00094575
0.00095636
0.00096696
0.00097757
0.00098818
0.00099878
0.0010094
0.00102
0.0010306
0.0010412
0.0010518
0.0010624
0.001073
0.0010836
0.0010942
0.0011047
0.0011153
0.0011259
0.0011365
0.0011471
0.0011577
0.0011682
0.0011788
0.0011894
0.0011999
0.0012105
0.0012211
0.0012316
0.0012422
0.0012527
0.0012633
0.0012738
0.0012844
0.0012949
0.0013055
0.001316
0.0013265
0.001337
0.0013476
0.0013581
0.0013686
0.0013791
0.0013896
0.0014001
0.0014106
0.001421
0.0014315
0.001442
0.0014524
0.0014629
0.0014733
0.0014838
0.0014942
0.0015047
0.0015151
0.0015255
0.0015359
0.0015463
0.0015567
0.0015671
0.0015774
0.0015878
0.0015981
0.0016085
0.0016188
0.0016291
0.0016394
0.0016497
0.00166
0.0016703
0.0016805
0.0016908
0.001701
0.0017112
0.0017214
0.0017316
0.0017418
0.0017519
0.0017621
0.0017722
0.0017823
0.0017924
0.0018024
0.0018125
0.0018225
0.0018325
0.0018425
0.0018525
0.0018625
0.0018724
0.0018823
0.0018922
0.001902
0.0019119
0.0019217
0.0019314
0.0019412
0.0019509
0.0019606
0.0019703
0.0019799
0.0019895
0.0019991
0.0020087
0.0020182
0.0020277
0.0020371
0.0020465
0.0020559
0.0020652
0.0020745
0.0020838
0.002093
0.0021022
0.0021113
0.0021204
0.0021295
0.0021385
0.0021474
0.0021563
0.0021652
0.002174
0.0021828
0.0021915
0.0022001
0.0022087
0.0022173
0.0022258
0.0022342
0.0022425
0.0022509
0.0022591
0.0022673
0.0022754
0.0022834
0.0022914
0.0022993
0.0023072
0.002315
0.0023226
0.0023303
0.0023378
0.0023453
0.0023526
0.0023599
0.0023672
0.0023743
0.0023813
0.0023883
0.0023951
0.0024019
0.0024086
0.0024152
0.0024216
0.002428
0.0024343
0.0024405
0.0024465
0.0024525
0.0024583
0.0024641
0.0024697
0.0024752
0.0024806
0.0024858
0.0024909
0.002496
0.0025008
0.0025056
0.0025102
0.0025147
0.002519
0.0025232
0.0025273
0.0025312
0.002535
0.0025386
0.0025421
0.0025454
0.0025485
0.0025515
0.0025544
0.002557
0.0025595
0.0025618
0.002564
0.002566
0.0025677
0.0025693
0.0025708
0.002572
0.002573
0.0025739
0.0025745
0.002575
0.0025752
0.0025753
0.0025751
0.0025747
0.0025741
0.0025733
0.0025722
0.0025709
0.0025694
0.0025677
0.0025657
0.0025635
0.0025611
0.0025583
0.0025554
0.0025522
0.0025487
0.002545
0.002541
0.0025367
0.0025322
0.0025274
0.0025223
0.0025169
0.0025113
0.0025054
0.0024991
0.0024926
0.0024857
0.0024786
0.0024711
0.0024634
0.0024553
0.0024469
0.0024382
0.0024291
0.0024197
0.00241
0.0023999
0.0023895
0.0023788
0.0023676
0.0023562
0.0023443
0.0023321
0.0023196
0.0023066
0.0022933
0.0022796
0.0022655
0.002251
0.0022362
0.0022209
0.0022052
0.0021891
0.0021726
0.0021557
0.0021384
0.0021206
0.0021024
0.0020838
0.0020647
0.0020452
0.0020253
0.0020049
0.001984
0.0019627
0.0019409
0.0019186
0.0018959
0.0018727
0.001849
0.0018248
0.0018001
0.001775
0.0017493
0.0017231
0.0016964
0.0016692
0.0016415
0.0016132
0.0015844
0.0015551
0.0015252
0.0014949
0.0014639
0.0014325
0.0014003
0.0013678
0.0013345
0.0013009
0.0012664
0.0012317
0.0011959
0.0011602
0.0011231
0.0010864
0.0010478
0.0010101
0.00097013
0.00093143
0.00088997
0.00085023
0.00080734
0.00076647
0.0007222
0.00068011
0.00063454
0.00059109
0.00054433
0.00049939
0.0004515
0.00040498
0.00035602
0.00030785
0.0002578
0.000208
0.0001568
0.0001054
5.2978e-05
