-0.00081961
-0.0010023
-0.0010787
-0.0011172
-0.0011385
-0.0011507
-0.0011578
-0.0011619
-0.0011641
-0.0011651
-0.0011653
-0.001165
-0.0011643
-0.0011634
-0.0011623
-0.0011611
-0.0011598
-0.0011585
-0.0011571
-0.0011557
-0.0011542
-0.0011528
-0.0011513
-0.0011499
-0.0011484
-0.0011469
-0.0011455
-0.001144
-0.0011425
-0.001141
-0.0011395
-0.001138
-0.0011366
-0.0011351
-0.0011336
-0.0011321
-0.0011306
-0.0011291
-0.0011277
-0.0011262
-0.0011247
-0.0011232
-0.0011217
-0.0011202
-0.0011188
-0.0011173
-0.0011158
-0.0011143
-0.0011128
-0.0011113
-0.0011098
-0.0011084
-0.0011069
-0.0011054
-0.0011039
-0.0011024
-0.0011009
-0.0010995
-0.001098
-0.0010965
-0.001095
-0.0010935
-0.001092
-0.0010905
-0.0010891
-0.0010876
-0.0010861
-0.0010846
-0.0010831
-0.0010816
-0.0010802
-0.0010787
-0.0010772
-0.0010757
-0.0010742
-0.0010727
-0.0010713
-0.0010698
-0.0010683
-0.0010668
-0.0010653
-0.0010638
-0.0010623
-0.0010609
-0.0010594
-0.0010579
-0.0010564
-0.0010549
-0.0010534
-0.001052
-0.0010505
-0.001049
-0.0010475
-0.001046
-0.0010445
-0.001043
-0.0010416
-0.0010401
-0.0010386
-0.0010371
-0.0010356
-0.0010341
-0.0010327
-0.0010312
-0.0010297
-0.0010282
-0.0010267
-0.0010252
-0.0010237
-0.0010223
-0.0010208
-0.0010193
-0.0010178
-0.0010163
-0.0010148
-0.0010134
-0.0010119
-0.0010104
-0.0010089
-0.0010074
-0.0010059
-0.0010044
-0.001003
-0.0010015
-0.001
-0.00099851
-0.00099703
-0.00099554
-0.00099406
-0.00099257
-0.00099109
-0.00098961
-0.00098812
-0.00098664
-0.00098515
-0.00098367
-0.00098218
-0.0009807
-0.00097921
-0.00097773
-0.00097624
-0.00097476
-0.00097328
-0.00097179
-0.00097031
-0.00096882
-0.00096734
-0.00096585
-0.00096437
-0.00096288
-0.0009614
-0.00095992
-0.00095843
-0.00095695
-0.00095546
-0.00095398
-0.00095249
-0.00095101
-0.00094952
-0.00094804
-0.00094656
-0.00094507
-0.00094359
-0.0009421
-0.00094062
-0.00093913
-0.00093765
-0.00093616
-0.00093468
-0.0009332
-0.00093171
-0.00093023
-0.00092874
-0.00092726
-0.00092577
-0.00092429
-0.0009228
-0.00092132
-0.00091984
-0.00091835
-0.00091687
-0.00091538
-0.0009139
-0.00091241
-0.00091093
-0.00090944
-0.00090796
-0.00090647
-0.00090499
-0.00090351
-0.00090202
-0.00090054
-0.00089905
-0.00089757
-0.00089608
-0.0008946
-0.00089311
-0.00089163
-0.00089015
-0.00088866
-0.00088718
-0.00088569
-0.00088421
-0.00088272
-0.00088124
-0.00087975
-0.00087827
-0.00087679
-0.0008753
-0.00087382
-0.00087233
-0.00087085
-0.00086936
-0.00086788
-0.00086639
-0.00086491
-0.00086343
-0.00086194
-0.00086046
-0.00085897
-0.00085749
-0.000856
-0.00085452
-0.00085303
-0.00085155
-0.00085007
-0.00084858
-0.0008471
-0.00084561
-0.00084413
-0.00084264
-0.00084116
-0.00083967
-0.00083819
-0.0008367
-0.00083522
-0.00083374
-0.00083225
-0.00083077
-0.00082928
-0.0008278
-0.00082631
-0.00082483
-0.00082334
-0.00082186
-0.00082038
-0.00081889
-0.00081741
-0.00081592
-0.00081444
-0.00081295
-0.00081147
-0.00080998
-0.0008085
-0.00080702
-0.00080553
-0.00080405
-0.00080256
-0.00080108
-0.00079959
-0.00079811
-0.00079662
-0.00079514
-0.00079366
-0.00079217
-0.00079069
-0.0007892
-0.00078772
-0.00078623
-0.00078475
-0.00078326
-0.00078178
-0.0007803
-0.00077881
-0.00077733
-0.00077584
-0.00077436
-0.00077287
-0.00077139
-0.0007699
-0.00076842
-0.00076693
-0.00076545
-0.00076397
-0.00076248
-0.000761
-0.00075951
-0.00075803
-0.00075654
-0.00075506
-0.00075357
-0.00075209
-0.00075061
-0.00074912
-0.00074764
-0.00074615
-0.00074467
-0.00074318
-0.0007417
-0.00074021
-0.00073873
-0.00073725
-0.00073576
-0.00073428
-0.00073279
-0.00073131
-0.00072982
-0.00072834
-0.00072685
-0.00072537
-0.00072389
-0.0007224
-0.00072092
-0.00071943
-0.00071795
-0.00071646
-0.00071498
-0.00071349
-0.00071201
-0.00071053
-0.00070904
-0.00070756
-0.00070607
-0.00070459
-0.0007031
-0.00070162
-0.00070013
-0.00069865
-0.00069716
-0.00069568
-0.0006942
-0.00069271
-0.00069123
-0.00068974
-0.00068826
-0.00068677
-0.00068529
-0.0006838
-0.00068232
-0.00068084
-0.00067935
-0.00067787
-0.00067638
-0.0006749
-0.00067341
-0.00067193
-0.00067044
-0.00066896
-0.00066748
-0.00066599
-0.00066451
-0.00066302
-0.00066154
-0.00066005
-0.00065857
-0.00065708
-0.0006556
-0.00065412
-0.00065263
-0.00065115
-0.00064966
-0.00064818
-0.00064669
-0.00064521
-0.00064372
-0.00064224
-0.00064075
-0.00063927
-0.00063779
-0.0006363
-0.00063482
-0.00063333
-0.00063185
-0.00063036
-0.00062888
-0.00062739
-0.00062591
-0.00062443
-0.00062294
-0.00062146
-0.00061997
-0.00061849
-0.000617
-0.00061552
-0.00061403
-0.00061255
-0.00061107
-0.00060958
-0.0006081
-0.00060661
-0.00060513
-0.00060364
-0.00060216
-0.00060067
-0.00059919
-0.00059771
-0.00059622
-0.00059474
-0.00059325
-0.00059177
-0.00059028
-0.0005888
-0.00058731
-0.00058583
-0.00058435
-0.00058286
-0.00058138
-0.00057989
-0.00057841
-0.00057692
-0.00057544
-0.00057395
-0.00057247
-0.00057098
-0.0005695
-0.00056802
-0.00056653
-0.00056505
-0.00056356
-0.00056208
-0.00056059
-0.00055911
-0.00055762
-0.00055614
-0.00055466
-0.00055317
-0.00055169
-0.0005502
-0.00054872
-0.00054723
-0.00054575
-0.00054426
-0.00054278
-0.0005413
-0.00053981
-0.00053833
-0.00053684
-0.00053536
-0.00053387
-0.00053239
-0.0005309
-0.00052942
-0.00052794
-0.00052645
-0.00052497
-0.00052348
-0.000522
-0.00052051
-0.00051903
-0.00051754
-0.00051606
-0.00051458
-0.00051309
-0.00051161
-0.00051012
-0.00050864
-0.00050715
-0.00050567
-0.00050418
-0.0005027
-0.00050121
-0.00049973
-0.00049825
-0.00049676
-0.00049528
-0.00049379
-0.00049231
-0.00049082
-0.00048934
-0.00048785
-0.00048637
-0.00048489
-0.0004834
-0.00048192
-0.00048043
-0.00047895
-0.00047746
-0.00047598
-0.00047449
-0.00047301
-0.00047153
-0.00047004
-0.00046856
-0.00046707
-0.00046559
-0.0004641
-0.00046262
-0.00046113
-0.00045965
-0.00045817
-0.00045668
-0.0004552
-0.00045371
-0.00045223
-0.00045074
-0.00044926
-0.00044777
-0.00044629
-0.00044481
-0.00044332
-0.00044184
-0.00044035
-0.00043887
-0.00043738
-0.0004359
-0.00043441
-0.00043293
-0.00043144
-0.00042996
-0.00042848
-0.00042699
-0.00042551
-0.00042402
-0.00042254
-0.00042105
-0.00041957
-0.00041808
-0.0004166
-0.00041512
-0.00041363
-0.00041215
-0.00041066
-0.00040918
-0.00040769
-0.00040621
-0.00040472
-0.00040324
-0.00040176
-0.00040027
-0.00039879
-0.0003973
-0.00039582
-0.00039433
-0.00039285
-0.00039136
-0.00038988
-0.0003884
-0.00038691
-0.00038543
-0.00038394
-0.00038246
-0.00038097
-0.00037949
-0.000378
-0.00037652
-0.00037504
-0.00037355
-0.00037207
-0.00037058
-0.0003691
-0.00036761
-0.00036613
-0.00036464
-0.00036316
-0.00036167
-0.00036019
-0.00035871
-0.00035722
-0.00035574
-0.00035425
-0.00035277
-0.00035128
-0.0003498
-0.00034831
-0.00034683
-0.00034535
-0.00034386
-0.00034238
-0.00034089
-0.00033941
-0.00033792
-0.00033644
-0.00033495
-0.00033347
-0.00033199
-0.0003305
-0.00032902
-0.00032753
-0.00032605
-0.00032456
-0.00032308
-0.00032159
-0.00032011
-0.00031863
-0.00031714
-0.00031566
-0.00031417
-0.00031269
-0.0003112
-0.00030972
-0.00030823
-0.00030675
-0.00030527
-0.00030378
-0.0003023
-0.00030081
-0.00029933
-0.00029784
-0.00029636
-0.00029487
-0.00029339
-0.0002919
-0.00029042
-0.00028894
-0.00028745
-0.00028597
-0.00028448
-0.000283
-0.00028151
-0.00028003
-0.00027854
-0.00027706
-0.00027558
-0.00027409
-0.00027261
-0.00027112
-0.00026964
-0.00026815
-0.00026667
-0.00026518
-0.0002637
-0.00026222
-0.00026073
-0.00025925
-0.00025776
-0.00025628
-0.00025479
-0.00025331
-0.00025182
-0.00025034
-0.00024886
-0.00024737
-0.00024589
-0.0002444
-0.00024292
-0.00024143
-0.00023995
-0.00023846
-0.00023698
-0.0002355
-0.00023401
-0.00023253
-0.00023104
-0.00022956
-0.00022807
-0.00022659
-0.0002251
-0.00022362
-0.00022213
-0.00022065
-0.00021917
-0.00021768
-0.0002162
-0.00021471
-0.00021323
-0.00021174
-0.00021026
-0.00020877
-0.00020729
-0.00020581
-0.00020432
-0.00020284
-0.00020135
-0.00019987
-0.00019838
-0.0001969
-0.00019541
-0.00019393
-0.00019245
-0.00019096
-0.00018948
-0.00018799
-0.00018651
-0.00018502
-0.00018354
-0.00018205
-0.00018057
-0.00017909
-0.0001776
-0.00017612
-0.00017463
-0.00017315
-0.00017166
-0.00017018
-0.00016869
-0.00016721
-0.00016573
-0.00016424
-0.00016276
-0.00016127
-0.00015979
-0.0001583
-0.00015682
-0.00015533
-0.00015385
-0.00015236
-0.00015088
-0.0001494
-0.00014791
-0.00014643
-0.00014494
-0.00014346
-0.00014197
-0.00014049
-0.000139
-0.00013752
-0.00013604
-0.00013455
-0.00013307
-0.00013158
-0.0001301
-0.00012861
-0.00012713
-0.00012564
-0.00012416
-0.00012268
-0.00012119
-0.00011971
-0.00011822
-0.00011674
-0.00011525
-0.00011377
-0.00011228
-0.0001108
-0.00010932
-0.00010783
-0.00010635
-0.00010486
-0.00010338
-0.00010189
-0.00010041
-9.8924e-05
-9.7439e-05
-9.5955e-05
-9.4471e-05
-9.2986e-05
-9.1502e-05
-9.0017e-05
-8.8533e-05
-8.7048e-05
-8.5564e-05
-8.4079e-05
-8.2595e-05
-8.111e-05
-7.9626e-05
-7.8141e-05
-7.6657e-05
-7.5172e-05
-7.3688e-05
-7.2204e-05
-7.0719e-05
-6.9235e-05
-6.775e-05
-6.6266e-05
-6.4781e-05
-6.3297e-05
-6.1812e-05
-6.0328e-05
-5.8843e-05
-5.7359e-05
-5.5874e-05
-5.439e-05
-5.2905e-05
-5.1421e-05
-4.9936e-05
-4.8452e-05
-4.6968e-05
-4.5483e-05
-4.3999e-05
-4.2514e-05
-4.103e-05
-3.9545e-05
-3.8061e-05
-3.6576e-05
-3.5092e-05
-3.3607e-05
-3.2123e-05
-3.0638e-05
-2.9154e-05
-2.7669e-05
-2.6185e-05
-2.4701e-05
-2.3216e-05
-2.1732e-05
-2.0247e-05
-1.8763e-05
-1.7278e-05
-1.5794e-05
-1.4309e-05
-1.2825e-05
-1.134e-05
-9.8558e-06
-8.3714e-06
-6.8869e-06
-5.4024e-06
-3.918e-06
-2.4335e-06
-9.4903e-07
5.3544e-07
2.0199e-06
3.5044e-06
4.9888e-06
6.4733e-06
7.9578e-06
9.4422e-06
1.0927e-05
1.2411e-05
1.3896e-05
1.538e-05
1.6865e-05
1.8349e-05
1.9834e-05
2.1318e-05
2.2802e-05
2.4287e-05
2.5771e-05
2.7256e-05
2.874e-05
3.0225e-05
3.1709e-05
3.3194e-05
3.4678e-05
3.6163e-05
3.7647e-05
3.9132e-05
4.0616e-05
4.2101e-05
4.3585e-05
4.5069e-05
4.6554e-05
4.8038e-05
4.9523e-05
5.1007e-05
5.2492e-05
5.3976e-05
5.5461e-05
5.6945e-05
5.843e-05
5.9914e-05
6.1399e-05
6.2883e-05
6.4368e-05
6.5852e-05
6.7337e-05
6.8821e-05
7.0305e-05
7.179e-05
7.3274e-05
7.4759e-05
7.6243e-05
7.7728e-05
7.9212e-05
8.0697e-05
8.2181e-05
8.3666e-05
8.515e-05
8.6635e-05
8.8119e-05
8.9604e-05
9.1088e-05
9.2572e-05
9.4057e-05
9.5541e-05
9.7026e-05
9.851e-05
9.9995e-05
0.00010148
0.00010296
0.00010445
0.00010593
0.00010742
0.0001089
0.00011039
0.00011187
0.00011336
0.00011484
0.00011632
0.00011781
0.00011929
0.00012078
0.00012226
0.00012375
0.00012523
0.00012672
0.0001282
0.00012968
0.00013117
0.00013265
0.00013414
0.00013562
0.00013711
0.00013859
0.00014008
0.00014156
0.00014304
0.00014453
0.00014601
0.0001475
0.00014898
0.00015047
0.00015195
0.00015344
0.00015492
0.0001564
0.00015789
0.00015937
0.00016086
0.00016234
0.00016383
0.00016531
0.0001668
0.00016828
0.00016976
0.00017125
0.00017273
0.00017422
0.0001757
0.00017719
0.00017867
0.00018016
0.00018164
0.00018313
0.00018461
0.00018609
0.00018758
0.00018906
0.00019055
0.00019203
0.00019352
0.000195
0.00019649
0.00019797
0.00019945
0.00020094
0.00020242
0.00020391
0.00020539
0.00020688
0.00020836
0.00020985
0.00021133
0.00021281
0.0002143
0.00021578
0.00021727
0.00021875
0.00022024
0.00022172
0.00022321
0.00022469
0.00022617
0.00022766
0.00022914
0.00023063
0.00023211
0.0002336
0.00023508
0.00023657
0.00023805
0.00023953
0.00024102
0.0002425
0.00024399
0.00024547
0.00024696
0.00024844
0.00024993
0.00025141
0.0002529
0.00025438
0.00025586
0.00025735
0.00025883
0.00026032
0.0002618
0.00026329
0.00026477
0.00026626
0.00026774
0.00026922
0.00027071
0.00027219
0.00027368
0.00027516
0.00027665
0.00027813
0.00027962
0.0002811
0.00028258
0.00028407
0.00028555
0.00028704
0.00028852
0.00029001
0.00029149
0.00029298
0.00029446
0.00029594
0.00029743
0.00029891
0.0003004
0.00030188
0.00030337
0.00030485
0.00030634
0.00030782
0.0003093
0.00031079
0.00031227
0.00031376
0.00031524
0.00031673
0.00031821
0.0003197
0.00032118
0.00032267
0.00032415
0.00032563
0.00032712
0.0003286
0.00033009
0.00033157
0.00033306
0.00033454
0.00033603
0.00033751
0.00033899
0.00034048
0.00034196
0.00034345
0.00034493
0.00034642
0.0003479
0.00034939
0.00035087
0.00035235
0.00035384
0.00035532
0.00035681
0.00035829
0.00035978
0.00036126
0.00036275
0.00036423
0.00036571
0.0003672
0.00036868
0.00037017
0.00037165
0.00037314
0.00037462
0.00037611
0.00037759
0.00037907
0.00038056
0.00038204
0.00038353
0.00038501
0.0003865
0.00038798
0.00038947
0.00039095
0.00039244
0.00039392
0.0003954
0.00039689
0.00039837
0.00039986
0.00040134
0.00040283
0.00040431
0.0004058
0.00040728
0.00040876
0.00041025
0.00041173
0.00041322
0.0004147
0.00041619
0.00041767
0.00041916
0.00042064
0.00042212
0.00042361
0.00042509
0.00042658
0.00042806
0.00042955
0.00043103
0.00043252
0.000434
0.00043548
0.00043697
0.00043845
0.00043994
0.00044142
0.00044291
0.00044439
0.00044588
0.00044736
0.00044884
0.00045033
0.00045181
0.0004533
0.00045478
0.00045627
0.00045775
0.00045924
0.00046072
0.00046221
0.00046369
0.00046517
0.00046666
0.00046814
0.00046963
0.00047111
0.0004726
0.00047408
0.00047557
0.00047705
0.00047853
0.00048002
0.0004815
0.00048299
0.00048447
0.00048596
0.00048744
0.00048893
0.00049041
0.00049189
0.00049338
0.00049486
0.00049635
0.00049783
0.00049932
0.0005008
0.00050229
0.00050377
0.00050525
0.00050674
0.00050822
0.00050971
0.00051119
0.00051268
0.00051416
0.00051565
0.00051713
0.00051861
0.0005201
0.00052158
0.00052307
0.00052455
0.00052604
0.00052752
0.00052901
0.00053049
0.00053197
0.00053346
0.00053494
0.00053643
0.00053791
0.0005394
0.00054088
0.00054237
0.00054385
0.00054533
0.00054682
0.0005483
0.00054979
0.00055127
0.00055276
0.00055424
0.00055573
0.00055721
0.00055869
0.00056018
0.00056166
0.00056315
0.00056463
0.00056612
0.0005676
0.00056908
0.00057057
0.00057205
0.00057354
0.00057502
0.00057651
0.00057799
0.00057947
0.00058096
0.00058244
0.00058393
0.00058541
0.0005869
0.00058838
0.00058986
0.00059135
0.00059283
0.00059432
0.0005958
0.00059729
0.00059877
0.00060025
0.00060174
0.00060322
0.00060471
0.00060619
0.00060767
0.00060916
0.00061064
0.00061213
0.00061361
0.00061509
0.00061658
0.00061806
0.00061954
0.00062103
0.00062251
0.000624
0.00062548
0.00062696
0.00062845
0.00062993
0.00063141
0.0006329
0.00063438
0.00063586
0.00063735
0.00063883
0.00064031
0.0006418
0.00064328
0.00064476
0.00064624
0.00064773
0.00064921
0.00065069
0.00065217
0.00065366
0.00065514
0.00065662
0.0006581
0.00065959
0.00066107
0.00066255
0.00066403
0.00066551
0.00066699
0.00066848
0.00066996
0.00067144
0.00067292
0.0006744
0.00067588
0.00067736
0.00067884
0.00068032
0.0006818
0.00068328
0.00068476
0.00068624
0.00068772
0.0006892
0.00069067
0.00069215
0.00069363
0.00069511
0.00069659
0.00069806
0.00069954
0.00070102
0.00070249
0.00070397
0.00070545
0.00070692
0.0007084
0.00070987
0.00071134
0.00071282
0.00071429
0.00071576
0.00071724
0.00071871
0.00072018
0.00072165
0.00072312
0.00072459
0.00072606
0.00072753
0.000729
0.00073046
0.00073193
0.0007334
0.00073486
0.00073633
0.00073779
0.00073925
0.00074072
0.00074218
0.00074364
0.0007451
0.00074656
0.00074801
0.00074947
0.00075093
0.00075238
0.00075384
0.00075529
0.00075674
0.00075819
0.00075964
0.00076109
0.00076253
0.00076398
0.00076542
0.00076686
0.00076831
0.00076975
0.00077118
0.00077262
0.00077405
0.00077549
0.00077692
0.00077835
0.00077977
0.0007812
0.00078262
0.00078404
0.00078546
0.00078688
0.0007883
0.00078971
0.00079112
0.00079253
0.00079393
0.00079533
0.00079673
0.00079813
0.00079952
0.00080092
0.0008023
0.00080369
0.00080507
0.00080645
0.00080783
0.0008092
0.00081057
0.00081193
0.00081329
0.00081465
0.000816
0.00081735
0.0008187
0.00082004
0.00082137
0.00082271
0.00082403
0.00082535
0.00082667
0.00082798
0.00082929
0.00083059
0.00083189
0.00083318
0.00083447
0.00083575
0.00083702
0.00083829
0.00083955
0.0008408
0.00084205
0.00084329
0.00084453
0.00084575
0.00084697
0.00084818
0.00084939
0.00085058
0.00085177
0.00085295
0.00085412
0.00085529
0.00085644
0.00085759
0.00085872
0.00085985
0.00086096
0.00086207
0.00086317
0.00086425
0.00086533
0.00086639
0.00086745
0.00086849
0.00086952
0.00087053
0.00087154
0.00087253
0.00087351
0.00087448
0.00087544
0.00087638
0.0008773
0.00087821
0.00087911
0.00088
0.00088086
0.00088172
0.00088255
0.00088337
0.00088418
0.00088496
0.00088573
0.00088649
0.00088722
0.00088794
0.00088864
0.00088931
0.00088997
0.00089061
0.00089123
0.00089183
0.00089241
0.00089297
0.0008935
0.00089401
0.00089451
0.00089497
0.00089542
0.00089584
0.00089623
0.0008966
0.00089695
0.00089727
0.00089756
0.00089783
0.00089806
0.00089828
0.00089846
0.00089861
0.00089874
0.00089883
0.0008989
0.00089893
0.00089894
0.00089891
0.00089885
0.00089875
0.00089862
0.00089846
0.00089826
0.00089803
0.00089776
0.00089746
0.00089711
0.00089673
0.00089632
0.00089586
0.00089536
0.00089482
0.00089424
0.00089362
0.00089296
0.00089226
0.00089151
0.00089071
0.00088987
0.00088899
0.00088806
0.00088708
0.00088606
0.00088498
0.00088386
0.00088268
0.00088146
0.00088018
0.00087885
0.00087747
0.00087604
0.00087455
0.000873
0.0008714
0.00086974
0.00086802
0.00086625
0.00086441
0.00086252
0.00086056
0.00085854
0.00085646
0.00085432
0.00085211
0.00084983
0.00084749
0.00084509
0.00084261
0.00084006
0.00083745
0.00083476
0.00083201
0.00082917
0.00082627
0.00082329
0.00082024
0.00081711
0.0008139
0.00081062
0.00080725
0.00080381
0.00080028
0.00079667
0.00079298
0.00078921
0.00078535
0.0007814
0.00077737
0.00077325
0.00076904
0.00076474
0.00076034
0.00075586
0.00075128
0.00074661
0.00074184
0.00073698
0.00073202
0.00072696
0.0007218
0.00071654
0.00071118
0.00070572
0.00070015
0.00069448
0.0006887
0.00068281
0.00067682
0.00067071
0.0006645
0.00065817
0.00065174
0.00064518
0.00063852
0.00063174
0.00062483
0.00061782
0.00061068
0.00060342
0.00059604
0.00058854
0.00058091
0.00057316
0.00056528
0.00055728
0.00054913
0.00054088
0.00053247
0.00052396
0.00051528
0.00050651
0.00049755
0.00048851
0.00047927
0.00046997
0.00046043
0.00045087
0.00044102
0.00043119
0.00042104
0.00041094
0.00040047
0.0003901
0.00037931
0.00036865
0.00035755
0.0003466
0.00033518
0.00032391
0.0003122
0.00030058
0.0002886
0.00027661
0.00026438
0.00025197
0.00023952
0.00022666
0.000214
0.00020067
0.00018782
0.00017402
0.00016095
0.00014669
0.00013337
0.0001187
0.00010506
9.0043e-05
7.5994e-05
6.0719e-05
4.6166e-05
3.0713e-05
1.5577e-05
