-0.002699
-0.0033866
-0.0037105
-0.0038939
-0.0040072
-0.0040803
-0.0041287
-0.0041607
-0.0041815
-0.0041945
-0.0042018
-0.004205
-0.004205
-0.0042027
-0.0041985
-0.004193
-0.0041863
-0.0041788
-0.0041706
-0.0041619
-0.0041527
-0.0041432
-0.0041334
-0.0041234
-0.0041131
-0.0041028
-0.0040923
-0.0040817
-0.0040711
-0.0040603
-0.0040495
-0.0040387
-0.0040278
-0.0040169
-0.004006
-0.003995
-0.0039841
-0.0039731
-0.0039621
-0.003951
-0.00394
-0.003929
-0.003918
-0.0039069
-0.0038959
-0.0038848
-0.0038738
-0.0038627
-0.0038517
-0.0038406
-0.0038295
-0.0038185
-0.0038074
-0.0037964
-0.0037853
-0.0037742
-0.0037632
-0.0037521
-0.003741
-0.00373
-0.0037189
-0.0037078
-0.0036968
-0.0036857
-0.0036746
-0.0036636
-0.0036525
-0.0036414
-0.0036303
-0.0036193
-0.0036082
-0.0035971
-0.0035861
-0.003575
-0.0035639
-0.0035529
-0.0035418
-0.0035307
-0.0035197
-0.0035086
-0.0034975
-0.0034864
-0.0034754
-0.0034643
-0.0034532
-0.0034422
-0.0034311
-0.00342
-0.003409
-0.0033979
-0.0033868
-0.0033758
-0.0033647
-0.0033536
-0.0033426
-0.0033315
-0.0033204
-0.0033093
-0.0032983
-0.0032872
-0.0032761
-0.0032651
-0.003254
-0.0032429
-0.0032319
-0.0032208
-0.0032097
-0.0031987
-0.0031876
-0.0031765
-0.0031654
-0.0031544
-0.0031433
-0.0031322
-0.0031212
-0.0031101
-0.003099
-0.003088
-0.0030769
-0.0030658
-0.0030548
-0.0030437
-0.0030326
-0.0030215
-0.0030105
-0.0029994
-0.0029883
-0.0029773
-0.0029662
-0.0029551
-0.0029441
-0.002933
-0.0029219
-0.0029109
-0.0028998
-0.0028887
-0.0028776
-0.0028666
-0.0028555
-0.0028444
-0.0028334
-0.0028223
-0.0028112
-0.0028002
-0.0027891
-0.002778
-0.002767
-0.0027559
-0.0027448
-0.0027337
-0.0027227
-0.0027116
-0.0027005
-0.0026895
-0.0026784
-0.0026673
-0.0026563
-0.0026452
-0.0026341
-0.0026231
-0.002612
-0.0026009
-0.0025898
-0.0025788
-0.0025677
-0.0025566
-0.0025456
-0.0025345
-0.0025234
-0.0025124
-0.0025013
-0.0024902
-0.0024792
-0.0024681
-0.002457
-0.0024459
-0.0024349
-0.0024238
-0.0024127
-0.0024017
-0.0023906
-0.0023795
-0.0023685
-0.0023574
-0.0023463
-0.0023353
-0.0023242
-0.0023131
-0.0023021
-0.002291
-0.0022799
-0.0022688
-0.0022578
-0.0022467
-0.0022356
-0.0022246
-0.0022135
-0.0022024
-0.0021914
-0.0021803
-0.0021692
-0.0021582
-0.0021471
-0.002136
-0.0021249
-0.0021139
-0.0021028
-0.0020917
-0.0020807
-0.0020696
-0.0020585
-0.0020475
-0.0020364
-0.0020253
-0.0020143
-0.0020032
-0.0019921
-0.001981
-0.00197
-0.0019589
-0.0019478
-0.0019368
-0.0019257
-0.0019146
-0.0019036
-0.0018925
-0.0018814
-0.0018704
-0.0018593
-0.0018482
-0.0018371
-0.0018261
-0.001815
-0.0018039
-0.0017929
-0.0017818
-0.0017707
-0.0017597
-0.0017486
-0.0017375
-0.0017265
-0.0017154
-0.0017043
-0.0016932
-0.0016822
-0.0016711
-0.00166
-0.001649
-0.0016379
-0.0016268
-0.0016158
-0.0016047
-0.0015936
-0.0015826
-0.0015715
-0.0015604
-0.0015493
-0.0015383
-0.0015272
-0.0015161
-0.0015051
-0.001494
-0.0014829
-0.0014719
-0.0014608
-0.0014497
-0.0014387
-0.0014276
-0.0014165
-0.0014054
-0.0013944
-0.0013833
-0.0013722
-0.0013612
-0.0013501
-0.001339
-0.001328
-0.0013169
-0.0013058
-0.0012948
-0.0012837
-0.0012726
-0.0012616
-0.0012505
-0.0012394
-0.0012283
-0.0012173
-0.0012062
-0.0011951
-0.0011841
-0.001173
-0.0011619
-0.0011509
-0.0011398
-0.0011287
-0.0011177
-0.0011066
-0.0010955
-0.0010844
-0.0010734
-0.0010623
-0.0010512
-0.0010402
-0.0010291
-0.001018
-0.001007
-0.00099589
-0.00098482
-0.00097375
-0.00096268
-0.00095161
-0.00094055
-0.00092948
-0.00091841
-0.00090734
-0.00089627
-0.0008852
-0.00087413
-0.00086306
-0.00085199
-0.00084092
-0.00082985
-0.00081878
-0.00080772
-0.00079665
-0.00078558
-0.00077451
-0.00076344
-0.00075237
-0.0007413
-0.00073023
-0.00071916
-0.00070809
-0.00069702
-0.00068595
-0.00067489
-0.00066382
-0.00065275
-0.00064168
-0.00063061
-0.00061954
-0.00060847
-0.0005974
-0.00058633
-0.00057526
-0.00056419
-0.00055313
-0.00054206
-0.00053099
-0.00051992
-0.00050885
-0.00049778
-0.00048671
-0.00047564
-0.00046457
-0.0004535
-0.00044243
-0.00043136
-0.0004203
-0.00040923
-0.00039816
-0.00038709
-0.00037602
-0.00036495
-0.00035388
-0.00034281
-0.00033174
-0.00032067
-0.0003096
-0.00029854
-0.00028747
-0.0002764
-0.00026533
-0.00025426
-0.00024319
-0.00023212
-0.00022105
-0.00020998
-0.00019891
-0.00018784
-0.00017678
-0.00016571
-0.00015464
-0.00014357
-0.0001325
-0.00012143
-0.00011036
-9.9292e-05
-8.8223e-05
-7.7154e-05
-6.6084e-05
-5.5015e-05
-4.3946e-05
-3.2877e-05
-2.1808e-05
-1.0739e-05
3.2947e-07
1.1398e-05
2.2467e-05
3.3536e-05
4.4605e-05
5.5674e-05
6.6743e-05
7.7812e-05
8.8881e-05
9.995e-05
0.00011102
0.00012209
0.00013316
0.00014422
0.00015529
0.00016636
0.00017743
0.0001885
0.00019957
0.00021064
0.0002217
0.00023277
0.00024384
0.00025491
0.00026598
0.00027705
0.00028811
0.00029918
0.00031025
0.00032132
0.00033239
0.00034346
0.00035452
0.00036559
0.00037666
0.00038773
0.00039879
0.00040986
0.00042093
0.000432
0.00044306
0.00045413
0.0004652
0.00047626
0.00048733
0.0004984
0.00050946
0.00052053
0.00053159
0.00054266
0.00055373
0.00056479
0.00057586
0.00058692
0.00059799
0.00060905
0.00062011
0.00063118
0.00064224
0.00065331
0.00066437
0.00067543
0.00068649
0.00069756
0.00070862
0.00071968
0.00073074
0.0007418
0.00075286
0.00076392
0.00077498
0.00078604
0.0007971
0.00080815
0.00081921
0.00083027
0.00084132
0.00085238
0.00086343
0.00087449
0.00088554
0.00089659
0.00090764
0.00091869
0.00092974
0.00094079
0.00095184
0.00096289
0.00097393
0.00098497
0.00099602
0.0010071
0.0010181
0.0010291
0.0010402
0.0010512
0.0010623
0.0010733
0.0010843
0.0010953
0.0011064
0.0011174
0.0011284
0.0011394
0.0011505
0.0011615
0.0011725
0.0011835
0.0011945
0.0012055
0.0012165
0.0012276
0.0012386
0.0012496
0.0012605
0.0012715
0.0012825
0.0012935
0.0013045
0.0013155
0.0013264
0.0013374
0.0013484
0.0013594
0.0013703
0.0013813
0.0013922
0.0014032
0.0014141
0.001425
0.001436
0.0014469
0.0014578
0.0014687
0.0014796
0.0014905
0.0015014
0.0015123
0.0015232
0.001534
0.0015449
0.0015558
0.0015666
0.0015775
0.0015883
0.0015991
0.0016099
0.0016207
0.0016315
0.0016423
0.0016531
0.0016639
0.0016746
0.0016853
0.0016961
0.0017068
0.0017175
0.0017282
0.0017389
0.0017495
0.0017602
0.0017708
0.0017814
0.0017921
0.0018026
0.0018132
0.0018238
0.0018343
0.0018448
0.0018553
0.0018658
0.0018763
0.0018867
0.0018972
0.0019076
0.001918
0.0019283
0.0019387
0.001949
0.0019593
0.0019695
0.0019798
0.00199
0.0020002
0.0020103
0.0020205
0.0020306
0.0020406
0.0020507
0.0020607
0.0020707
0.0020806
0.0020905
0.0021004
0.0021102
0.00212
0.0021298
0.0021395
0.0021492
0.0021588
0.0021684
0.002178
0.0021875
0.002197
0.0022064
0.0022158
0.0022251
0.0022344
0.0022436
0.0022528
0.0022619
0.002271
0.00228
0.002289
0.0022979
0.0023067
0.0023155
0.0023243
0.0023329
0.0023415
0.00235
0.0023585
0.0023669
0.0023752
0.0023835
0.0023916
0.0023997
0.0024077
0.0024157
0.0024236
0.0024313
0.002439
0.0024466
0.0024542
0.0024616
0.002469
0.0024762
0.0024834
0.0024904
0.0024974
0.0025043
0.002511
0.0025177
0.0025242
0.0025307
0.002537
0.0025432
0.0025493
0.0025553
0.0025612
0.0025669
0.0025726
0.0025781
0.0025834
0.0025887
0.0025938
0.0025988
0.0026036
0.0026083
0.0026128
0.0026172
0.0026215
0.0026256
0.0026296
0.0026334
0.002637
0.0026405
0.0026438
0.002647
0.00265
0.0026528
0.0026554
0.0026579
0.0026602
0.0026623
0.0026642
0.0026659
0.0026674
0.0026688
0.0026699
0.0026708
0.0026716
0.0026721
0.0026724
0.0026725
0.0026724
0.0026721
0.0026715
0.0026707
0.0026697
0.0026685
0.002667
0.0026652
0.0026633
0.002661
0.0026586
0.0026559
0.0026529
0.0026496
0.0026461
0.0026424
0.0026383
0.002634
0.0026294
0.0026245
0.0026193
0.0026139
0.0026081
0.0026021
0.0025957
0.002589
0.0025821
0.0025748
0.0025672
0.0025593
0.002551
0.0025424
0.0025335
0.0025243
0.0025147
0.0025048
0.0024945
0.0024838
0.0024729
0.0024615
0.0024498
0.0024377
0.0024252
0.0024124
0.0023992
0.0023856
0.0023715
0.0023572
0.0023424
0.0023272
0.0023116
0.0022955
0.0022791
0.0022622
0.002245
0.0022273
0.0022091
0.0021905
0.0021715
0.002152
0.0021321
0.0021118
0.0020909
0.0020696
0.0020478
0.0020256
0.0020029
0.0019797
0.001956
0.0019318
0.0019072
0.001882
0.0018563
0.0018301
0.0018034
0.0017762
0.0017485
0.0017202
0.0016914
0.0016621
0.0016322
0.0016019
0.0015709
0.0015394
0.0015073
0.0014747
0.0014414
0.0014078
0.0013733
0.0013386
0.0013028
0.0012671
0.0012299
0.0011932
0.0011547
0.0011169
0.001077
0.0010383
0.00099682
0.00095709
0.00091418
0.00087339
0.00082905
0.0007871
0.00074142
0.00069817
0.00065126
0.00060655
0.00055855
0.00051221
0.00046323
0.00041517
0.00036521
0.00031543
0.00026443
0.00021301
0.0001608
0.00010788
5.4317e-05
