-2.031e-06
-4.0368e-06
-6.0206e-06
-7.9774e-06
-9.9147e-06
-1.1823e-05
-1.3715e-05
-1.5576e-05
-1.7422e-05
-1.9237e-05
-2.1039e-05
-2.2807e-05
-2.4565e-05
-2.6288e-05
-2.8003e-05
-2.9682e-05
-3.1355e-05
-3.2989e-05
-3.462e-05
-3.6211e-05
-3.7802e-05
-3.935e-05
-4.0901e-05
-4.2408e-05
-4.3919e-05
-4.5384e-05
-4.6856e-05
-4.8281e-05
-4.9715e-05
-5.11e-05
-5.2497e-05
-5.3843e-05
-5.5203e-05
-5.6511e-05
-5.7835e-05
-5.9104e-05
-6.0393e-05
-6.1626e-05
-6.2879e-05
-6.4076e-05
-6.5295e-05
-6.6456e-05
-6.7642e-05
-6.8768e-05
-6.9921e-05
-7.1013e-05
-7.2134e-05
-7.3192e-05
-7.4281e-05
-7.5306e-05
-7.6364e-05
-7.7357e-05
-7.8384e-05
-7.9346e-05
-8.0343e-05
-8.1274e-05
-8.2242e-05
-8.3142e-05
-8.4082e-05
-8.4952e-05
-8.5864e-05
-8.6705e-05
-8.7589e-05
-8.8403e-05
-8.9259e-05
-9.0045e-05
-9.0875e-05
-9.1634e-05
-9.2438e-05
-9.3171e-05
-9.395e-05
-9.4657e-05
-9.541e-05
-9.6092e-05
-9.6821e-05
-9.7479e-05
-9.8183e-05
-9.8818e-05
-9.9499e-05
-0.00010011
-0.00010077
-0.00010136
-0.00010199
-0.00010256
-0.00010317
-0.00010372
-0.00010431
-0.00010483
-0.0001054
-0.00010591
-0.00010646
-0.00010694
-0.00010747
-0.00010794
-0.00010845
-0.0001089
-0.00010938
-0.00010982
-0.00011028
-0.0001107
-0.00011115
-0.00011155
-0.00011198
-0.00011236
-0.00011277
-0.00011314
-0.00011353
-0.00011389
-0.00011426
-0.0001146
-0.00011496
-0.00011529
-0.00011563
-0.00011594
-0.00011627
-0.00011656
-0.00011688
-0.00011716
-0.00011746
-0.00011773
-0.00011801
-0.00011827
-0.00011854
-0.00011879
-0.00011904
-0.00011928
-0.00011951
-0.00011974
-0.00011997
-0.00012018
-0.00012039
-0.0001206
-0.0001208
-0.000121
-0.00012118
-0.00012137
-0.00012155
-0.00012173
-0.00012189
-0.00012206
-0.00012221
-0.00012237
-0.00012251
-0.00012266
-0.00012279
-0.00012294
-0.00012306
-0.0001232
-0.00012331
-0.00012344
-0.00012354
-0.00012366
-0.00012375
-0.00012387
-0.00012395
-0.00012406
-0.00012413
-0.00012423
-0.0001243
-0.00012439
-0.00012445
-0.00012454
-0.00012459
-0.00012467
-0.00012472
-0.00012479
-0.00012483
-0.0001249
-0.00012493
-0.00012499
-0.00012502
-0.00012508
-0.0001251
-0.00012515
-0.00012517
-0.00012521
-0.00012522
-0.00012526
-0.00012527
-0.0001253
-0.0001253
-0.00012533
-0.00012533
-0.00012535
-0.00012534
-0.00012536
-0.00012535
-0.00012536
-0.00012535
-0.00012536
-0.00012534
-0.00012534
-0.00012532
-0.00012532
-0.0001253
-0.00012529
-0.00012527
-0.00012526
-0.00012523
-0.00012521
-0.00012518
-0.00012516
-0.00012513
-0.00012511
-0.00012507
-0.00012505
-0.00012501
-0.00012498
-0.00012494
-0.0001249
-0.00012486
-0.00012483
-0.00012478
-0.00012474
-0.0001247
-0.00012465
-0.00012461
-0.00012456
-0.00012451
-0.00012446
-0.00012441
-0.00012436
-0.00012431
-0.00012426
-0.0001242
-0.00012415
-0.00012409
-0.00012403
-0.00012398
-0.00012392
-0.00012386
-0.0001238
-0.00012374
-0.00012367
-0.00012361
-0.00012355
-0.00012348
-0.00012342
-0.00012335
-0.00012329
-0.00012322
-0.00012315
-0.00012308
-0.00012301
-0.00012294
-0.00012287
-0.0001228
-0.00012273
-0.00012266
-0.00012259
-0.00012251
-0.00012244
-0.00012237
-0.00012229
-0.00012222
-0.00012214
-0.00012207
-0.00012199
-0.00012191
-0.00012184
-0.00012176
-0.00012168
-0.0001216
-0.00012152
-0.00012145
-0.00012137
-0.00012129
-0.00012121
-0.00012113
-0.00012105
-0.00012096
-0.00012088
-0.0001208
-0.00012072
-0.00012064
-0.00012055
-0.00012047
-0.00012039
-0.00012031
-0.00012022
-0.00012014
-0.00012006
-0.00011997
-0.00011989
-0.0001198
-0.00011972
-0.00011963
-0.00011955
-0.00011946
-0.00011938
-0.00011929
-0.00011921
-0.00011912
-0.00011903
-0.00011895
-0.00011886
-0.00011877
-0.00011869
-0.0001186
-0.00011851
-0.00011843
-0.00011834
-0.00011825
-0.00011816
-0.00011808
-0.00011799
-0.0001179
-0.00011781
-0.00011772
-0.00011764
-0.00011755
-0.00011746
-0.00011737
-0.00011728
-0.00011719
-0.0001171
-0.00011702
-0.00011693
-0.00011684
-0.00011675
-0.00011666
-0.00011657
-0.00011648
-0.00011639
-0.0001163
-0.00011621
-0.00011612
-0.00011603
-0.00011594
-0.00011585
-0.00011576
-0.00011567
-0.00011558
-0.00011549
-0.0001154
-0.00011532
-0.00011522
-0.00011513
-0.00011504
-0.00011495
-0.00011486
-0.00011477
-0.00011468
-0.00011459
-0.0001145
-0.00011441
-0.00011432
-0.00011423
-0.00011414
-0.00011405
-0.00011396
-0.00011387
-0.00011378
-0.00011369
-0.0001136
-0.00011351
-0.00011342
-0.00011333
-0.00011324
-0.00011315
-0.00011305
-0.00011296
-0.00011287
-0.00011278
-0.00011269
-0.0001126
-0.00011251
-0.00011242
-0.00011233
-0.00011224
-0.00011215
-0.00011206
-0.00011196
-0.00011187
-0.00011178
-0.00011169
-0.0001116
-0.00011151
-0.00011142
-0.00011133
-0.00011124
-0.00011115
-0.00011105
-0.00011096
-0.00011087
-0.00011078
-0.00011069
-0.0001106
-0.00011051
-0.00011042
-0.00011033
-0.00011024
-0.00011014
-0.00011005
-0.00010996
-0.00010987
-0.00010978
-0.00010969
-0.0001096
-0.00010951
-0.00010942
-0.00010932
-0.00010923
-0.00010914
-0.00010905
-0.00010896
-0.00010887
-0.00010878
-0.00010869
-0.0001086
-0.0001085
-0.00010841
-0.00010832
-0.00010823
-0.00010814
-0.00010805
-0.00010796
-0.00010787
-0.00010777
-0.00010768
-0.00010759
-0.0001075
-0.00010741
-0.00010732
-0.00010723
-0.00010714
-0.00010705
-0.00010695
-0.00010686
-0.00010677
-0.00010668
-0.00010659
-0.0001065
-0.00010641
-0.00010632
-0.00010622
-0.00010613
-0.00010604
-0.00010595
-0.00010586
-0.00010577
-0.00010568
-0.00010559
-0.00010549
-0.0001054
-0.00010531
-0.00010522
-0.00010513
-0.00010504
-0.00010495
-0.00010486
-0.00010477
-0.00010467
-0.00010458
-0.00010449
-0.0001044
-0.00010431
-0.00010422
-0.00010413
-0.00010404
-0.00010394
-0.00010385
-0.00010376
-0.00010367
-0.00010358
-0.00010349
-0.0001034
-0.00010331
-0.00010321
-0.00010312
-0.00010303
-0.00010294
-0.00010285
-0.00010276
-0.00010267
-0.00010258
-0.00010248
-0.00010239
-0.0001023
-0.00010221
-0.00010212
-0.00010203
-0.00010194
-0.00010185
-0.00010176
-0.00010166
-0.00010157
-0.00010148
-0.00010139
-0.0001013
-0.00010121
-0.00010112
-0.00010103
-0.00010093
-0.00010084
-0.00010075
-0.00010066
-0.00010057
-0.00010048
-0.00010039
-0.0001003
-0.0001002
-0.00010011
-0.00010002
-9.9931e-05
-9.984e-05
-9.9748e-05
-9.9657e-05
-9.9566e-05
-9.9475e-05
-9.9383e-05
-9.9292e-05
-9.9201e-05
-9.911e-05
-9.9019e-05
-9.8927e-05
-9.8836e-05
-9.8745e-05
-9.8654e-05
-9.8563e-05
-9.8471e-05
-9.838e-05
-9.8289e-05
-9.8198e-05
-9.8106e-05
-9.8015e-05
-9.7924e-05
-9.7833e-05
-9.7742e-05
-9.765e-05
-9.7559e-05
-9.7468e-05
-9.7377e-05
-9.7285e-05
-9.7194e-05
-9.7103e-05
-9.7012e-05
-9.6921e-05
-9.6829e-05
-9.6738e-05
-9.6647e-05
-9.6556e-05
-9.6464e-05
-9.6373e-05
-9.6282e-05
-9.6191e-05
-9.61e-05
-9.6008e-05
-9.5917e-05
-9.5826e-05
-9.5735e-05
-9.5644e-05
-9.5552e-05
-9.5461e-05
-9.537e-05
-9.5279e-05
-9.5187e-05
-9.5096e-05
-9.5005e-05
-9.4914e-05
-9.4823e-05
-9.4731e-05
-9.464e-05
-9.4549e-05
-9.4458e-05
-9.4366e-05
-9.4275e-05
-9.4184e-05
-9.4093e-05
-9.4002e-05
-9.391e-05
-9.3819e-05
-9.3728e-05
-9.3637e-05
-9.3545e-05
-9.3454e-05
-9.3363e-05
-9.3272e-05
-9.3181e-05
-9.3089e-05
-9.2998e-05
-9.2907e-05
-9.2816e-05
-9.2724e-05
-9.2633e-05
-9.2542e-05
-9.2451e-05
-9.236e-05
-9.2268e-05
-9.2177e-05
-9.2086e-05
-9.1995e-05
-9.1904e-05
-9.1812e-05
-9.1721e-05
-9.163e-05
-9.1539e-05
-9.1447e-05
-9.1356e-05
-9.1265e-05
-9.1174e-05
-9.1083e-05
-9.0991e-05
-9.09e-05
-9.0809e-05
-9.0718e-05
-9.0626e-05
-9.0535e-05
-9.0444e-05
-9.0353e-05
-9.0262e-05
-9.017e-05
-9.0079e-05
-8.9988e-05
-8.9897e-05
-8.9805e-05
-8.9714e-05
-8.9623e-05
-8.9532e-05
-8.9441e-05
-8.9349e-05
-8.9258e-05
-8.9167e-05
-8.9076e-05
-8.8984e-05
-8.8893e-05
-8.8802e-05
-8.8711e-05
-8.862e-05
-8.8528e-05
-8.8437e-05
-8.8346e-05
-8.8255e-05
-8.8164e-05
-8.8072e-05
-8.7981e-05
-8.789e-05
-8.7799e-05
-8.7707e-05
-8.7616e-05
-8.7525e-05
-8.7434e-05
-8.7343e-05
-8.7251e-05
-8.716e-05
-8.7069e-05
-8.6978e-05
-8.6886e-05
-8.6795e-05
-8.6704e-05
-8.6613e-05
-8.6522e-05
-8.643e-05
-8.6339e-05
-8.6248e-05
-8.6157e-05
-8.6065e-05
-8.5974e-05
-8.5883e-05
-8.5792e-05
-8.5701e-05
-8.5609e-05
-8.5518e-05
-8.5427e-05
-8.5336e-05
-8.5244e-05
-8.5153e-05
-8.5062e-05
-8.4971e-05
-8.488e-05
-8.4788e-05
-8.4697e-05
-8.4606e-05
-8.4515e-05
-8.4424e-05
-8.4332e-05
-8.4241e-05
-8.415e-05
-8.4059e-05
-8.3967e-05
-8.3876e-05
-8.3785e-05
-8.3694e-05
-8.3603e-05
-8.3511e-05
-8.342e-05
-8.3329e-05
-8.3238e-05
-8.3146e-05
-8.3055e-05
-8.2964e-05
-8.2873e-05
-8.2782e-05
-8.269e-05
-8.2599e-05
-8.2508e-05
-8.2417e-05
-8.2325e-05
-8.2234e-05
-8.2143e-05
-8.2052e-05
-8.1961e-05
-8.1869e-05
-8.1778e-05
-8.1687e-05
-8.1596e-05
-8.1505e-05
-8.1413e-05
-8.1322e-05
-8.1231e-05
-8.114e-05
-8.1048e-05
-8.0957e-05
-8.0866e-05
-8.0775e-05
-8.0684e-05
-8.0592e-05
-8.0501e-05
-8.041e-05
-8.0319e-05
-8.0227e-05
-8.0136e-05
-8.0045e-05
-7.9954e-05
-7.9863e-05
-7.9771e-05
-7.968e-05
-7.9589e-05
-7.9498e-05
-7.9406e-05
-7.9315e-05
-7.9224e-05
-7.9133e-05
-7.9042e-05
-7.895e-05
-7.8859e-05
-7.8768e-05
-7.8677e-05
-7.8585e-05
-7.8494e-05
-7.8403e-05
-7.8312e-05
-7.8221e-05
-7.8129e-05
-7.8038e-05
-7.7947e-05
-7.7856e-05
-7.7765e-05
-7.7673e-05
-7.7582e-05
-7.7491e-05
-7.74e-05
-7.7308e-05
-7.7217e-05
-7.7126e-05
-7.7035e-05
-7.6944e-05
-7.6852e-05
-7.6761e-05
-7.667e-05
-7.6579e-05
-7.6487e-05
-7.6396e-05
-7.6305e-05
-7.6214e-05
-7.6123e-05
-7.6031e-05
-7.594e-05
-7.5849e-05
-7.5758e-05
-7.5666e-05
-7.5575e-05
-7.5484e-05
-7.5393e-05
-7.5302e-05
-7.521e-05
-7.5119e-05
-7.5028e-05
-7.4937e-05
-7.4845e-05
-7.4754e-05
-7.4663e-05
-7.4572e-05
-7.4481e-05
-7.4389e-05
-7.4298e-05
-7.4207e-05
-7.4116e-05
-7.4025e-05
-7.3933e-05
-7.3842e-05
-7.3751e-05
-7.366e-05
-7.3568e-05
-7.3477e-05
-7.3386e-05
-7.3295e-05
-7.3204e-05
-7.3112e-05
-7.3021e-05
-7.293e-05
-7.2839e-05
-7.2747e-05
-7.2656e-05
-7.2565e-05
-7.2474e-05
-7.2383e-05
-7.2291e-05
-7.22e-05
-7.2109e-05
-7.2018e-05
-7.1926e-05
-7.1835e-05
-7.1744e-05
-7.1653e-05
-7.1562e-05
-7.147e-05
-7.1379e-05
-7.1288e-05
-7.1197e-05
-7.1105e-05
-7.1014e-05
-7.0923e-05
-7.0832e-05
-7.0741e-05
-7.0649e-05
-7.0558e-05
-7.0467e-05
-7.0376e-05
-7.0285e-05
-7.0193e-05
-7.0102e-05
-7.0011e-05
-6.992e-05
-6.9828e-05
-6.9737e-05
-6.9646e-05
-6.9555e-05
-6.9464e-05
-6.9372e-05
-6.9281e-05
-6.919e-05
-6.9099e-05
-6.9007e-05
-6.8916e-05
-6.8825e-05
-6.8734e-05
-6.8643e-05
-6.8551e-05
-6.846e-05
-6.8369e-05
-6.8278e-05
-6.8186e-05
-6.8095e-05
-6.8004e-05
-6.7913e-05
-6.7822e-05
-6.773e-05
-6.7639e-05
-6.7548e-05
-6.7457e-05
-6.7366e-05
-6.7274e-05
-6.7183e-05
-6.7092e-05
-6.7001e-05
-6.6909e-05
-6.6818e-05
-6.6727e-05
-6.6636e-05
-6.6545e-05
-6.6453e-05
-6.6362e-05
-6.6271e-05
-6.618e-05
-6.6088e-05
-6.5997e-05
-6.5906e-05
-6.5815e-05
-6.5724e-05
-6.5632e-05
-6.5541e-05
-6.545e-05
-6.5359e-05
-6.5267e-05
-6.5176e-05
-6.5085e-05
-6.4994e-05
-6.4903e-05
-6.4811e-05
-6.472e-05
-6.4629e-05
-6.4538e-05
-6.4446e-05
-6.4355e-05
-6.4264e-05
-6.4173e-05
-6.4082e-05
-6.399e-05
-6.3899e-05
-6.3808e-05
-6.3717e-05
-6.3626e-05
-6.3534e-05
-6.3443e-05
-6.3352e-05
-6.3261e-05
-6.3169e-05
-6.3078e-05
-6.2987e-05
-6.2896e-05
-6.2805e-05
-6.2713e-05
-6.2622e-05
-6.2531e-05
-6.244e-05
-6.2348e-05
-6.2257e-05
-6.2166e-05
-6.2075e-05
-6.1984e-05
-6.1892e-05
-6.1801e-05
-6.171e-05
-6.1619e-05
-6.1527e-05
-6.1436e-05
-6.1345e-05
-6.1254e-05
-6.1163e-05
-6.1071e-05
-6.098e-05
-6.0889e-05
-6.0798e-05
-6.0706e-05
-6.0615e-05
-6.0524e-05
-6.0433e-05
-6.0342e-05
-6.025e-05
-6.0159e-05
-6.0068e-05
-5.9977e-05
-5.9886e-05
-5.9794e-05
-5.9703e-05
-5.9612e-05
-5.9521e-05
-5.9429e-05
-5.9338e-05
-5.9247e-05
-5.9156e-05
-5.9065e-05
-5.8973e-05
-5.8882e-05
-5.8791e-05
-5.87e-05
-5.8608e-05
-5.8517e-05
-5.8426e-05
-5.8335e-05
-5.8244e-05
-5.8152e-05
-5.8061e-05
-5.797e-05
-5.7879e-05
-5.7787e-05
-5.7696e-05
-5.7605e-05
-5.7514e-05
-5.7423e-05
-5.7331e-05
-5.724e-05
-5.7149e-05
-5.7058e-05
-5.6966e-05
-5.6875e-05
-5.6784e-05
-5.6693e-05
-5.6602e-05
-5.651e-05
-5.6419e-05
-5.6328e-05
-5.6237e-05
-5.6146e-05
-5.6054e-05
-5.5963e-05
-5.5872e-05
-5.5781e-05
-5.5689e-05
-5.5598e-05
-5.5507e-05
-5.5416e-05
-5.5325e-05
-5.5233e-05
-5.5142e-05
-5.5051e-05
-5.496e-05
-5.4868e-05
-5.4777e-05
-5.4686e-05
-5.4595e-05
-5.4504e-05
-5.4412e-05
-5.4321e-05
-5.423e-05
-5.4139e-05
-5.4047e-05
-5.3956e-05
-5.3865e-05
-5.3774e-05
-5.3683e-05
-5.3591e-05
-5.35e-05
-5.3409e-05
-5.3318e-05
-5.3227e-05
-5.3135e-05
-5.3044e-05
-5.2953e-05
-5.2862e-05
-5.277e-05
-5.2679e-05
-5.2588e-05
-5.2497e-05
-5.2406e-05
-5.2314e-05
-5.2223e-05
-5.2132e-05
-5.2041e-05
-5.1949e-05
-5.1858e-05
-5.1767e-05
-5.1676e-05
-5.1585e-05
-5.1493e-05
-5.1402e-05
-5.1311e-05
-5.122e-05
-5.1128e-05
-5.1037e-05
-5.0946e-05
-5.0855e-05
-5.0764e-05
-5.0672e-05
-5.0581e-05
-5.049e-05
-5.0399e-05
-5.0307e-05
-5.0216e-05
-5.0125e-05
-5.0034e-05
-4.9943e-05
-4.9851e-05
-4.976e-05
-4.9669e-05
-4.9578e-05
-4.9487e-05
-4.9395e-05
-4.9304e-05
-4.9213e-05
-4.9122e-05
-4.903e-05
-4.8939e-05
-4.8848e-05
-4.8757e-05
-4.8666e-05
-4.8574e-05
-4.8483e-05
-4.8392e-05
-4.8301e-05
-4.8209e-05
-4.8118e-05
-4.8027e-05
-4.7936e-05
-4.7845e-05
-4.7753e-05
-4.7662e-05
-4.7571e-05
-4.748e-05
-4.7388e-05
-4.7297e-05
-4.7206e-05
-4.7115e-05
-4.7024e-05
-4.6932e-05
-4.6841e-05
-4.675e-05
-4.6659e-05
-4.6567e-05
-4.6476e-05
-4.6385e-05
-4.6294e-05
-4.6203e-05
-4.6111e-05
-4.602e-05
-4.5929e-05
-4.5838e-05
-4.5747e-05
-4.5655e-05
-4.5564e-05
-4.5473e-05
-4.5382e-05
-4.529e-05
-4.5199e-05
-4.5108e-05
-4.5017e-05
-4.4926e-05
-4.4834e-05
-4.4743e-05
-4.4652e-05
-4.4561e-05
-4.4469e-05
-4.4378e-05
-4.4287e-05
-4.4196e-05
-4.4105e-05
-4.4013e-05
-4.3922e-05
-4.3831e-05
-4.374e-05
-4.3648e-05
-4.3557e-05
-4.3466e-05
-4.3375e-05
-4.3284e-05
-4.3192e-05
-4.3101e-05
-4.301e-05
-4.2919e-05
-4.2827e-05
-4.2736e-05
-4.2645e-05
-4.2554e-05
-4.2463e-05
-4.2371e-05
-4.228e-05
-4.2189e-05
-4.2098e-05
-4.2007e-05
-4.1915e-05
-4.1824e-05
-4.1733e-05
-4.1642e-05
-4.155e-05
-4.1459e-05
-4.1368e-05
-4.1277e-05
-4.1186e-05
-4.1094e-05
-4.1003e-05
-4.0912e-05
-4.0821e-05
-4.0729e-05
-4.0638e-05
-4.0547e-05
-4.0456e-05
-4.0365e-05
-4.0273e-05
-4.0182e-05
-4.0091e-05
-4e-05
-3.9908e-05
-3.9817e-05
-3.9726e-05
-3.9635e-05
-3.9544e-05
-3.9452e-05
-3.9361e-05
-3.927e-05
-3.9179e-05
-3.9087e-05
-3.8996e-05
-3.8905e-05
-3.8814e-05
-3.8723e-05
-3.8631e-05
-3.854e-05
-3.8449e-05
-3.8358e-05
-3.8267e-05
-3.8175e-05
-3.8084e-05
-3.7993e-05
-3.7902e-05
-3.781e-05
-3.7719e-05
-3.7628e-05
-3.7537e-05
-3.7446e-05
-3.7354e-05
-3.7263e-05
-3.7172e-05
-3.7081e-05
-3.6989e-05
-3.6898e-05
-3.6807e-05
-3.6716e-05
-3.6625e-05
-3.6533e-05
-3.6442e-05
-3.6351e-05
-3.626e-05
-3.6168e-05
-3.6077e-05
-3.5986e-05
-3.5895e-05
-3.5804e-05
-3.5712e-05
-3.5621e-05
-3.553e-05
-3.5439e-05
-3.5348e-05
-3.5256e-05
-3.5165e-05
-3.5074e-05
-3.4983e-05
-3.4891e-05
-3.48e-05
-3.4709e-05
-3.4618e-05
-3.4527e-05
-3.4435e-05
-3.4344e-05
-3.4253e-05
-3.4162e-05
-3.407e-05
-3.3979e-05
-3.3888e-05
-3.3797e-05
-3.3706e-05
-3.3614e-05
-3.3523e-05
-3.3432e-05
-3.3341e-05
-3.3249e-05
-3.3158e-05
-3.3067e-05
-3.2976e-05
-3.2885e-05
-3.2793e-05
-3.2702e-05
-3.2611e-05
-3.252e-05
-3.2428e-05
-3.2337e-05
-3.2246e-05
-3.2155e-05
-3.2064e-05
-3.1972e-05
-3.1881e-05
-3.179e-05
-3.1699e-05
-3.1608e-05
-3.1516e-05
-3.1425e-05
-3.1334e-05
-3.1243e-05
-3.1151e-05
-3.106e-05
-3.0969e-05
-3.0878e-05
-3.0787e-05
-3.0695e-05
-3.0604e-05
-3.0513e-05
-3.0422e-05
-3.033e-05
-3.0239e-05
-3.0148e-05
-3.0057e-05
-2.9966e-05
-2.9874e-05
-2.9783e-05
-2.9692e-05
-2.9601e-05
-2.9509e-05
-2.9418e-05
-2.9327e-05
-2.9236e-05
-2.9145e-05
-2.9053e-05
-2.8962e-05
-2.8871e-05
-2.878e-05
-2.8688e-05
-2.8597e-05
-2.8506e-05
-2.8415e-05
-2.8324e-05
-2.8232e-05
-2.8141e-05
-2.805e-05
-2.7959e-05
-2.7868e-05
-2.7776e-05
-2.7685e-05
-2.7594e-05
-2.7503e-05
-2.7411e-05
-2.732e-05
-2.7229e-05
-2.7138e-05
-2.7047e-05
-2.6955e-05
-2.6864e-05
-2.6773e-05
-2.6682e-05
-2.659e-05
-2.6499e-05
-2.6408e-05
-2.6317e-05
-2.6226e-05
-2.6134e-05
-2.6043e-05
-2.5952e-05
-2.5861e-05
-2.5769e-05
-2.5678e-05
-2.5587e-05
-2.5496e-05
-2.5405e-05
-2.5313e-05
-2.5222e-05
-2.5131e-05
-2.504e-05
-2.4948e-05
-2.4857e-05
-2.4766e-05
-2.4675e-05
-2.4584e-05
-2.4492e-05
-2.4401e-05
-2.431e-05
-2.4219e-05
-2.4128e-05
-2.4036e-05
-2.3945e-05
-2.3854e-05
-2.3763e-05
-2.3671e-05
-2.358e-05
-2.3489e-05
-2.3398e-05
-2.3307e-05
-2.3215e-05
-2.3124e-05
-2.3033e-05
-2.2942e-05
-2.285e-05
-2.2759e-05
-2.2668e-05
-2.2577e-05
-2.2486e-05
-2.2394e-05
-2.2303e-05
-2.2212e-05
-2.2121e-05
-2.2029e-05
-2.1938e-05
-2.1847e-05
-2.1756e-05
-2.1665e-05
-2.1573e-05
-2.1482e-05
-2.1391e-05
-2.13e-05
-2.1209e-05
-2.1117e-05
-2.1026e-05
-2.0935e-05
-2.0844e-05
-2.0752e-05
-2.0661e-05
-2.057e-05
-2.0479e-05
-2.0388e-05
-2.0296e-05
-2.0205e-05
-2.0114e-05
-2.0023e-05
-1.9931e-05
-1.984e-05
-1.9749e-05
-1.9658e-05
-1.9567e-05
-1.9475e-05
-1.9384e-05
-1.9293e-05
-1.9202e-05
-1.911e-05
-1.9019e-05
-1.8928e-05
-1.8837e-05
-1.8746e-05
-1.8654e-05
-1.8563e-05
-1.8472e-05
-1.8381e-05
-1.8289e-05
-1.8198e-05
-1.8107e-05
-1.8016e-05
-1.7925e-05
-1.7833e-05
-1.7742e-05
-1.7651e-05
-1.756e-05
-1.7469e-05
-1.7377e-05
-1.7286e-05
-1.7195e-05
-1.7104e-05
-1.7012e-05
-1.6921e-05
-1.683e-05
-1.6739e-05
-1.6648e-05
-1.6556e-05
-1.6465e-05
-1.6374e-05
-1.6283e-05
-1.6191e-05
-1.61e-05
-1.6009e-05
-1.5918e-05
-1.5827e-05
-1.5735e-05
-1.5644e-05
-1.5553e-05
-1.5462e-05
-1.537e-05
-1.5279e-05
-1.5188e-05
-1.5097e-05
-1.5006e-05
-1.4914e-05
-1.4823e-05
-1.4732e-05
-1.4641e-05
-1.4549e-05
-1.4458e-05
-1.4367e-05
-1.4276e-05
-1.4185e-05
-1.4093e-05
-1.4002e-05
-1.3911e-05
-1.382e-05
-1.3729e-05
-1.3637e-05
-1.3546e-05
-1.3455e-05
-1.3364e-05
-1.3272e-05
-1.3181e-05
-1.309e-05
-1.2999e-05
-1.2908e-05
-1.2816e-05
-1.2725e-05
-1.2634e-05
-1.2543e-05
-1.2451e-05
-1.236e-05
-1.2269e-05
-1.2178e-05
-1.2087e-05
-1.1995e-05
-1.1904e-05
-1.1813e-05
-1.1722e-05
-1.163e-05
-1.1539e-05
-1.1448e-05
-1.1357e-05
-1.1266e-05
-1.1174e-05
-1.1083e-05
-1.0992e-05
-1.0901e-05
-1.0809e-05
-1.0718e-05
-1.0627e-05
-1.0536e-05
-1.0445e-05
-1.0353e-05
-1.0262e-05
-1.0171e-05
-1.008e-05
-9.9885e-06
-9.8973e-06
-9.8061e-06
-9.7149e-06
-9.6236e-06
-9.5324e-06
-9.4412e-06
-9.35e-06
-9.2588e-06
-9.1675e-06
-9.0763e-06
-8.9851e-06
-8.8939e-06
-8.8027e-06
-8.7114e-06
-8.6202e-06
-8.529e-06
-8.4378e-06
-8.3466e-06
-8.2554e-06
-8.1641e-06
-8.0729e-06
-7.9817e-06
-7.8905e-06
-7.7993e-06
-7.708e-06
-7.6168e-06
-7.5256e-06
-7.4344e-06
-7.3432e-06
-7.2519e-06
-7.1607e-06
-7.0695e-06
-6.9783e-06
-6.8871e-06
-6.7958e-06
-6.7046e-06
-6.6134e-06
-6.5222e-06
-6.431e-06
-6.3397e-06
-6.2485e-06
-6.1573e-06
-6.0661e-06
-5.9749e-06
-5.8836e-06
-5.7924e-06
-5.7012e-06
-5.61e-06
-5.5188e-06
-5.4276e-06
-5.3363e-06
-5.2451e-06
-5.1539e-06
-5.0627e-06
-4.9715e-06
-4.8802e-06
-4.789e-06
-4.6978e-06
-4.6066e-06
-4.5154e-06
-4.4241e-06
-4.3329e-06
-4.2417e-06
-4.1505e-06
-4.0593e-06
-3.968e-06
-3.8768e-06
-3.7856e-06
-3.6944e-06
-3.6032e-06
-3.5119e-06
-3.4207e-06
-3.3295e-06
-3.2383e-06
-3.1471e-06
-3.0558e-06
-2.9646e-06
-2.8734e-06
-2.7822e-06
-2.691e-06
-2.5998e-06
-2.5085e-06
-2.4173e-06
-2.3261e-06
-2.2349e-06
-2.1437e-06
-2.0524e-06
-1.9612e-06
-1.87e-06
-1.7788e-06
-1.6876e-06
-1.5963e-06
-1.5051e-06
-1.4139e-06
-1.3227e-06
-1.2315e-06
-1.1402e-06
-1.049e-06
-9.578e-07
-8.6658e-07
-7.7536e-07
-6.8415e-07
-5.9293e-07
-5.0171e-07
-4.1049e-07
-3.1927e-07
-2.2805e-07
-1.3683e-07
-4.561e-08
4.561e-08
1.3683e-07
2.2805e-07
3.1927e-07
4.1049e-07
5.0171e-07
5.9293e-07
6.8415e-07
7.7536e-07
8.6658e-07
9.578e-07
1.049e-06
1.1402e-06
1.2315e-06
1.3227e-06
1.4139e-06
1.5051e-06
1.5963e-06
1.6876e-06
1.7788e-06
1.87e-06
1.9612e-06
2.0524e-06
2.1437e-06
2.2349e-06
2.3261e-06
2.4173e-06
2.5085e-06
2.5998e-06
2.691e-06
2.7822e-06
2.8734e-06
2.9646e-06
3.0558e-06
3.1471e-06
3.2383e-06
3.3295e-06
3.4207e-06
3.5119e-06
3.6032e-06
3.6944e-06
3.7856e-06
3.8768e-06
3.968e-06
4.0593e-06
4.1505e-06
4.2417e-06
4.3329e-06
4.4241e-06
4.5154e-06
4.6066e-06
4.6978e-06
4.789e-06
4.8802e-06
4.9715e-06
5.0627e-06
5.1539e-06
5.2451e-06
5.3363e-06
5.4276e-06
5.5188e-06
5.61e-06
5.7012e-06
5.7924e-06
5.8836e-06
5.9749e-06
6.0661e-06
6.1573e-06
6.2485e-06
6.3397e-06
6.431e-06
6.5222e-06
6.6134e-06
6.7046e-06
6.7958e-06
6.8871e-06
6.9783e-06
7.0695e-06
7.1607e-06
7.2519e-06
7.3432e-06
7.4344e-06
7.5256e-06
7.6168e-06
7.708e-06
7.7993e-06
7.8905e-06
7.9817e-06
8.0729e-06
8.1641e-06
8.2554e-06
8.3466e-06
8.4378e-06
8.529e-06
8.6202e-06
8.7114e-06
8.8027e-06
8.8939e-06
8.9851e-06
9.0763e-06
9.1675e-06
9.2588e-06
9.35e-06
9.4412e-06
9.5324e-06
9.6236e-06
9.7149e-06
9.8061e-06
9.8973e-06
9.9885e-06
1.008e-05
1.0171e-05
1.0262e-05
1.0353e-05
1.0445e-05
1.0536e-05
1.0627e-05
1.0718e-05
1.0809e-05
1.0901e-05
1.0992e-05
1.1083e-05
1.1174e-05
1.1266e-05
1.1357e-05
1.1448e-05
1.1539e-05
1.163e-05
1.1722e-05
1.1813e-05
1.1904e-05
1.1995e-05
1.2087e-05
1.2178e-05
1.2269e-05
1.236e-05
1.2451e-05
1.2543e-05
1.2634e-05
1.2725e-05
1.2816e-05
1.2908e-05
1.2999e-05
1.309e-05
1.3181e-05
1.3272e-05
1.3364e-05
1.3455e-05
1.3546e-05
1.3637e-05
1.3729e-05
1.382e-05
1.3911e-05
1.4002e-05
1.4093e-05
1.4185e-05
1.4276e-05
1.4367e-05
1.4458e-05
1.4549e-05
1.4641e-05
1.4732e-05
1.4823e-05
1.4914e-05
1.5006e-05
1.5097e-05
1.5188e-05
1.5279e-05
1.537e-05
1.5462e-05
1.5553e-05
1.5644e-05
1.5735e-05
1.5827e-05
1.5918e-05
1.6009e-05
1.61e-05
1.6191e-05
1.6283e-05
1.6374e-05
1.6465e-05
1.6556e-05
1.6648e-05
1.6739e-05
1.683e-05
1.6921e-05
1.7012e-05
1.7104e-05
1.7195e-05
1.7286e-05
1.7377e-05
1.7469e-05
1.756e-05
1.7651e-05
1.7742e-05
1.7833e-05
1.7925e-05
1.8016e-05
1.8107e-05
1.8198e-05
1.8289e-05
1.8381e-05
1.8472e-05
1.8563e-05
1.8654e-05
1.8746e-05
1.8837e-05
1.8928e-05
1.9019e-05
1.911e-05
1.9202e-05
1.9293e-05
1.9384e-05
1.9475e-05
1.9567e-05
1.9658e-05
1.9749e-05
1.984e-05
1.9931e-05
2.0023e-05
2.0114e-05
2.0205e-05
2.0296e-05
2.0388e-05
2.0479e-05
2.057e-05
2.0661e-05
2.0752e-05
2.0844e-05
2.0935e-05
2.1026e-05
2.1117e-05
2.1209e-05
2.13e-05
2.1391e-05
2.1482e-05
2.1573e-05
2.1665e-05
2.1756e-05
2.1847e-05
2.1938e-05
2.2029e-05
2.2121e-05
2.2212e-05
2.2303e-05
2.2394e-05
2.2486e-05
2.2577e-05
2.2668e-05
2.2759e-05
2.285e-05
2.2942e-05
2.3033e-05
2.3124e-05
2.3215e-05
2.3307e-05
2.3398e-05
2.3489e-05
2.358e-05
2.3671e-05
2.3763e-05
2.3854e-05
2.3945e-05
2.4036e-05
2.4128e-05
2.4219e-05
2.431e-05
2.4401e-05
2.4492e-05
2.4584e-05
2.4675e-05
2.4766e-05
2.4857e-05
2.4948e-05
2.504e-05
2.5131e-05
2.5222e-05
2.5313e-05
2.5405e-05
2.5496e-05
2.5587e-05
2.5678e-05
2.5769e-05
2.5861e-05
2.5952e-05
2.6043e-05
2.6134e-05
2.6226e-05
2.6317e-05
2.6408e-05
2.6499e-05
2.659e-05
2.6682e-05
2.6773e-05
2.6864e-05
2.6955e-05
2.7047e-05
2.7138e-05
2.7229e-05
2.732e-05
2.7411e-05
2.7503e-05
2.7594e-05
2.7685e-05
2.7776e-05
2.7868e-05
2.7959e-05
2.805e-05
2.8141e-05
2.8232e-05
2.8324e-05
2.8415e-05
2.8506e-05
2.8597e-05
2.8688e-05
2.878e-05
2.8871e-05
2.8962e-05
2.9053e-05
2.9145e-05
2.9236e-05
2.9327e-05
2.9418e-05
2.9509e-05
2.9601e-05
2.9692e-05
2.9783e-05
2.9874e-05
2.9966e-05
3.0057e-05
3.0148e-05
3.0239e-05
3.033e-05
3.0422e-05
3.0513e-05
3.0604e-05
3.0695e-05
3.0787e-05
3.0878e-05
3.0969e-05
3.106e-05
3.1151e-05
3.1243e-05
3.1334e-05
3.1425e-05
3.1516e-05
3.1608e-05
3.1699e-05
3.179e-05
3.1881e-05
3.1972e-05
3.2064e-05
3.2155e-05
3.2246e-05
3.2337e-05
3.2428e-05
3.252e-05
3.2611e-05
3.2702e-05
3.2793e-05
3.2885e-05
3.2976e-05
3.3067e-05
3.3158e-05
3.3249e-05
3.3341e-05
3.3432e-05
3.3523e-05
3.3614e-05
3.3706e-05
3.3797e-05
3.3888e-05
3.3979e-05
3.407e-05
3.4162e-05
3.4253e-05
3.4344e-05
3.4435e-05
3.4527e-05
3.4618e-05
3.4709e-05
3.48e-05
3.4891e-05
3.4983e-05
3.5074e-05
3.5165e-05
3.5256e-05
3.5348e-05
3.5439e-05
3.553e-05
3.5621e-05
3.5712e-05
3.5804e-05
3.5895e-05
3.5986e-05
3.6077e-05
3.6168e-05
3.626e-05
3.6351e-05
3.6442e-05
3.6533e-05
3.6625e-05
3.6716e-05
3.6807e-05
3.6898e-05
3.6989e-05
3.7081e-05
3.7172e-05
3.7263e-05
3.7354e-05
3.7446e-05
3.7537e-05
3.7628e-05
3.7719e-05
3.781e-05
3.7902e-05
3.7993e-05
3.8084e-05
3.8175e-05
3.8267e-05
3.8358e-05
3.8449e-05
3.854e-05
3.8631e-05
3.8723e-05
3.8814e-05
3.8905e-05
3.8996e-05
3.9087e-05
3.9179e-05
3.927e-05
3.9361e-05
3.9452e-05
3.9544e-05
3.9635e-05
3.9726e-05
3.9817e-05
3.9908e-05
4e-05
4.0091e-05
4.0182e-05
4.0273e-05
4.0365e-05
4.0456e-05
4.0547e-05
4.0638e-05
4.0729e-05
4.0821e-05
4.0912e-05
4.1003e-05
4.1094e-05
4.1186e-05
4.1277e-05
4.1368e-05
4.1459e-05
4.155e-05
4.1642e-05
4.1733e-05
4.1824e-05
4.1915e-05
4.2007e-05
4.2098e-05
4.2189e-05
4.228e-05
4.2371e-05
4.2463e-05
4.2554e-05
4.2645e-05
4.2736e-05
4.2827e-05
4.2919e-05
4.301e-05
4.3101e-05
4.3192e-05
4.3284e-05
4.3375e-05
4.3466e-05
4.3557e-05
4.3648e-05
4.374e-05
4.3831e-05
4.3922e-05
4.4013e-05
4.4105e-05
4.4196e-05
4.4287e-05
4.4378e-05
4.4469e-05
4.4561e-05
4.4652e-05
4.4743e-05
4.4834e-05
4.4926e-05
4.5017e-05
4.5108e-05
4.5199e-05
4.529e-05
4.5382e-05
4.5473e-05
4.5564e-05
4.5655e-05
4.5747e-05
4.5838e-05
4.5929e-05
4.602e-05
4.6111e-05
4.6203e-05
4.6294e-05
4.6385e-05
4.6476e-05
4.6567e-05
4.6659e-05
4.675e-05
4.6841e-05
4.6932e-05
4.7024e-05
4.7115e-05
4.7206e-05
4.7297e-05
4.7388e-05
4.748e-05
4.7571e-05
4.7662e-05
4.7753e-05
4.7845e-05
4.7936e-05
4.8027e-05
4.8118e-05
4.8209e-05
4.8301e-05
4.8392e-05
4.8483e-05
4.8574e-05
4.8666e-05
4.8757e-05
4.8848e-05
4.8939e-05
4.903e-05
4.9122e-05
4.9213e-05
4.9304e-05
4.9395e-05
4.9487e-05
4.9578e-05
4.9669e-05
4.976e-05
4.9851e-05
4.9943e-05
5.0034e-05
5.0125e-05
5.0216e-05
5.0307e-05
5.0399e-05
5.049e-05
5.0581e-05
5.0672e-05
5.0764e-05
5.0855e-05
5.0946e-05
5.1037e-05
5.1128e-05
5.122e-05
5.1311e-05
5.1402e-05
5.1493e-05
5.1585e-05
5.1676e-05
5.1767e-05
5.1858e-05
5.1949e-05
5.2041e-05
5.2132e-05
5.2223e-05
5.2314e-05
5.2406e-05
5.2497e-05
5.2588e-05
5.2679e-05
5.277e-05
5.2862e-05
5.2953e-05
5.3044e-05
5.3135e-05
5.3227e-05
5.3318e-05
5.3409e-05
5.35e-05
5.3591e-05
5.3683e-05
5.3774e-05
5.3865e-05
5.3956e-05
5.4047e-05
5.4139e-05
5.423e-05
5.4321e-05
5.4412e-05
5.4504e-05
5.4595e-05
5.4686e-05
5.4777e-05
5.4868e-05
5.496e-05
5.5051e-05
5.5142e-05
5.5233e-05
5.5325e-05
5.5416e-05
5.5507e-05
5.5598e-05
5.5689e-05
5.5781e-05
5.5872e-05
5.5963e-05
5.6054e-05
5.6146e-05
5.6237e-05
5.6328e-05
5.6419e-05
5.651e-05
5.6602e-05
5.6693e-05
5.6784e-05
5.6875e-05
5.6966e-05
5.7058e-05
5.7149e-05
5.724e-05
5.7331e-05
5.7423e-05
5.7514e-05
5.7605e-05
5.7696e-05
5.7787e-05
5.7879e-05
5.797e-05
5.8061e-05
5.8152e-05
5.8244e-05
5.8335e-05
5.8426e-05
5.8517e-05
5.8608e-05
5.87e-05
5.8791e-05
5.8882e-05
5.8973e-05
5.9065e-05
5.9156e-05
5.9247e-05
5.9338e-05
5.9429e-05
5.9521e-05
5.9612e-05
5.9703e-05
5.9794e-05
5.9886e-05
5.9977e-05
6.0068e-05
6.0159e-05
6.025e-05
6.0342e-05
6.0433e-05
6.0524e-05
6.0615e-05
6.0706e-05
6.0798e-05
6.0889e-05
6.098e-05
6.1071e-05
6.1163e-05
6.1254e-05
6.1345e-05
6.1436e-05
6.1527e-05
6.1619e-05
6.171e-05
6.1801e-05
6.1892e-05
6.1984e-05
6.2075e-05
6.2166e-05
6.2257e-05
6.2348e-05
6.244e-05
6.2531e-05
6.2622e-05
6.2713e-05
6.2805e-05
6.2896e-05
6.2987e-05
6.3078e-05
6.3169e-05
6.3261e-05
6.3352e-05
6.3443e-05
6.3534e-05
6.3626e-05
6.3717e-05
6.3808e-05
6.3899e-05
6.399e-05
6.4082e-05
6.4173e-05
6.4264e-05
6.4355e-05
6.4446e-05
6.4538e-05
6.4629e-05
6.472e-05
6.4811e-05
6.4903e-05
6.4994e-05
6.5085e-05
6.5176e-05
6.5267e-05
6.5359e-05
6.545e-05
6.5541e-05
6.5632e-05
6.5724e-05
6.5815e-05
6.5906e-05
6.5997e-05
6.6088e-05
6.618e-05
6.6271e-05
6.6362e-05
6.6453e-05
6.6545e-05
6.6636e-05
6.6727e-05
6.6818e-05
6.6909e-05
6.7001e-05
6.7092e-05
6.7183e-05
6.7274e-05
6.7366e-05
6.7457e-05
6.7548e-05
6.7639e-05
6.773e-05
6.7822e-05
6.7913e-05
6.8004e-05
6.8095e-05
6.8186e-05
6.8278e-05
6.8369e-05
6.846e-05
6.8551e-05
6.8643e-05
6.8734e-05
6.8825e-05
6.8916e-05
6.9007e-05
6.9099e-05
6.919e-05
6.9281e-05
6.9372e-05
6.9464e-05
6.9555e-05
6.9646e-05
6.9737e-05
6.9828e-05
6.992e-05
7.0011e-05
7.0102e-05
7.0193e-05
7.0285e-05
7.0376e-05
7.0467e-05
7.0558e-05
7.0649e-05
7.0741e-05
7.0832e-05
7.0923e-05
7.1014e-05
7.1105e-05
7.1197e-05
7.1288e-05
7.1379e-05
7.147e-05
7.1562e-05
7.1653e-05
7.1744e-05
7.1835e-05
7.1926e-05
7.2018e-05
7.2109e-05
7.22e-05
7.2291e-05
7.2383e-05
7.2474e-05
7.2565e-05
7.2656e-05
7.2747e-05
7.2839e-05
7.293e-05
7.3021e-05
7.3112e-05
7.3204e-05
7.3295e-05
7.3386e-05
7.3477e-05
7.3568e-05
7.366e-05
7.3751e-05
7.3842e-05
7.3933e-05
7.4025e-05
7.4116e-05
7.4207e-05
7.4298e-05
7.4389e-05
7.4481e-05
7.4572e-05
7.4663e-05
7.4754e-05
7.4845e-05
7.4937e-05
7.5028e-05
7.5119e-05
7.521e-05
7.5302e-05
7.5393e-05
7.5484e-05
7.5575e-05
7.5666e-05
7.5758e-05
7.5849e-05
7.594e-05
7.6031e-05
7.6123e-05
7.6214e-05
7.6305e-05
7.6396e-05
7.6487e-05
7.6579e-05
7.667e-05
7.6761e-05
7.6852e-05
7.6944e-05
7.7035e-05
7.7126e-05
7.7217e-05
7.7308e-05
7.74e-05
7.7491e-05
7.7582e-05
7.7673e-05
7.7765e-05
7.7856e-05
7.7947e-05
7.8038e-05
7.8129e-05
7.8221e-05
7.8312e-05
7.8403e-05
7.8494e-05
7.8585e-05
7.8677e-05
7.8768e-05
7.8859e-05
7.895e-05
7.9042e-05
7.9133e-05
7.9224e-05
7.9315e-05
7.9406e-05
7.9498e-05
7.9589e-05
7.968e-05
7.9771e-05
7.9863e-05
7.9954e-05
8.0045e-05
8.0136e-05
8.0227e-05
8.0319e-05
8.041e-05
8.0501e-05
8.0592e-05
8.0684e-05
8.0775e-05
8.0866e-05
8.0957e-05
8.1048e-05
8.114e-05
8.1231e-05
8.1322e-05
8.1413e-05
8.1505e-05
8.1596e-05
8.1687e-05
8.1778e-05
8.1869e-05
8.1961e-05
8.2052e-05
8.2143e-05
8.2234e-05
8.2325e-05
8.2417e-05
8.2508e-05
8.2599e-05
8.269e-05
8.2782e-05
8.2873e-05
8.2964e-05
8.3055e-05
8.3146e-05
8.3238e-05
8.3329e-05
8.342e-05
8.3511e-05
8.3603e-05
8.3694e-05
8.3785e-05
8.3876e-05
8.3967e-05
8.4059e-05
8.415e-05
8.4241e-05
8.4332e-05
8.4424e-05
8.4515e-05
8.4606e-05
8.4697e-05
8.4788e-05
8.488e-05
8.4971e-05
8.5062e-05
8.5153e-05
8.5244e-05
8.5336e-05
8.5427e-05
8.5518e-05
8.5609e-05
8.5701e-05
8.5792e-05
8.5883e-05
8.5974e-05
8.6065e-05
8.6157e-05
8.6248e-05
8.6339e-05
8.643e-05
8.6522e-05
8.6613e-05
8.6704e-05
8.6795e-05
8.6886e-05
8.6978e-05
8.7069e-05
8.716e-05
8.7251e-05
8.7343e-05
8.7434e-05
8.7525e-05
8.7616e-05
8.7707e-05
8.7799e-05
8.789e-05
8.7981e-05
8.8072e-05
8.8164e-05
8.8255e-05
8.8346e-05
8.8437e-05
8.8528e-05
8.862e-05
8.8711e-05
8.8802e-05
8.8893e-05
8.8984e-05
8.9076e-05
8.9167e-05
8.9258e-05
8.9349e-05
8.9441e-05
8.9532e-05
8.9623e-05
8.9714e-05
8.9805e-05
8.9897e-05
8.9988e-05
9.0079e-05
9.017e-05
9.0262e-05
9.0353e-05
9.0444e-05
9.0535e-05
9.0626e-05
9.0718e-05
9.0809e-05
9.09e-05
9.0991e-05
9.1083e-05
9.1174e-05
9.1265e-05
9.1356e-05
9.1447e-05
9.1539e-05
9.163e-05
9.1721e-05
9.1812e-05
9.1904e-05
9.1995e-05
9.2086e-05
9.2177e-05
9.2268e-05
9.236e-05
9.2451e-05
9.2542e-05
9.2633e-05
9.2724e-05
9.2816e-05
9.2907e-05
9.2998e-05
9.3089e-05
9.3181e-05
9.3272e-05
9.3363e-05
9.3454e-05
9.3545e-05
9.3637e-05
9.3728e-05
9.3819e-05
9.391e-05
9.4002e-05
9.4093e-05
9.4184e-05
9.4275e-05
9.4366e-05
9.4458e-05
9.4549e-05
9.464e-05
9.4731e-05
9.4823e-05
9.4914e-05
9.5005e-05
9.5096e-05
9.5187e-05
9.5279e-05
9.537e-05
9.5461e-05
9.5552e-05
9.5644e-05
9.5735e-05
9.5826e-05
9.5917e-05
9.6008e-05
9.61e-05
9.6191e-05
9.6282e-05
9.6373e-05
9.6464e-05
9.6556e-05
9.6647e-05
9.6738e-05
9.6829e-05
9.6921e-05
9.7012e-05
9.7103e-05
9.7194e-05
9.7285e-05
9.7377e-05
9.7468e-05
9.7559e-05
9.765e-05
9.7742e-05
9.7833e-05
9.7924e-05
9.8015e-05
9.8106e-05
9.8198e-05
9.8289e-05
9.838e-05
9.8471e-05
9.8563e-05
9.8654e-05
9.8745e-05
9.8836e-05
9.8927e-05
9.9019e-05
9.911e-05
9.9201e-05
9.9292e-05
9.9383e-05
9.9475e-05
9.9566e-05
9.9657e-05
9.9748e-05
9.984e-05
9.9931e-05
0.00010002
0.00010011
0.0001002
0.0001003
0.00010039
0.00010048
0.00010057
0.00010066
0.00010075
0.00010084
0.00010093
0.00010103
0.00010112
0.00010121
0.0001013
0.00010139
0.00010148
0.00010157
0.00010166
0.00010176
0.00010185
0.00010194
0.00010203
0.00010212
0.00010221
0.0001023
0.00010239
0.00010248
0.00010258
0.00010267
0.00010276
0.00010285
0.00010294
0.00010303
0.00010312
0.00010321
0.00010331
0.0001034
0.00010349
0.00010358
0.00010367
0.00010376
0.00010385
0.00010394
0.00010404
0.00010413
0.00010422
0.00010431
0.0001044
0.00010449
0.00010458
0.00010467
0.00010477
0.00010486
0.00010495
0.00010504
0.00010513
0.00010522
0.00010531
0.0001054
0.00010549
0.00010559
0.00010568
0.00010577
0.00010586
0.00010595
0.00010604
0.00010613
0.00010622
0.00010632
0.00010641
0.0001065
0.00010659
0.00010668
0.00010677
0.00010686
0.00010695
0.00010705
0.00010714
0.00010723
0.00010732
0.00010741
0.0001075
0.00010759
0.00010768
0.00010777
0.00010787
0.00010796
0.00010805
0.00010814
0.00010823
0.00010832
0.00010841
0.0001085
0.0001086
0.00010869
0.00010878
0.00010887
0.00010896
0.00010905
0.00010914
0.00010923
0.00010932
0.00010942
0.00010951
0.0001096
0.00010969
0.00010978
0.00010987
0.00010996
0.00011005
0.00011014
0.00011024
0.00011033
0.00011042
0.00011051
0.0001106
0.00011069
0.00011078
0.00011087
0.00011096
0.00011105
0.00011115
0.00011124
0.00011133
0.00011142
0.00011151
0.0001116
0.00011169
0.00011178
0.00011187
0.00011196
0.00011206
0.00011215
0.00011224
0.00011233
0.00011242
0.00011251
0.0001126
0.00011269
0.00011278
0.00011287
0.00011296
0.00011305
0.00011315
0.00011324
0.00011333
0.00011342
0.00011351
0.0001136
0.00011369
0.00011378
0.00011387
0.00011396
0.00011405
0.00011414
0.00011423
0.00011432
0.00011441
0.0001145
0.00011459
0.00011468
0.00011477
0.00011486
0.00011495
0.00011504
0.00011513
0.00011522
0.00011532
0.0001154
0.00011549
0.00011558
0.00011567
0.00011576
0.00011585
0.00011594
0.00011603
0.00011612
0.00011621
0.0001163
0.00011639
0.00011648
0.00011657
0.00011666
0.00011675
0.00011684
0.00011693
0.00011702
0.0001171
0.00011719
0.00011728
0.00011737
0.00011746
0.00011755
0.00011764
0.00011772
0.00011781
0.0001179
0.00011799
0.00011808
0.00011816
0.00011825
0.00011834
0.00011843
0.00011851
0.0001186
0.00011869
0.00011877
0.00011886
0.00011895
0.00011903
0.00011912
0.00011921
0.00011929
0.00011938
0.00011946
0.00011955
0.00011963
0.00011972
0.0001198
0.00011989
0.00011997
0.00012006
0.00012014
0.00012022
0.00012031
0.00012039
0.00012047
0.00012055
0.00012064
0.00012072
0.0001208
0.00012088
0.00012096
0.00012105
0.00012113
0.00012121
0.00012129
0.00012137
0.00012145
0.00012152
0.0001216
0.00012168
0.00012176
0.00012184
0.00012191
0.00012199
0.00012207
0.00012214
0.00012222
0.00012229
0.00012237
0.00012244
0.00012251
0.00012259
0.00012266
0.00012273
0.0001228
0.00012287
0.00012294
0.00012301
0.00012308
0.00012315
0.00012322
0.00012329
0.00012335
0.00012342
0.00012348
0.00012355
0.00012361
0.00012367
0.00012374
0.0001238
0.00012386
0.00012392
0.00012398
0.00012403
0.00012409
0.00012415
0.0001242
0.00012426
0.00012431
0.00012436
0.00012441
0.00012446
0.00012451
0.00012456
0.00012461
0.00012465
0.0001247
0.00012474
0.00012478
0.00012483
0.00012486
0.0001249
0.00012494
0.00012498
0.00012501
0.00012505
0.00012507
0.00012511
0.00012513
0.00012516
0.00012518
0.00012521
0.00012523
0.00012526
0.00012527
0.00012529
0.0001253
0.00012532
0.00012532
0.00012534
0.00012534
0.00012536
0.00012535
0.00012536
0.00012535
0.00012536
0.00012534
0.00012535
0.00012533
0.00012533
0.0001253
0.0001253
0.00012527
0.00012526
0.00012522
0.00012521
0.00012517
0.00012515
0.0001251
0.00012508
0.00012502
0.00012499
0.00012493
0.0001249
0.00012483
0.00012479
0.00012472
0.00012467
0.00012459
0.00012454
0.00012445
0.00012439
0.0001243
0.00012423
0.00012413
0.00012406
0.00012395
0.00012387
0.00012375
0.00012366
0.00012354
0.00012344
0.00012331
0.0001232
0.00012306
0.00012294
0.00012279
0.00012266
0.00012251
0.00012237
0.00012221
0.00012206
0.00012189
0.00012173
0.00012155
0.00012137
0.00012118
0.000121
0.0001208
0.0001206
0.00012039
0.00012018
0.00011997
0.00011974
0.00011951
0.00011928
0.00011904
0.00011879
0.00011854
0.00011827
0.00011801
0.00011773
0.00011746
0.00011716
0.00011688
0.00011656
0.00011627
0.00011594
0.00011563
0.00011529
0.00011496
0.0001146
0.00011426
0.00011389
0.00011353
0.00011314
0.00011277
0.00011236
0.00011198
0.00011155
0.00011115
0.0001107
0.00011028
0.00010982
0.00010938
0.0001089
0.00010845
0.00010794
0.00010747
0.00010694
0.00010646
0.00010591
0.0001054
0.00010483
0.00010431
0.00010372
0.00010317
0.00010256
0.00010199
0.00010136
0.00010077
0.00010011
9.9499e-05
9.8818e-05
9.8183e-05
9.7479e-05
9.6821e-05
9.6092e-05
9.541e-05
9.4657e-05
9.395e-05
9.3171e-05
9.2438e-05
9.1634e-05
9.0875e-05
9.0045e-05
8.9259e-05
8.8403e-05
8.7589e-05
8.6705e-05
8.5864e-05
8.4952e-05
8.4082e-05
8.3142e-05
8.2242e-05
8.1274e-05
8.0343e-05
7.9346e-05
7.8384e-05
7.7357e-05
7.6364e-05
7.5306e-05
7.4281e-05
7.3192e-05
7.2134e-05
7.1013e-05
6.9921e-05
6.8768e-05
6.7642e-05
6.6456e-05
6.5295e-05
6.4076e-05
6.2879e-05
6.1626e-05
6.0393e-05
5.9104e-05
5.7835e-05
5.6511e-05
5.5203e-05
5.3843e-05
5.2497e-05
5.11e-05
4.9715e-05
4.8281e-05
4.6856e-05
4.5384e-05
4.3919e-05
4.2408e-05
4.0901e-05
3.935e-05
3.7802e-05
3.6211e-05
3.462e-05
3.2989e-05
3.1355e-05
2.9682e-05
2.8003e-05
2.6288e-05
2.4565e-05
2.2807e-05
2.1039e-05
1.9237e-05
1.7422e-05
1.5576e-05
1.3715e-05
1.1823e-05
9.9147e-06
7.9774e-06
6.0206e-06
4.0368e-06
2.031e-06
