-2.0512e-06
-4.0773e-06
-6.0812e-06
-8.0585e-06
-1.0016e-05
-1.1945e-05
-1.3856e-05
-1.5738e-05
-1.7604e-05
-1.9438e-05
-2.126e-05
-2.3049e-05
-2.4826e-05
-2.657e-05
-2.8304e-05
-3.0003e-05
-3.1694e-05
-3.3349e-05
-3.4999e-05
-3.6611e-05
-3.8219e-05
-3.9788e-05
-4.1357e-05
-4.2883e-05
-4.4412e-05
-4.5898e-05
-4.7387e-05
-4.8832e-05
-5.0284e-05
-5.1688e-05
-5.3102e-05
-5.4468e-05
-5.5844e-05
-5.7171e-05
-5.8512e-05
-5.98e-05
-6.1105e-05
-6.2357e-05
-6.3627e-05
-6.4841e-05
-6.6077e-05
-6.7256e-05
-6.8457e-05
-6.9601e-05
-7.077e-05
-7.1879e-05
-7.3015e-05
-7.409e-05
-7.5194e-05
-7.6236e-05
-7.7309e-05
-7.8318e-05
-7.936e-05
-8.0337e-05
-8.135e-05
-8.2295e-05
-8.3278e-05
-8.4193e-05
-8.5147e-05
-8.6032e-05
-8.6958e-05
-8.7814e-05
-8.8712e-05
-8.9539e-05
-9.0409e-05
-9.1208e-05
-9.2052e-05
-9.2824e-05
-9.3641e-05
-9.4386e-05
-9.5178e-05
-9.5897e-05
-9.6664e-05
-9.7357e-05
-9.8099e-05
-9.8768e-05
-9.9486e-05
-0.00010013
-0.00010082
-0.00010145
-0.00010212
-0.00010271
-0.00010336
-0.00010394
-0.00010456
-0.00010512
-0.00010572
-0.00010625
-0.00010684
-0.00010735
-0.00010791
-0.0001084
-0.00010894
-0.00010942
-0.00010994
-0.00011039
-0.00011089
-0.00011133
-0.00011181
-0.00011223
-0.00011269
-0.0001131
-0.00011354
-0.00011392
-0.00011435
-0.00011472
-0.00011513
-0.00011548
-0.00011587
-0.00011621
-0.00011658
-0.00011691
-0.00011726
-0.00011758
-0.00011792
-0.00011822
-0.00011854
-0.00011882
-0.00011913
-0.0001194
-0.0001197
-0.00011996
-0.00012023
-0.00012049
-0.00012075
-0.00012099
-0.00012123
-0.00012146
-0.0001217
-0.00012191
-0.00012213
-0.00012234
-0.00012255
-0.00012275
-0.00012294
-0.00012313
-0.00012331
-0.00012349
-0.00012366
-0.00012383
-0.00012399
-0.00012415
-0.0001243
-0.00012445
-0.00012459
-0.00012474
-0.00012486
-0.000125
-0.00012512
-0.00012525
-0.00012535
-0.00012547
-0.00012557
-0.00012569
-0.00012578
-0.00012588
-0.00012596
-0.00012606
-0.00012614
-0.00012623
-0.00012629
-0.00012638
-0.00012644
-0.00012652
-0.00012657
-0.00012664
-0.00012669
-0.00012675
-0.00012679
-0.00012685
-0.00012688
-0.00012694
-0.00012696
-0.00012701
-0.00012703
-0.00012707
-0.00012709
-0.00012713
-0.00012714
-0.00012717
-0.00012717
-0.0001272
-0.0001272
-0.00012722
-0.00012722
-0.00012724
-0.00012723
-0.00012724
-0.00012723
-0.00012724
-0.00012722
-0.00012722
-0.0001272
-0.0001272
-0.00012718
-0.00012717
-0.00012715
-0.00012714
-0.00012711
-0.0001271
-0.00012707
-0.00012705
-0.00012701
-0.00012699
-0.00012696
-0.00012693
-0.00012689
-0.00012686
-0.00012682
-0.00012679
-0.00012675
-0.00012671
-0.00012667
-0.00012663
-0.00012658
-0.00012654
-0.00012649
-0.00012644
-0.00012639
-0.00012635
-0.00012629
-0.00012624
-0.00012619
-0.00012614
-0.00012608
-0.00012603
-0.00012597
-0.00012591
-0.00012585
-0.00012579
-0.00012573
-0.00012567
-0.00012561
-0.00012555
-0.00012548
-0.00012542
-0.00012535
-0.00012529
-0.00012522
-0.00012515
-0.00012509
-0.00012502
-0.00012495
-0.00012488
-0.00012481
-0.00012474
-0.00012467
-0.00012459
-0.00012452
-0.00012445
-0.00012437
-0.0001243
-0.00012423
-0.00012415
-0.00012407
-0.000124
-0.00012392
-0.00012384
-0.00012377
-0.00012369
-0.00012361
-0.00012353
-0.00012345
-0.00012337
-0.00012329
-0.00012321
-0.00012313
-0.00012305
-0.00012297
-0.00012289
-0.0001228
-0.00012272
-0.00012264
-0.00012256
-0.00012247
-0.00012239
-0.0001223
-0.00012222
-0.00012214
-0.00012205
-0.00012197
-0.00012188
-0.0001218
-0.00012171
-0.00012163
-0.00012154
-0.00012145
-0.00012137
-0.00012128
-0.00012119
-0.00012111
-0.00012102
-0.00012093
-0.00012084
-0.00012076
-0.00012067
-0.00012058
-0.00012049
-0.00012041
-0.00012032
-0.00012023
-0.00012014
-0.00012005
-0.00011996
-0.00011987
-0.00011978
-0.00011969
-0.00011961
-0.00011952
-0.00011943
-0.00011934
-0.00011925
-0.00011916
-0.00011907
-0.00011898
-0.00011889
-0.0001188
-0.00011871
-0.00011862
-0.00011853
-0.00011844
-0.00011835
-0.00011825
-0.00011816
-0.00011807
-0.00011798
-0.00011789
-0.0001178
-0.00011771
-0.00011762
-0.00011753
-0.00011744
-0.00011735
-0.00011725
-0.00011716
-0.00011707
-0.00011698
-0.00011689
-0.0001168
-0.00011671
-0.00011661
-0.00011652
-0.00011643
-0.00011634
-0.00011625
-0.00011616
-0.00011606
-0.00011597
-0.00011588
-0.00011579
-0.0001157
-0.0001156
-0.00011551
-0.00011542
-0.00011533
-0.00011524
-0.00011514
-0.00011505
-0.00011496
-0.00011487
-0.00011478
-0.00011468
-0.00011459
-0.0001145
-0.00011441
-0.00011432
-0.00011422
-0.00011413
-0.00011404
-0.00011395
-0.00011385
-0.00011376
-0.00011367
-0.00011358
-0.00011349
-0.00011339
-0.0001133
-0.00011321
-0.00011312
-0.00011302
-0.00011293
-0.00011284
-0.00011275
-0.00011265
-0.00011256
-0.00011247
-0.00011238
-0.00011228
-0.00011219
-0.0001121
-0.00011201
-0.00011191
-0.00011182
-0.00011173
-0.00011164
-0.00011154
-0.00011145
-0.00011136
-0.00011127
-0.00011117
-0.00011108
-0.00011099
-0.0001109
-0.0001108
-0.00011071
-0.00011062
-0.00011053
-0.00011043
-0.00011034
-0.00011025
-0.00011016
-0.00011006
-0.00010997
-0.00010988
-0.00010979
-0.00010969
-0.0001096
-0.00010951
-0.00010942
-0.00010932
-0.00010923
-0.00010914
-0.00010905
-0.00010895
-0.00010886
-0.00010877
-0.00010868
-0.00010858
-0.00010849
-0.0001084
-0.00010831
-0.00010821
-0.00010812
-0.00010803
-0.00010794
-0.00010784
-0.00010775
-0.00010766
-0.00010756
-0.00010747
-0.00010738
-0.00010729
-0.00010719
-0.0001071
-0.00010701
-0.00010692
-0.00010682
-0.00010673
-0.00010664
-0.00010655
-0.00010645
-0.00010636
-0.00010627
-0.00010618
-0.00010608
-0.00010599
-0.0001059
-0.00010581
-0.00010571
-0.00010562
-0.00010553
-0.00010544
-0.00010534
-0.00010525
-0.00010516
-0.00010506
-0.00010497
-0.00010488
-0.00010479
-0.00010469
-0.0001046
-0.00010451
-0.00010442
-0.00010432
-0.00010423
-0.00010414
-0.00010405
-0.00010395
-0.00010386
-0.00010377
-0.00010368
-0.00010358
-0.00010349
-0.0001034
-0.00010331
-0.00010321
-0.00010312
-0.00010303
-0.00010293
-0.00010284
-0.00010275
-0.00010266
-0.00010256
-0.00010247
-0.00010238
-0.00010229
-0.00010219
-0.0001021
-0.00010201
-0.00010192
-0.00010182
-0.00010173
-0.00010164
-0.00010155
-0.00010145
-0.00010136
-0.00010127
-0.00010118
-0.00010108
-0.00010099
-0.0001009
-0.0001008
-0.00010071
-0.00010062
-0.00010053
-0.00010043
-0.00010034
-0.00010025
-0.00010016
-0.00010006
-9.9971e-05
-9.9879e-05
-9.9786e-05
-9.9693e-05
-9.9601e-05
-9.9508e-05
-9.9416e-05
-9.9323e-05
-9.923e-05
-9.9138e-05
-9.9045e-05
-9.8953e-05
-9.886e-05
-9.8767e-05
-9.8675e-05
-9.8582e-05
-9.849e-05
-9.8397e-05
-9.8304e-05
-9.8212e-05
-9.8119e-05
-9.8027e-05
-9.7934e-05
-9.7841e-05
-9.7749e-05
-9.7656e-05
-9.7563e-05
-9.7471e-05
-9.7378e-05
-9.7286e-05
-9.7193e-05
-9.71e-05
-9.7008e-05
-9.6915e-05
-9.6823e-05
-9.673e-05
-9.6637e-05
-9.6545e-05
-9.6452e-05
-9.636e-05
-9.6267e-05
-9.6174e-05
-9.6082e-05
-9.5989e-05
-9.5897e-05
-9.5804e-05
-9.5711e-05
-9.5619e-05
-9.5526e-05
-9.5433e-05
-9.5341e-05
-9.5248e-05
-9.5156e-05
-9.5063e-05
-9.497e-05
-9.4878e-05
-9.4785e-05
-9.4693e-05
-9.46e-05
-9.4507e-05
-9.4415e-05
-9.4322e-05
-9.423e-05
-9.4137e-05
-9.4044e-05
-9.3952e-05
-9.3859e-05
-9.3766e-05
-9.3674e-05
-9.3581e-05
-9.3489e-05
-9.3396e-05
-9.3303e-05
-9.3211e-05
-9.3118e-05
-9.3026e-05
-9.2933e-05
-9.284e-05
-9.2748e-05
-9.2655e-05
-9.2563e-05
-9.247e-05
-9.2377e-05
-9.2285e-05
-9.2192e-05
-9.21e-05
-9.2007e-05
-9.1914e-05
-9.1822e-05
-9.1729e-05
-9.1636e-05
-9.1544e-05
-9.1451e-05
-9.1359e-05
-9.1266e-05
-9.1173e-05
-9.1081e-05
-9.0988e-05
-9.0896e-05
-9.0803e-05
-9.071e-05
-9.0618e-05
-9.0525e-05
-9.0433e-05
-9.034e-05
-9.0247e-05
-9.0155e-05
-9.0062e-05
-8.997e-05
-8.9877e-05
-8.9784e-05
-8.9692e-05
-8.9599e-05
-8.9506e-05
-8.9414e-05
-8.9321e-05
-8.9229e-05
-8.9136e-05
-8.9043e-05
-8.8951e-05
-8.8858e-05
-8.8766e-05
-8.8673e-05
-8.858e-05
-8.8488e-05
-8.8395e-05
-8.8303e-05
-8.821e-05
-8.8117e-05
-8.8025e-05
-8.7932e-05
-8.784e-05
-8.7747e-05
-8.7654e-05
-8.7562e-05
-8.7469e-05
-8.7376e-05
-8.7284e-05
-8.7191e-05
-8.7099e-05
-8.7006e-05
-8.6913e-05
-8.6821e-05
-8.6728e-05
-8.6636e-05
-8.6543e-05
-8.645e-05
-8.6358e-05
-8.6265e-05
-8.6173e-05
-8.608e-05
-8.5987e-05
-8.5895e-05
-8.5802e-05
-8.571e-05
-8.5617e-05
-8.5524e-05
-8.5432e-05
-8.5339e-05
-8.5246e-05
-8.5154e-05
-8.5061e-05
-8.4969e-05
-8.4876e-05
-8.4783e-05
-8.4691e-05
-8.4598e-05
-8.4506e-05
-8.4413e-05
-8.432e-05
-8.4228e-05
-8.4135e-05
-8.4043e-05
-8.395e-05
-8.3857e-05
-8.3765e-05
-8.3672e-05
-8.358e-05
-8.3487e-05
-8.3394e-05
-8.3302e-05
-8.3209e-05
-8.3116e-05
-8.3024e-05
-8.2931e-05
-8.2839e-05
-8.2746e-05
-8.2653e-05
-8.2561e-05
-8.2468e-05
-8.2376e-05
-8.2283e-05
-8.219e-05
-8.2098e-05
-8.2005e-05
-8.1913e-05
-8.182e-05
-8.1727e-05
-8.1635e-05
-8.1542e-05
-8.145e-05
-8.1357e-05
-8.1264e-05
-8.1172e-05
-8.1079e-05
-8.0986e-05
-8.0894e-05
-8.0801e-05
-8.0709e-05
-8.0616e-05
-8.0523e-05
-8.0431e-05
-8.0338e-05
-8.0246e-05
-8.0153e-05
-8.006e-05
-7.9968e-05
-7.9875e-05
-7.9783e-05
-7.969e-05
-7.9597e-05
-7.9505e-05
-7.9412e-05
-7.932e-05
-7.9227e-05
-7.9134e-05
-7.9042e-05
-7.8949e-05
-7.8856e-05
-7.8764e-05
-7.8671e-05
-7.8579e-05
-7.8486e-05
-7.8393e-05
-7.8301e-05
-7.8208e-05
-7.8116e-05
-7.8023e-05
-7.793e-05
-7.7838e-05
-7.7745e-05
-7.7653e-05
-7.756e-05
-7.7467e-05
-7.7375e-05
-7.7282e-05
-7.719e-05
-7.7097e-05
-7.7004e-05
-7.6912e-05
-7.6819e-05
-7.6726e-05
-7.6634e-05
-7.6541e-05
-7.6449e-05
-7.6356e-05
-7.6263e-05
-7.6171e-05
-7.6078e-05
-7.5986e-05
-7.5893e-05
-7.58e-05
-7.5708e-05
-7.5615e-05
-7.5523e-05
-7.543e-05
-7.5337e-05
-7.5245e-05
-7.5152e-05
-7.506e-05
-7.4967e-05
-7.4874e-05
-7.4782e-05
-7.4689e-05
-7.4596e-05
-7.4504e-05
-7.4411e-05
-7.4319e-05
-7.4226e-05
-7.4133e-05
-7.4041e-05
-7.3948e-05
-7.3856e-05
-7.3763e-05
-7.367e-05
-7.3578e-05
-7.3485e-05
-7.3393e-05
-7.33e-05
-7.3207e-05
-7.3115e-05
-7.3022e-05
-7.2929e-05
-7.2837e-05
-7.2744e-05
-7.2652e-05
-7.2559e-05
-7.2466e-05
-7.2374e-05
-7.2281e-05
-7.2189e-05
-7.2096e-05
-7.2003e-05
-7.1911e-05
-7.1818e-05
-7.1726e-05
-7.1633e-05
-7.154e-05
-7.1448e-05
-7.1355e-05
-7.1263e-05
-7.117e-05
-7.1077e-05
-7.0985e-05
-7.0892e-05
-7.0799e-05
-7.0707e-05
-7.0614e-05
-7.0522e-05
-7.0429e-05
-7.0336e-05
-7.0244e-05
-7.0151e-05
-7.0059e-05
-6.9966e-05
-6.9873e-05
-6.9781e-05
-6.9688e-05
-6.9596e-05
-6.9503e-05
-6.941e-05
-6.9318e-05
-6.9225e-05
-6.9133e-05
-6.904e-05
-6.8947e-05
-6.8855e-05
-6.8762e-05
-6.8669e-05
-6.8577e-05
-6.8484e-05
-6.8392e-05
-6.8299e-05
-6.8206e-05
-6.8114e-05
-6.8021e-05
-6.7929e-05
-6.7836e-05
-6.7743e-05
-6.7651e-05
-6.7558e-05
-6.7466e-05
-6.7373e-05
-6.728e-05
-6.7188e-05
-6.7095e-05
-6.7003e-05
-6.691e-05
-6.6817e-05
-6.6725e-05
-6.6632e-05
-6.6539e-05
-6.6447e-05
-6.6354e-05
-6.6262e-05
-6.6169e-05
-6.6076e-05
-6.5984e-05
-6.5891e-05
-6.5799e-05
-6.5706e-05
-6.5613e-05
-6.5521e-05
-6.5428e-05
-6.5336e-05
-6.5243e-05
-6.515e-05
-6.5058e-05
-6.4965e-05
-6.4873e-05
-6.478e-05
-6.4687e-05
-6.4595e-05
-6.4502e-05
-6.4409e-05
-6.4317e-05
-6.4224e-05
-6.4132e-05
-6.4039e-05
-6.3946e-05
-6.3854e-05
-6.3761e-05
-6.3669e-05
-6.3576e-05
-6.3483e-05
-6.3391e-05
-6.3298e-05
-6.3206e-05
-6.3113e-05
-6.302e-05
-6.2928e-05
-6.2835e-05
-6.2743e-05
-6.265e-05
-6.2557e-05
-6.2465e-05
-6.2372e-05
-6.2279e-05
-6.2187e-05
-6.2094e-05
-6.2002e-05
-6.1909e-05
-6.1816e-05
-6.1724e-05
-6.1631e-05
-6.1539e-05
-6.1446e-05
-6.1353e-05
-6.1261e-05
-6.1168e-05
-6.1076e-05
-6.0983e-05
-6.089e-05
-6.0798e-05
-6.0705e-05
-6.0613e-05
-6.052e-05
-6.0427e-05
-6.0335e-05
-6.0242e-05
-6.0149e-05
-6.0057e-05
-5.9964e-05
-5.9872e-05
-5.9779e-05
-5.9686e-05
-5.9594e-05
-5.9501e-05
-5.9409e-05
-5.9316e-05
-5.9223e-05
-5.9131e-05
-5.9038e-05
-5.8946e-05
-5.8853e-05
-5.876e-05
-5.8668e-05
-5.8575e-05
-5.8483e-05
-5.839e-05
-5.8297e-05
-5.8205e-05
-5.8112e-05
-5.8019e-05
-5.7927e-05
-5.7834e-05
-5.7742e-05
-5.7649e-05
-5.7556e-05
-5.7464e-05
-5.7371e-05
-5.7279e-05
-5.7186e-05
-5.7093e-05
-5.7001e-05
-5.6908e-05
-5.6816e-05
-5.6723e-05
-5.663e-05
-5.6538e-05
-5.6445e-05
-5.6353e-05
-5.626e-05
-5.6167e-05
-5.6075e-05
-5.5982e-05
-5.5889e-05
-5.5797e-05
-5.5704e-05
-5.5612e-05
-5.5519e-05
-5.5426e-05
-5.5334e-05
-5.5241e-05
-5.5149e-05
-5.5056e-05
-5.4963e-05
-5.4871e-05
-5.4778e-05
-5.4686e-05
-5.4593e-05
-5.45e-05
-5.4408e-05
-5.4315e-05
-5.4223e-05
-5.413e-05
-5.4037e-05
-5.3945e-05
-5.3852e-05
-5.3759e-05
-5.3667e-05
-5.3574e-05
-5.3482e-05
-5.3389e-05
-5.3296e-05
-5.3204e-05
-5.3111e-05
-5.3019e-05
-5.2926e-05
-5.2833e-05
-5.2741e-05
-5.2648e-05
-5.2556e-05
-5.2463e-05
-5.237e-05
-5.2278e-05
-5.2185e-05
-5.2092e-05
-5.2e-05
-5.1907e-05
-5.1815e-05
-5.1722e-05
-5.1629e-05
-5.1537e-05
-5.1444e-05
-5.1352e-05
-5.1259e-05
-5.1166e-05
-5.1074e-05
-5.0981e-05
-5.0889e-05
-5.0796e-05
-5.0703e-05
-5.0611e-05
-5.0518e-05
-5.0426e-05
-5.0333e-05
-5.024e-05
-5.0148e-05
-5.0055e-05
-4.9962e-05
-4.987e-05
-4.9777e-05
-4.9685e-05
-4.9592e-05
-4.9499e-05
-4.9407e-05
-4.9314e-05
-4.9222e-05
-4.9129e-05
-4.9036e-05
-4.8944e-05
-4.8851e-05
-4.8759e-05
-4.8666e-05
-4.8573e-05
-4.8481e-05
-4.8388e-05
-4.8296e-05
-4.8203e-05
-4.811e-05
-4.8018e-05
-4.7925e-05
-4.7832e-05
-4.774e-05
-4.7647e-05
-4.7555e-05
-4.7462e-05
-4.7369e-05
-4.7277e-05
-4.7184e-05
-4.7092e-05
-4.6999e-05
-4.6906e-05
-4.6814e-05
-4.6721e-05
-4.6629e-05
-4.6536e-05
-4.6443e-05
-4.6351e-05
-4.6258e-05
-4.6166e-05
-4.6073e-05
-4.598e-05
-4.5888e-05
-4.5795e-05
-4.5702e-05
-4.561e-05
-4.5517e-05
-4.5425e-05
-4.5332e-05
-4.5239e-05
-4.5147e-05
-4.5054e-05
-4.4962e-05
-4.4869e-05
-4.4776e-05
-4.4684e-05
-4.4591e-05
-4.4499e-05
-4.4406e-05
-4.4313e-05
-4.4221e-05
-4.4128e-05
-4.4036e-05
-4.3943e-05
-4.385e-05
-4.3758e-05
-4.3665e-05
-4.3572e-05
-4.348e-05
-4.3387e-05
-4.3295e-05
-4.3202e-05
-4.3109e-05
-4.3017e-05
-4.2924e-05
-4.2832e-05
-4.2739e-05
-4.2646e-05
-4.2554e-05
-4.2461e-05
-4.2369e-05
-4.2276e-05
-4.2183e-05
-4.2091e-05
-4.1998e-05
-4.1906e-05
-4.1813e-05
-4.172e-05
-4.1628e-05
-4.1535e-05
-4.1442e-05
-4.135e-05
-4.1257e-05
-4.1165e-05
-4.1072e-05
-4.0979e-05
-4.0887e-05
-4.0794e-05
-4.0702e-05
-4.0609e-05
-4.0516e-05
-4.0424e-05
-4.0331e-05
-4.0239e-05
-4.0146e-05
-4.0053e-05
-3.9961e-05
-3.9868e-05
-3.9776e-05
-3.9683e-05
-3.959e-05
-3.9498e-05
-3.9405e-05
-3.9312e-05
-3.922e-05
-3.9127e-05
-3.9035e-05
-3.8942e-05
-3.8849e-05
-3.8757e-05
-3.8664e-05
-3.8572e-05
-3.8479e-05
-3.8386e-05
-3.8294e-05
-3.8201e-05
-3.8109e-05
-3.8016e-05
-3.7923e-05
-3.7831e-05
-3.7738e-05
-3.7646e-05
-3.7553e-05
-3.746e-05
-3.7368e-05
-3.7275e-05
-3.7182e-05
-3.709e-05
-3.6997e-05
-3.6905e-05
-3.6812e-05
-3.6719e-05
-3.6627e-05
-3.6534e-05
-3.6442e-05
-3.6349e-05
-3.6256e-05
-3.6164e-05
-3.6071e-05
-3.5979e-05
-3.5886e-05
-3.5793e-05
-3.5701e-05
-3.5608e-05
-3.5516e-05
-3.5423e-05
-3.533e-05
-3.5238e-05
-3.5145e-05
-3.5052e-05
-3.496e-05
-3.4867e-05
-3.4775e-05
-3.4682e-05
-3.4589e-05
-3.4497e-05
-3.4404e-05
-3.4312e-05
-3.4219e-05
-3.4126e-05
-3.4034e-05
-3.3941e-05
-3.3849e-05
-3.3756e-05
-3.3663e-05
-3.3571e-05
-3.3478e-05
-3.3386e-05
-3.3293e-05
-3.32e-05
-3.3108e-05
-3.3015e-05
-3.2922e-05
-3.283e-05
-3.2737e-05
-3.2645e-05
-3.2552e-05
-3.2459e-05
-3.2367e-05
-3.2274e-05
-3.2182e-05
-3.2089e-05
-3.1996e-05
-3.1904e-05
-3.1811e-05
-3.1719e-05
-3.1626e-05
-3.1533e-05
-3.1441e-05
-3.1348e-05
-3.1255e-05
-3.1163e-05
-3.107e-05
-3.0978e-05
-3.0885e-05
-3.0792e-05
-3.07e-05
-3.0607e-05
-3.0515e-05
-3.0422e-05
-3.0329e-05
-3.0237e-05
-3.0144e-05
-3.0052e-05
-2.9959e-05
-2.9866e-05
-2.9774e-05
-2.9681e-05
-2.9589e-05
-2.9496e-05
-2.9403e-05
-2.9311e-05
-2.9218e-05
-2.9125e-05
-2.9033e-05
-2.894e-05
-2.8848e-05
-2.8755e-05
-2.8662e-05
-2.857e-05
-2.8477e-05
-2.8385e-05
-2.8292e-05
-2.8199e-05
-2.8107e-05
-2.8014e-05
-2.7922e-05
-2.7829e-05
-2.7736e-05
-2.7644e-05
-2.7551e-05
-2.7459e-05
-2.7366e-05
-2.7273e-05
-2.7181e-05
-2.7088e-05
-2.6995e-05
-2.6903e-05
-2.681e-05
-2.6718e-05
-2.6625e-05
-2.6532e-05
-2.644e-05
-2.6347e-05
-2.6255e-05
-2.6162e-05
-2.6069e-05
-2.5977e-05
-2.5884e-05
-2.5792e-05
-2.5699e-05
-2.5606e-05
-2.5514e-05
-2.5421e-05
-2.5329e-05
-2.5236e-05
-2.5143e-05
-2.5051e-05
-2.4958e-05
-2.4865e-05
-2.4773e-05
-2.468e-05
-2.4588e-05
-2.4495e-05
-2.4402e-05
-2.431e-05
-2.4217e-05
-2.4125e-05
-2.4032e-05
-2.3939e-05
-2.3847e-05
-2.3754e-05
-2.3662e-05
-2.3569e-05
-2.3476e-05
-2.3384e-05
-2.3291e-05
-2.3199e-05
-2.3106e-05
-2.3013e-05
-2.2921e-05
-2.2828e-05
-2.2735e-05
-2.2643e-05
-2.255e-05
-2.2458e-05
-2.2365e-05
-2.2272e-05
-2.218e-05
-2.2087e-05
-2.1995e-05
-2.1902e-05
-2.1809e-05
-2.1717e-05
-2.1624e-05
-2.1532e-05
-2.1439e-05
-2.1346e-05
-2.1254e-05
-2.1161e-05
-2.1069e-05
-2.0976e-05
-2.0883e-05
-2.0791e-05
-2.0698e-05
-2.0605e-05
-2.0513e-05
-2.042e-05
-2.0328e-05
-2.0235e-05
-2.0142e-05
-2.005e-05
-1.9957e-05
-1.9865e-05
-1.9772e-05
-1.9679e-05
-1.9587e-05
-1.9494e-05
-1.9402e-05
-1.9309e-05
-1.9216e-05
-1.9124e-05
-1.9031e-05
-1.8939e-05
-1.8846e-05
-1.8753e-05
-1.8661e-05
-1.8568e-05
-1.8475e-05
-1.8383e-05
-1.829e-05
-1.8198e-05
-1.8105e-05
-1.8012e-05
-1.792e-05
-1.7827e-05
-1.7735e-05
-1.7642e-05
-1.7549e-05
-1.7457e-05
-1.7364e-05
-1.7272e-05
-1.7179e-05
-1.7086e-05
-1.6994e-05
-1.6901e-05
-1.6809e-05
-1.6716e-05
-1.6623e-05
-1.6531e-05
-1.6438e-05
-1.6345e-05
-1.6253e-05
-1.616e-05
-1.6068e-05
-1.5975e-05
-1.5882e-05
-1.579e-05
-1.5697e-05
-1.5605e-05
-1.5512e-05
-1.5419e-05
-1.5327e-05
-1.5234e-05
-1.5142e-05
-1.5049e-05
-1.4956e-05
-1.4864e-05
-1.4771e-05
-1.4679e-05
-1.4586e-05
-1.4493e-05
-1.4401e-05
-1.4308e-05
-1.4215e-05
-1.4123e-05
-1.403e-05
-1.3938e-05
-1.3845e-05
-1.3752e-05
-1.366e-05
-1.3567e-05
-1.3475e-05
-1.3382e-05
-1.3289e-05
-1.3197e-05
-1.3104e-05
-1.3012e-05
-1.2919e-05
-1.2826e-05
-1.2734e-05
-1.2641e-05
-1.2549e-05
-1.2456e-05
-1.2363e-05
-1.2271e-05
-1.2178e-05
-1.2085e-05
-1.1993e-05
-1.19e-05
-1.1808e-05
-1.1715e-05
-1.1622e-05
-1.153e-05
-1.1437e-05
-1.1345e-05
-1.1252e-05
-1.1159e-05
-1.1067e-05
-1.0974e-05
-1.0882e-05
-1.0789e-05
-1.0696e-05
-1.0604e-05
-1.0511e-05
-1.0418e-05
-1.0326e-05
-1.0233e-05
-1.0141e-05
-1.0048e-05
-9.9555e-06
-9.8628e-06
-9.7702e-06
-9.6776e-06
-9.585e-06
-9.4924e-06
-9.3998e-06
-9.3072e-06
-9.2146e-06
-9.122e-06
-9.0294e-06
-8.9368e-06
-8.8441e-06
-8.7515e-06
-8.6589e-06
-8.5663e-06
-8.4737e-06
-8.3811e-06
-8.2885e-06
-8.1959e-06
-8.1033e-06
-8.0107e-06
-7.9181e-06
-7.8255e-06
-7.7328e-06
-7.6402e-06
-7.5476e-06
-7.455e-06
-7.3624e-06
-7.2698e-06
-7.1772e-06
-7.0846e-06
-6.992e-06
-6.8994e-06
-6.8068e-06
-6.7141e-06
-6.6215e-06
-6.5289e-06
-6.4363e-06
-6.3437e-06
-6.2511e-06
-6.1585e-06
-6.0659e-06
-5.9733e-06
-5.8807e-06
-5.7881e-06
-5.6954e-06
-5.6028e-06
-5.5102e-06
-5.4176e-06
-5.325e-06
-5.2324e-06
-5.1398e-06
-5.0472e-06
-4.9546e-06
-4.862e-06
-4.7694e-06
-4.6767e-06
-4.5841e-06
-4.4915e-06
-4.3989e-06
-4.3063e-06
-4.2137e-06
-4.1211e-06
-4.0285e-06
-3.9359e-06
-3.8433e-06
-3.7507e-06
-3.6581e-06
-3.5654e-06
-3.4728e-06
-3.3802e-06
-3.2876e-06
-3.195e-06
-3.1024e-06
-3.0098e-06
-2.9172e-06
-2.8246e-06
-2.732e-06
-2.6394e-06
-2.5467e-06
-2.4541e-06
-2.3615e-06
-2.2689e-06
-2.1763e-06
-2.0837e-06
-1.9911e-06
-1.8985e-06
-1.8059e-06
-1.7133e-06
-1.6207e-06
-1.528e-06
-1.4354e-06
-1.3428e-06
-1.2502e-06
-1.1576e-06
-1.065e-06
-9.7239e-07
-8.7978e-07
-7.8718e-07
-6.9457e-07
-6.0196e-07
-5.0935e-07
-4.1674e-07
-3.2413e-07
-2.3152e-07
-1.3891e-07
-4.6304e-08
4.6304e-08
1.3891e-07
2.3152e-07
3.2413e-07
4.1674e-07
5.0935e-07
6.0196e-07
6.9457e-07
7.8718e-07
8.7978e-07
9.7239e-07
1.065e-06
1.1576e-06
1.2502e-06
1.3428e-06
1.4354e-06
1.528e-06
1.6207e-06
1.7133e-06
1.8059e-06
1.8985e-06
1.9911e-06
2.0837e-06
2.1763e-06
2.2689e-06
2.3615e-06
2.4541e-06
2.5467e-06
2.6394e-06
2.732e-06
2.8246e-06
2.9172e-06
3.0098e-06
3.1024e-06
3.195e-06
3.2876e-06
3.3802e-06
3.4728e-06
3.5654e-06
3.6581e-06
3.7507e-06
3.8433e-06
3.9359e-06
4.0285e-06
4.1211e-06
4.2137e-06
4.3063e-06
4.3989e-06
4.4915e-06
4.5841e-06
4.6767e-06
4.7694e-06
4.862e-06
4.9546e-06
5.0472e-06
5.1398e-06
5.2324e-06
5.325e-06
5.4176e-06
5.5102e-06
5.6028e-06
5.6954e-06
5.7881e-06
5.8807e-06
5.9733e-06
6.0659e-06
6.1585e-06
6.2511e-06
6.3437e-06
6.4363e-06
6.5289e-06
6.6215e-06
6.7141e-06
6.8068e-06
6.8994e-06
6.992e-06
7.0846e-06
7.1772e-06
7.2698e-06
7.3624e-06
7.455e-06
7.5476e-06
7.6402e-06
7.7328e-06
7.8255e-06
7.9181e-06
8.0107e-06
8.1033e-06
8.1959e-06
8.2885e-06
8.3811e-06
8.4737e-06
8.5663e-06
8.6589e-06
8.7515e-06
8.8441e-06
8.9368e-06
9.0294e-06
9.122e-06
9.2146e-06
9.3072e-06
9.3998e-06
9.4924e-06
9.585e-06
9.6776e-06
9.7702e-06
9.8628e-06
9.9555e-06
1.0048e-05
1.0141e-05
1.0233e-05
1.0326e-05
1.0418e-05
1.0511e-05
1.0604e-05
1.0696e-05
1.0789e-05
1.0882e-05
1.0974e-05
1.1067e-05
1.1159e-05
1.1252e-05
1.1345e-05
1.1437e-05
1.153e-05
1.1622e-05
1.1715e-05
1.1808e-05
1.19e-05
1.1993e-05
1.2085e-05
1.2178e-05
1.2271e-05
1.2363e-05
1.2456e-05
1.2549e-05
1.2641e-05
1.2734e-05
1.2826e-05
1.2919e-05
1.3012e-05
1.3104e-05
1.3197e-05
1.3289e-05
1.3382e-05
1.3475e-05
1.3567e-05
1.366e-05
1.3752e-05
1.3845e-05
1.3938e-05
1.403e-05
1.4123e-05
1.4215e-05
1.4308e-05
1.4401e-05
1.4493e-05
1.4586e-05
1.4679e-05
1.4771e-05
1.4864e-05
1.4956e-05
1.5049e-05
1.5142e-05
1.5234e-05
1.5327e-05
1.5419e-05
1.5512e-05
1.5605e-05
1.5697e-05
1.579e-05
1.5882e-05
1.5975e-05
1.6068e-05
1.616e-05
1.6253e-05
1.6345e-05
1.6438e-05
1.6531e-05
1.6623e-05
1.6716e-05
1.6809e-05
1.6901e-05
1.6994e-05
1.7086e-05
1.7179e-05
1.7272e-05
1.7364e-05
1.7457e-05
1.7549e-05
1.7642e-05
1.7735e-05
1.7827e-05
1.792e-05
1.8012e-05
1.8105e-05
1.8198e-05
1.829e-05
1.8383e-05
1.8475e-05
1.8568e-05
1.8661e-05
1.8753e-05
1.8846e-05
1.8939e-05
1.9031e-05
1.9124e-05
1.9216e-05
1.9309e-05
1.9402e-05
1.9494e-05
1.9587e-05
1.9679e-05
1.9772e-05
1.9865e-05
1.9957e-05
2.005e-05
2.0142e-05
2.0235e-05
2.0328e-05
2.042e-05
2.0513e-05
2.0605e-05
2.0698e-05
2.0791e-05
2.0883e-05
2.0976e-05
2.1069e-05
2.1161e-05
2.1254e-05
2.1346e-05
2.1439e-05
2.1532e-05
2.1624e-05
2.1717e-05
2.1809e-05
2.1902e-05
2.1995e-05
2.2087e-05
2.218e-05
2.2272e-05
2.2365e-05
2.2458e-05
2.255e-05
2.2643e-05
2.2735e-05
2.2828e-05
2.2921e-05
2.3013e-05
2.3106e-05
2.3199e-05
2.3291e-05
2.3384e-05
2.3476e-05
2.3569e-05
2.3662e-05
2.3754e-05
2.3847e-05
2.3939e-05
2.4032e-05
2.4125e-05
2.4217e-05
2.431e-05
2.4402e-05
2.4495e-05
2.4588e-05
2.468e-05
2.4773e-05
2.4865e-05
2.4958e-05
2.5051e-05
2.5143e-05
2.5236e-05
2.5329e-05
2.5421e-05
2.5514e-05
2.5606e-05
2.5699e-05
2.5792e-05
2.5884e-05
2.5977e-05
2.6069e-05
2.6162e-05
2.6255e-05
2.6347e-05
2.644e-05
2.6532e-05
2.6625e-05
2.6718e-05
2.681e-05
2.6903e-05
2.6995e-05
2.7088e-05
2.7181e-05
2.7273e-05
2.7366e-05
2.7459e-05
2.7551e-05
2.7644e-05
2.7736e-05
2.7829e-05
2.7922e-05
2.8014e-05
2.8107e-05
2.8199e-05
2.8292e-05
2.8385e-05
2.8477e-05
2.857e-05
2.8662e-05
2.8755e-05
2.8848e-05
2.894e-05
2.9033e-05
2.9125e-05
2.9218e-05
2.9311e-05
2.9403e-05
2.9496e-05
2.9589e-05
2.9681e-05
2.9774e-05
2.9866e-05
2.9959e-05
3.0052e-05
3.0144e-05
3.0237e-05
3.0329e-05
3.0422e-05
3.0515e-05
3.0607e-05
3.07e-05
3.0792e-05
3.0885e-05
3.0978e-05
3.107e-05
3.1163e-05
3.1255e-05
3.1348e-05
3.1441e-05
3.1533e-05
3.1626e-05
3.1719e-05
3.1811e-05
3.1904e-05
3.1996e-05
3.2089e-05
3.2182e-05
3.2274e-05
3.2367e-05
3.2459e-05
3.2552e-05
3.2645e-05
3.2737e-05
3.283e-05
3.2922e-05
3.3015e-05
3.3108e-05
3.32e-05
3.3293e-05
3.3386e-05
3.3478e-05
3.3571e-05
3.3663e-05
3.3756e-05
3.3849e-05
3.3941e-05
3.4034e-05
3.4126e-05
3.4219e-05
3.4312e-05
3.4404e-05
3.4497e-05
3.4589e-05
3.4682e-05
3.4775e-05
3.4867e-05
3.496e-05
3.5052e-05
3.5145e-05
3.5238e-05
3.533e-05
3.5423e-05
3.5516e-05
3.5608e-05
3.5701e-05
3.5793e-05
3.5886e-05
3.5979e-05
3.6071e-05
3.6164e-05
3.6256e-05
3.6349e-05
3.6442e-05
3.6534e-05
3.6627e-05
3.6719e-05
3.6812e-05
3.6905e-05
3.6997e-05
3.709e-05
3.7182e-05
3.7275e-05
3.7368e-05
3.746e-05
3.7553e-05
3.7646e-05
3.7738e-05
3.7831e-05
3.7923e-05
3.8016e-05
3.8109e-05
3.8201e-05
3.8294e-05
3.8386e-05
3.8479e-05
3.8572e-05
3.8664e-05
3.8757e-05
3.8849e-05
3.8942e-05
3.9035e-05
3.9127e-05
3.922e-05
3.9312e-05
3.9405e-05
3.9498e-05
3.959e-05
3.9683e-05
3.9776e-05
3.9868e-05
3.9961e-05
4.0053e-05
4.0146e-05
4.0239e-05
4.0331e-05
4.0424e-05
4.0516e-05
4.0609e-05
4.0702e-05
4.0794e-05
4.0887e-05
4.0979e-05
4.1072e-05
4.1165e-05
4.1257e-05
4.135e-05
4.1442e-05
4.1535e-05
4.1628e-05
4.172e-05
4.1813e-05
4.1906e-05
4.1998e-05
4.2091e-05
4.2183e-05
4.2276e-05
4.2369e-05
4.2461e-05
4.2554e-05
4.2646e-05
4.2739e-05
4.2832e-05
4.2924e-05
4.3017e-05
4.3109e-05
4.3202e-05
4.3295e-05
4.3387e-05
4.348e-05
4.3572e-05
4.3665e-05
4.3758e-05
4.385e-05
4.3943e-05
4.4036e-05
4.4128e-05
4.4221e-05
4.4313e-05
4.4406e-05
4.4499e-05
4.4591e-05
4.4684e-05
4.4776e-05
4.4869e-05
4.4962e-05
4.5054e-05
4.5147e-05
4.5239e-05
4.5332e-05
4.5425e-05
4.5517e-05
4.561e-05
4.5702e-05
4.5795e-05
4.5888e-05
4.598e-05
4.6073e-05
4.6166e-05
4.6258e-05
4.6351e-05
4.6443e-05
4.6536e-05
4.6629e-05
4.6721e-05
4.6814e-05
4.6906e-05
4.6999e-05
4.7092e-05
4.7184e-05
4.7277e-05
4.7369e-05
4.7462e-05
4.7555e-05
4.7647e-05
4.774e-05
4.7832e-05
4.7925e-05
4.8018e-05
4.811e-05
4.8203e-05
4.8296e-05
4.8388e-05
4.8481e-05
4.8573e-05
4.8666e-05
4.8759e-05
4.8851e-05
4.8944e-05
4.9036e-05
4.9129e-05
4.9222e-05
4.9314e-05
4.9407e-05
4.9499e-05
4.9592e-05
4.9685e-05
4.9777e-05
4.987e-05
4.9962e-05
5.0055e-05
5.0148e-05
5.024e-05
5.0333e-05
5.0426e-05
5.0518e-05
5.0611e-05
5.0703e-05
5.0796e-05
5.0889e-05
5.0981e-05
5.1074e-05
5.1166e-05
5.1259e-05
5.1352e-05
5.1444e-05
5.1537e-05
5.1629e-05
5.1722e-05
5.1815e-05
5.1907e-05
5.2e-05
5.2092e-05
5.2185e-05
5.2278e-05
5.237e-05
5.2463e-05
5.2556e-05
5.2648e-05
5.2741e-05
5.2833e-05
5.2926e-05
5.3019e-05
5.3111e-05
5.3204e-05
5.3296e-05
5.3389e-05
5.3482e-05
5.3574e-05
5.3667e-05
5.3759e-05
5.3852e-05
5.3945e-05
5.4037e-05
5.413e-05
5.4223e-05
5.4315e-05
5.4408e-05
5.45e-05
5.4593e-05
5.4686e-05
5.4778e-05
5.4871e-05
5.4963e-05
5.5056e-05
5.5149e-05
5.5241e-05
5.5334e-05
5.5426e-05
5.5519e-05
5.5612e-05
5.5704e-05
5.5797e-05
5.5889e-05
5.5982e-05
5.6075e-05
5.6167e-05
5.626e-05
5.6353e-05
5.6445e-05
5.6538e-05
5.663e-05
5.6723e-05
5.6816e-05
5.6908e-05
5.7001e-05
5.7093e-05
5.7186e-05
5.7279e-05
5.7371e-05
5.7464e-05
5.7556e-05
5.7649e-05
5.7742e-05
5.7834e-05
5.7927e-05
5.8019e-05
5.8112e-05
5.8205e-05
5.8297e-05
5.839e-05
5.8483e-05
5.8575e-05
5.8668e-05
5.876e-05
5.8853e-05
5.8946e-05
5.9038e-05
5.9131e-05
5.9223e-05
5.9316e-05
5.9409e-05
5.9501e-05
5.9594e-05
5.9686e-05
5.9779e-05
5.9872e-05
5.9964e-05
6.0057e-05
6.0149e-05
6.0242e-05
6.0335e-05
6.0427e-05
6.052e-05
6.0613e-05
6.0705e-05
6.0798e-05
6.089e-05
6.0983e-05
6.1076e-05
6.1168e-05
6.1261e-05
6.1353e-05
6.1446e-05
6.1539e-05
6.1631e-05
6.1724e-05
6.1816e-05
6.1909e-05
6.2002e-05
6.2094e-05
6.2187e-05
6.2279e-05
6.2372e-05
6.2465e-05
6.2557e-05
6.265e-05
6.2743e-05
6.2835e-05
6.2928e-05
6.302e-05
6.3113e-05
6.3206e-05
6.3298e-05
6.3391e-05
6.3483e-05
6.3576e-05
6.3669e-05
6.3761e-05
6.3854e-05
6.3946e-05
6.4039e-05
6.4132e-05
6.4224e-05
6.4317e-05
6.4409e-05
6.4502e-05
6.4595e-05
6.4687e-05
6.478e-05
6.4873e-05
6.4965e-05
6.5058e-05
6.515e-05
6.5243e-05
6.5336e-05
6.5428e-05
6.5521e-05
6.5613e-05
6.5706e-05
6.5799e-05
6.5891e-05
6.5984e-05
6.6076e-05
6.6169e-05
6.6262e-05
6.6354e-05
6.6447e-05
6.6539e-05
6.6632e-05
6.6725e-05
6.6817e-05
6.691e-05
6.7003e-05
6.7095e-05
6.7188e-05
6.728e-05
6.7373e-05
6.7466e-05
6.7558e-05
6.7651e-05
6.7743e-05
6.7836e-05
6.7929e-05
6.8021e-05
6.8114e-05
6.8206e-05
6.8299e-05
6.8392e-05
6.8484e-05
6.8577e-05
6.8669e-05
6.8762e-05
6.8855e-05
6.8947e-05
6.904e-05
6.9133e-05
6.9225e-05
6.9318e-05
6.941e-05
6.9503e-05
6.9596e-05
6.9688e-05
6.9781e-05
6.9873e-05
6.9966e-05
7.0059e-05
7.0151e-05
7.0244e-05
7.0336e-05
7.0429e-05
7.0522e-05
7.0614e-05
7.0707e-05
7.0799e-05
7.0892e-05
7.0985e-05
7.1077e-05
7.117e-05
7.1263e-05
7.1355e-05
7.1448e-05
7.154e-05
7.1633e-05
7.1726e-05
7.1818e-05
7.1911e-05
7.2003e-05
7.2096e-05
7.2189e-05
7.2281e-05
7.2374e-05
7.2466e-05
7.2559e-05
7.2652e-05
7.2744e-05
7.2837e-05
7.2929e-05
7.3022e-05
7.3115e-05
7.3207e-05
7.33e-05
7.3393e-05
7.3485e-05
7.3578e-05
7.367e-05
7.3763e-05
7.3856e-05
7.3948e-05
7.4041e-05
7.4133e-05
7.4226e-05
7.4319e-05
7.4411e-05
7.4504e-05
7.4596e-05
7.4689e-05
7.4782e-05
7.4874e-05
7.4967e-05
7.506e-05
7.5152e-05
7.5245e-05
7.5337e-05
7.543e-05
7.5523e-05
7.5615e-05
7.5708e-05
7.58e-05
7.5893e-05
7.5986e-05
7.6078e-05
7.6171e-05
7.6263e-05
7.6356e-05
7.6449e-05
7.6541e-05
7.6634e-05
7.6726e-05
7.6819e-05
7.6912e-05
7.7004e-05
7.7097e-05
7.719e-05
7.7282e-05
7.7375e-05
7.7467e-05
7.756e-05
7.7653e-05
7.7745e-05
7.7838e-05
7.793e-05
7.8023e-05
7.8116e-05
7.8208e-05
7.8301e-05
7.8393e-05
7.8486e-05
7.8579e-05
7.8671e-05
7.8764e-05
7.8856e-05
7.8949e-05
7.9042e-05
7.9134e-05
7.9227e-05
7.932e-05
7.9412e-05
7.9505e-05
7.9597e-05
7.969e-05
7.9783e-05
7.9875e-05
7.9968e-05
8.006e-05
8.0153e-05
8.0246e-05
8.0338e-05
8.0431e-05
8.0523e-05
8.0616e-05
8.0709e-05
8.0801e-05
8.0894e-05
8.0986e-05
8.1079e-05
8.1172e-05
8.1264e-05
8.1357e-05
8.145e-05
8.1542e-05
8.1635e-05
8.1727e-05
8.182e-05
8.1913e-05
8.2005e-05
8.2098e-05
8.219e-05
8.2283e-05
8.2376e-05
8.2468e-05
8.2561e-05
8.2653e-05
8.2746e-05
8.2839e-05
8.2931e-05
8.3024e-05
8.3116e-05
8.3209e-05
8.3302e-05
8.3394e-05
8.3487e-05
8.358e-05
8.3672e-05
8.3765e-05
8.3857e-05
8.395e-05
8.4043e-05
8.4135e-05
8.4228e-05
8.432e-05
8.4413e-05
8.4506e-05
8.4598e-05
8.4691e-05
8.4783e-05
8.4876e-05
8.4969e-05
8.5061e-05
8.5154e-05
8.5246e-05
8.5339e-05
8.5432e-05
8.5524e-05
8.5617e-05
8.571e-05
8.5802e-05
8.5895e-05
8.5987e-05
8.608e-05
8.6173e-05
8.6265e-05
8.6358e-05
8.645e-05
8.6543e-05
8.6636e-05
8.6728e-05
8.6821e-05
8.6913e-05
8.7006e-05
8.7099e-05
8.7191e-05
8.7284e-05
8.7376e-05
8.7469e-05
8.7562e-05
8.7654e-05
8.7747e-05
8.784e-05
8.7932e-05
8.8025e-05
8.8117e-05
8.821e-05
8.8303e-05
8.8395e-05
8.8488e-05
8.858e-05
8.8673e-05
8.8766e-05
8.8858e-05
8.8951e-05
8.9043e-05
8.9136e-05
8.9229e-05
8.9321e-05
8.9414e-05
8.9506e-05
8.9599e-05
8.9692e-05
8.9784e-05
8.9877e-05
8.997e-05
9.0062e-05
9.0155e-05
9.0247e-05
9.034e-05
9.0433e-05
9.0525e-05
9.0618e-05
9.071e-05
9.0803e-05
9.0896e-05
9.0988e-05
9.1081e-05
9.1173e-05
9.1266e-05
9.1359e-05
9.1451e-05
9.1544e-05
9.1636e-05
9.1729e-05
9.1822e-05
9.1914e-05
9.2007e-05
9.21e-05
9.2192e-05
9.2285e-05
9.2377e-05
9.247e-05
9.2563e-05
9.2655e-05
9.2748e-05
9.284e-05
9.2933e-05
9.3026e-05
9.3118e-05
9.3211e-05
9.3303e-05
9.3396e-05
9.3489e-05
9.3581e-05
9.3674e-05
9.3766e-05
9.3859e-05
9.3952e-05
9.4044e-05
9.4137e-05
9.423e-05
9.4322e-05
9.4415e-05
9.4507e-05
9.46e-05
9.4693e-05
9.4785e-05
9.4878e-05
9.497e-05
9.5063e-05
9.5156e-05
9.5248e-05
9.5341e-05
9.5433e-05
9.5526e-05
9.5619e-05
9.5711e-05
9.5804e-05
9.5897e-05
9.5989e-05
9.6082e-05
9.6174e-05
9.6267e-05
9.636e-05
9.6452e-05
9.6545e-05
9.6637e-05
9.673e-05
9.6823e-05
9.6915e-05
9.7008e-05
9.71e-05
9.7193e-05
9.7286e-05
9.7378e-05
9.7471e-05
9.7563e-05
9.7656e-05
9.7749e-05
9.7841e-05
9.7934e-05
9.8027e-05
9.8119e-05
9.8212e-05
9.8304e-05
9.8397e-05
9.849e-05
9.8582e-05
9.8675e-05
9.8767e-05
9.886e-05
9.8953e-05
9.9045e-05
9.9138e-05
9.923e-05
9.9323e-05
9.9416e-05
9.9508e-05
9.9601e-05
9.9693e-05
9.9786e-05
9.9879e-05
9.9971e-05
0.00010006
0.00010016
0.00010025
0.00010034
0.00010043
0.00010053
0.00010062
0.00010071
0.0001008
0.0001009
0.00010099
0.00010108
0.00010118
0.00010127
0.00010136
0.00010145
0.00010155
0.00010164
0.00010173
0.00010182
0.00010192
0.00010201
0.0001021
0.00010219
0.00010229
0.00010238
0.00010247
0.00010256
0.00010266
0.00010275
0.00010284
0.00010293
0.00010303
0.00010312
0.00010321
0.00010331
0.0001034
0.00010349
0.00010358
0.00010368
0.00010377
0.00010386
0.00010395
0.00010405
0.00010414
0.00010423
0.00010432
0.00010442
0.00010451
0.0001046
0.00010469
0.00010479
0.00010488
0.00010497
0.00010506
0.00010516
0.00010525
0.00010534
0.00010544
0.00010553
0.00010562
0.00010571
0.00010581
0.0001059
0.00010599
0.00010608
0.00010618
0.00010627
0.00010636
0.00010645
0.00010655
0.00010664
0.00010673
0.00010682
0.00010692
0.00010701
0.0001071
0.00010719
0.00010729
0.00010738
0.00010747
0.00010756
0.00010766
0.00010775
0.00010784
0.00010794
0.00010803
0.00010812
0.00010821
0.00010831
0.0001084
0.00010849
0.00010858
0.00010868
0.00010877
0.00010886
0.00010895
0.00010905
0.00010914
0.00010923
0.00010932
0.00010942
0.00010951
0.0001096
0.00010969
0.00010979
0.00010988
0.00010997
0.00011006
0.00011016
0.00011025
0.00011034
0.00011043
0.00011053
0.00011062
0.00011071
0.0001108
0.0001109
0.00011099
0.00011108
0.00011117
0.00011127
0.00011136
0.00011145
0.00011154
0.00011164
0.00011173
0.00011182
0.00011191
0.00011201
0.0001121
0.00011219
0.00011228
0.00011238
0.00011247
0.00011256
0.00011265
0.00011275
0.00011284
0.00011293
0.00011302
0.00011312
0.00011321
0.0001133
0.00011339
0.00011349
0.00011358
0.00011367
0.00011376
0.00011385
0.00011395
0.00011404
0.00011413
0.00011422
0.00011432
0.00011441
0.0001145
0.00011459
0.00011468
0.00011478
0.00011487
0.00011496
0.00011505
0.00011514
0.00011524
0.00011533
0.00011542
0.00011551
0.0001156
0.0001157
0.00011579
0.00011588
0.00011597
0.00011606
0.00011616
0.00011625
0.00011634
0.00011643
0.00011652
0.00011661
0.00011671
0.0001168
0.00011689
0.00011698
0.00011707
0.00011716
0.00011725
0.00011735
0.00011744
0.00011753
0.00011762
0.00011771
0.0001178
0.00011789
0.00011798
0.00011807
0.00011816
0.00011825
0.00011835
0.00011844
0.00011853
0.00011862
0.00011871
0.0001188
0.00011889
0.00011898
0.00011907
0.00011916
0.00011925
0.00011934
0.00011943
0.00011952
0.00011961
0.00011969
0.00011978
0.00011987
0.00011996
0.00012005
0.00012014
0.00012023
0.00012032
0.00012041
0.00012049
0.00012058
0.00012067
0.00012076
0.00012084
0.00012093
0.00012102
0.00012111
0.00012119
0.00012128
0.00012137
0.00012145
0.00012154
0.00012163
0.00012171
0.0001218
0.00012188
0.00012197
0.00012205
0.00012214
0.00012222
0.0001223
0.00012239
0.00012247
0.00012256
0.00012264
0.00012272
0.0001228
0.00012289
0.00012297
0.00012305
0.00012313
0.00012321
0.00012329
0.00012337
0.00012345
0.00012353
0.00012361
0.00012369
0.00012377
0.00012384
0.00012392
0.000124
0.00012407
0.00012415
0.00012423
0.0001243
0.00012437
0.00012445
0.00012452
0.00012459
0.00012467
0.00012474
0.00012481
0.00012488
0.00012495
0.00012502
0.00012509
0.00012515
0.00012522
0.00012529
0.00012535
0.00012542
0.00012548
0.00012555
0.00012561
0.00012567
0.00012573
0.00012579
0.00012585
0.00012591
0.00012597
0.00012603
0.00012608
0.00012614
0.00012619
0.00012624
0.00012629
0.00012635
0.00012639
0.00012644
0.00012649
0.00012654
0.00012658
0.00012663
0.00012667
0.00012671
0.00012675
0.00012679
0.00012682
0.00012686
0.00012689
0.00012693
0.00012696
0.00012699
0.00012701
0.00012705
0.00012707
0.0001271
0.00012711
0.00012714
0.00012715
0.00012717
0.00012718
0.0001272
0.0001272
0.00012722
0.00012722
0.00012724
0.00012723
0.00012724
0.00012723
0.00012724
0.00012722
0.00012722
0.0001272
0.0001272
0.00012717
0.00012717
0.00012714
0.00012713
0.00012709
0.00012707
0.00012703
0.00012701
0.00012696
0.00012694
0.00012688
0.00012685
0.00012679
0.00012675
0.00012669
0.00012664
0.00012657
0.00012652
0.00012644
0.00012638
0.00012629
0.00012623
0.00012614
0.00012606
0.00012596
0.00012588
0.00012578
0.00012569
0.00012557
0.00012547
0.00012535
0.00012525
0.00012512
0.000125
0.00012486
0.00012474
0.00012459
0.00012445
0.0001243
0.00012415
0.00012399
0.00012383
0.00012366
0.00012349
0.00012331
0.00012313
0.00012294
0.00012275
0.00012255
0.00012234
0.00012213
0.00012191
0.0001217
0.00012146
0.00012123
0.00012099
0.00012075
0.00012049
0.00012023
0.00011996
0.0001197
0.0001194
0.00011913
0.00011882
0.00011854
0.00011822
0.00011792
0.00011758
0.00011726
0.00011691
0.00011658
0.00011621
0.00011587
0.00011548
0.00011513
0.00011472
0.00011435
0.00011392
0.00011354
0.0001131
0.00011269
0.00011223
0.00011181
0.00011133
0.00011089
0.00011039
0.00010994
0.00010942
0.00010894
0.0001084
0.00010791
0.00010735
0.00010684
0.00010625
0.00010572
0.00010512
0.00010456
0.00010394
0.00010336
0.00010271
0.00010212
0.00010145
0.00010082
0.00010013
9.9486e-05
9.8768e-05
9.8099e-05
9.7357e-05
9.6664e-05
9.5897e-05
9.5178e-05
9.4386e-05
9.3641e-05
9.2824e-05
9.2052e-05
9.1208e-05
9.0409e-05
8.9539e-05
8.8712e-05
8.7814e-05
8.6958e-05
8.6032e-05
8.5147e-05
8.4193e-05
8.3278e-05
8.2295e-05
8.135e-05
8.0337e-05
7.936e-05
7.8318e-05
7.7309e-05
7.6236e-05
7.5194e-05
7.409e-05
7.3015e-05
7.1879e-05
7.077e-05
6.9601e-05
6.8457e-05
6.7256e-05
6.6077e-05
6.4841e-05
6.3627e-05
6.2357e-05
6.1105e-05
5.98e-05
5.8512e-05
5.7171e-05
5.5844e-05
5.4468e-05
5.3102e-05
5.1688e-05
5.0284e-05
4.8832e-05
4.7387e-05
4.5898e-05
4.4412e-05
4.2883e-05
4.1357e-05
3.9788e-05
3.8219e-05
3.6611e-05
3.4999e-05
3.3349e-05
3.1694e-05
3.0003e-05
2.8304e-05
2.657e-05
2.4826e-05
2.3049e-05
2.126e-05
1.9438e-05
1.7604e-05
1.5738e-05
1.3856e-05
1.1945e-05
1.0016e-05
8.0585e-06
6.0812e-06
4.0773e-06
2.0512e-06
