-7.4837e-06
-1.4874e-05
-2.2161e-05
-2.9364e-05
-3.6458e-05
-4.3475e-05
-5.0379e-05
-5.7214e-05
-6.393e-05
-7.0586e-05
-7.7118e-05
-8.3598e-05
-8.9948e-05
-9.6254e-05
-0.00010243
-0.00010856
-0.00011456
-0.00012053
-0.00012635
-0.00013215
-0.00013781
-0.00014345
-0.00014893
-0.00015442
-0.00015974
-0.00016506
-0.00017023
-0.0001754
-0.00018041
-0.00018542
-0.00019028
-0.00019515
-0.00019985
-0.00020457
-0.00020912
-0.0002137
-0.00021811
-0.00022255
-0.00022681
-0.00023111
-0.00023524
-0.0002394
-0.00024339
-0.00024742
-0.00025128
-0.00025518
-0.00025891
-0.00026268
-0.00026628
-0.00026992
-0.0002734
-0.00027691
-0.00028027
-0.00028367
-0.0002869
-0.00029018
-0.0002933
-0.00029646
-0.00029947
-0.00030251
-0.00030541
-0.00030834
-0.00031113
-0.00031396
-0.00031664
-0.00031935
-0.00032194
-0.00032455
-0.00032703
-0.00032954
-0.00033192
-0.00033433
-0.00033662
-0.00033892
-0.00034112
-0.00034333
-0.00034544
-0.00034755
-0.00034958
-0.0003516
-0.00035354
-0.00035547
-0.00035732
-0.00035916
-0.00036094
-0.00036269
-0.0003644
-0.00036606
-0.00036769
-0.00036927
-0.00037083
-0.00037233
-0.00037381
-0.00037524
-0.00037665
-0.000378
-0.00037935
-0.00038062
-0.0003819
-0.0003831
-0.00038432
-0.00038545
-0.0003866
-0.00038766
-0.00038876
-0.00038975
-0.00039079
-0.00039172
-0.00039271
-0.00039357
-0.0003945
-0.0003953
-0.00039618
-0.00039692
-0.00039774
-0.00039843
-0.0003992
-0.00039983
-0.00040056
-0.00040113
-0.00040181
-0.00040234
-0.00040297
-0.00040344
-0.00040403
-0.00040445
-0.00040499
-0.00040537
-0.00040587
-0.00040621
-0.00040666
-0.00040695
-0.00040737
-0.00040762
-0.000408
-0.00040821
-0.00040855
-0.00040872
-0.00040902
-0.00040915
-0.00040942
-0.00040952
-0.00040974
-0.00040981
-0.00041
-0.00041004
-0.0004102
-0.0004102
-0.00041033
-0.0004103
-0.00041039
-0.00041034
-0.0004104
-0.00041032
-0.00041035
-0.00041024
-0.00041025
-0.00041012
-0.00041009
-0.00040993
-0.00040988
-0.0004097
-0.00040962
-0.00040942
-0.00040932
-0.0004091
-0.00040896
-0.00040872
-0.00040857
-0.00040831
-0.00040813
-0.00040785
-0.00040765
-0.00040736
-0.00040713
-0.00040682
-0.00040657
-0.00040625
-0.00040598
-0.00040564
-0.00040535
-0.000405
-0.00040469
-0.00040433
-0.000404
-0.00040362
-0.00040327
-0.00040289
-0.00040252
-0.00040212
-0.00040174
-0.00040133
-0.00040093
-0.00040051
-0.0004001
-0.00039966
-0.00039924
-0.00039879
-0.00039835
-0.0003979
-0.00039745
-0.00039698
-0.00039652
-0.00039605
-0.00039557
-0.00039509
-0.0003946
-0.00039411
-0.00039362
-0.00039312
-0.00039261
-0.0003921
-0.00039159
-0.00039107
-0.00039055
-0.00039002
-0.00038949
-0.00038896
-0.00038842
-0.00038788
-0.00038733
-0.00038679
-0.00038623
-0.00038569
-0.00038512
-0.00038457
-0.000384
-0.00038344
-0.00038286
-0.00038229
-0.00038171
-0.00038114
-0.00038055
-0.00037997
-0.00037938
-0.0003788
-0.0003782
-0.00037761
-0.00037701
-0.00037642
-0.00037582
-0.00037522
-0.00037461
-0.00037401
-0.0003734
-0.00037279
-0.00037217
-0.00037156
-0.00037094
-0.00037033
-0.00036971
-0.00036909
-0.00036847
-0.00036784
-0.00036722
-0.00036659
-0.00036596
-0.00036533
-0.0003647
-0.00036407
-0.00036344
-0.0003628
-0.00036216
-0.00036153
-0.00036089
-0.00036025
-0.00035961
-0.00035897
-0.00035832
-0.00035768
-0.00035704
-0.00035639
-0.00035574
-0.0003551
-0.00035445
-0.0003538
-0.00035315
-0.0003525
-0.00035185
-0.00035119
-0.00035054
-0.00034989
-0.00034923
-0.00034858
-0.00034792
-0.00034727
-0.00034661
-0.00034595
-0.00034529
-0.00034463
-0.00034398
-0.00034331
-0.00034265
-0.00034199
-0.00034133
-0.00034067
-0.00034001
-0.00033935
-0.00033868
-0.00033802
-0.00033735
-0.00033669
-0.00033603
-0.00033536
-0.00033469
-0.00033403
-0.00033336
-0.0003327
-0.00033203
-0.00033136
-0.00033069
-0.00033003
-0.00032936
-0.00032869
-0.00032802
-0.00032735
-0.00032668
-0.00032601
-0.00032534
-0.00032468
-0.00032401
-0.00032333
-0.00032266
-0.00032199
-0.00032132
-0.00032065
-0.00031998
-0.00031931
-0.00031864
-0.00031797
-0.00031729
-0.00031662
-0.00031595
-0.00031528
-0.00031461
-0.00031393
-0.00031326
-0.00031259
-0.00031192
-0.00031124
-0.00031057
-0.0003099
-0.00030922
-0.00030855
-0.00030788
-0.0003072
-0.00030653
-0.00030586
-0.00030518
-0.00030451
-0.00030383
-0.00030316
-0.00030249
-0.00030181
-0.00030114
-0.00030046
-0.00029979
-0.00029911
-0.00029844
-0.00029776
-0.00029709
-0.00029641
-0.00029574
-0.00029507
-0.00029439
-0.00029372
-0.00029304
-0.00029237
-0.00029169
-0.00029102
-0.00029034
-0.00028967
-0.00028899
-0.00028831
-0.00028764
-0.00028696
-0.00028629
-0.00028561
-0.00028494
-0.00028426
-0.00028359
-0.00028291
-0.00028224
-0.00028156
-0.00028089
-0.00028021
-0.00027953
-0.00027886
-0.00027818
-0.00027751
-0.00027683
-0.00027616
-0.00027548
-0.00027481
-0.00027413
-0.00027345
-0.00027278
-0.0002721
-0.00027143
-0.00027075
-0.00027008
-0.0002694
-0.00026872
-0.00026805
-0.00026737
-0.0002667
-0.00026602
-0.00026534
-0.00026467
-0.00026399
-0.00026332
-0.00026264
-0.00026196
-0.00026129
-0.00026061
-0.00025994
-0.00025926
-0.00025859
-0.00025791
-0.00025723
-0.00025656
-0.00025588
-0.00025521
-0.00025453
-0.00025385
-0.00025318
-0.0002525
-0.00025183
-0.00025115
-0.00025047
-0.0002498
-0.00024912
-0.00024845
-0.00024777
-0.00024709
-0.00024642
-0.00024574
-0.00024507
-0.00024439
-0.00024371
-0.00024304
-0.00024236
-0.00024169
-0.00024101
-0.00024033
-0.00023966
-0.00023898
-0.00023831
-0.00023763
-0.00023695
-0.00023628
-0.0002356
-0.00023493
-0.00023425
-0.00023357
-0.0002329
-0.00023222
-0.00023155
-0.00023087
-0.00023019
-0.00022952
-0.00022884
-0.00022817
-0.00022749
-0.00022681
-0.00022614
-0.00022546
-0.00022479
-0.00022411
-0.00022343
-0.00022276
-0.00022208
-0.00022141
-0.00022073
-0.00022005
-0.00021938
-0.0002187
-0.00021803
-0.00021735
-0.00021667
-0.000216
-0.00021532
-0.00021465
-0.00021397
-0.00021329
-0.00021262
-0.00021194
-0.00021126
-0.00021059
-0.00020991
-0.00020924
-0.00020856
-0.00020788
-0.00020721
-0.00020653
-0.00020586
-0.00020518
-0.0002045
-0.00020383
-0.00020315
-0.00020248
-0.0002018
-0.00020112
-0.00020045
-0.00019977
-0.0001991
-0.00019842
-0.00019774
-0.00019707
-0.00019639
-0.00019572
-0.00019504
-0.00019436
-0.00019369
-0.00019301
-0.00019234
-0.00019166
-0.00019098
-0.00019031
-0.00018963
-0.00018896
-0.00018828
-0.0001876
-0.00018693
-0.00018625
-0.00018558
-0.0001849
-0.00018422
-0.00018355
-0.00018287
-0.00018219
-0.00018152
-0.00018084
-0.00018017
-0.00017949
-0.00017881
-0.00017814
-0.00017746
-0.00017679
-0.00017611
-0.00017543
-0.00017476
-0.00017408
-0.00017341
-0.00017273
-0.00017205
-0.00017138
-0.0001707
-0.00017003
-0.00016935
-0.00016867
-0.000168
-0.00016732
-0.00016665
-0.00016597
-0.00016529
-0.00016462
-0.00016394
-0.00016327
-0.00016259
-0.00016191
-0.00016124
-0.00016056
-0.00015989
-0.00015921
-0.00015853
-0.00015786
-0.00015718
-0.00015651
-0.00015583
-0.00015515
-0.00015448
-0.0001538
-0.00015312
-0.00015245
-0.00015177
-0.0001511
-0.00015042
-0.00014974
-0.00014907
-0.00014839
-0.00014772
-0.00014704
-0.00014636
-0.00014569
-0.00014501
-0.00014434
-0.00014366
-0.00014298
-0.00014231
-0.00014163
-0.00014096
-0.00014028
-0.0001396
-0.00013893
-0.00013825
-0.00013758
-0.0001369
-0.00013622
-0.00013555
-0.00013487
-0.0001342
-0.00013352
-0.00013284
-0.00013217
-0.00013149
-0.00013082
-0.00013014
-0.00012946
-0.00012879
-0.00012811
-0.00012744
-0.00012676
-0.00012608
-0.00012541
-0.00012473
-0.00012405
-0.00012338
-0.0001227
-0.00012203
-0.00012135
-0.00012067
-0.00012
-0.00011932
-0.00011865
-0.00011797
-0.00011729
-0.00011662
-0.00011594
-0.00011527
-0.00011459
-0.00011391
-0.00011324
-0.00011256
-0.00011189
-0.00011121
-0.00011053
-0.00010986
-0.00010918
-0.00010851
-0.00010783
-0.00010715
-0.00010648
-0.0001058
-0.00010513
-0.00010445
-0.00010377
-0.0001031
-0.00010242
-0.00010175
-0.00010107
-0.00010039
-9.9717e-05
-9.9041e-05
-9.8365e-05
-9.7689e-05
-9.7013e-05
-9.6337e-05
-9.5661e-05
-9.4985e-05
-9.4309e-05
-9.3633e-05
-9.2957e-05
-9.2281e-05
-9.1604e-05
-9.0928e-05
-9.0252e-05
-8.9576e-05
-8.89e-05
-8.8224e-05
-8.7548e-05
-8.6872e-05
-8.6196e-05
-8.552e-05
-8.4844e-05
-8.4168e-05
-8.3492e-05
-8.2816e-05
-8.214e-05
-8.1464e-05
-8.0788e-05
-8.0112e-05
-7.9436e-05
-7.876e-05
-7.8084e-05
-7.7407e-05
-7.6731e-05
-7.6055e-05
-7.5379e-05
-7.4703e-05
-7.4027e-05
-7.3351e-05
-7.2675e-05
-7.1999e-05
-7.1323e-05
-7.0647e-05
-6.9971e-05
-6.9295e-05
-6.8619e-05
-6.7943e-05
-6.7267e-05
-6.6591e-05
-6.5915e-05
-6.5239e-05
-6.4563e-05
-6.3887e-05
-6.321e-05
-6.2534e-05
-6.1858e-05
-6.1182e-05
-6.0506e-05
-5.983e-05
-5.9154e-05
-5.8478e-05
-5.7802e-05
-5.7126e-05
-5.645e-05
-5.5774e-05
-5.5098e-05
-5.4422e-05
-5.3746e-05
-5.307e-05
-5.2394e-05
-5.1718e-05
-5.1042e-05
-5.0366e-05
-4.969e-05
-4.9013e-05
-4.8337e-05
-4.7661e-05
-4.6985e-05
-4.6309e-05
-4.5633e-05
-4.4957e-05
-4.4281e-05
-4.3605e-05
-4.2929e-05
-4.2253e-05
-4.1577e-05
-4.0901e-05
-4.0225e-05
-3.9549e-05
-3.8873e-05
-3.8197e-05
-3.7521e-05
-3.6845e-05
-3.6169e-05
-3.5493e-05
-3.4816e-05
-3.414e-05
-3.3464e-05
-3.2788e-05
-3.2112e-05
-3.1436e-05
-3.076e-05
-3.0084e-05
-2.9408e-05
-2.8732e-05
-2.8056e-05
-2.738e-05
-2.6704e-05
-2.6028e-05
-2.5352e-05
-2.4676e-05
-2.4e-05
-2.3324e-05
-2.2648e-05
-2.1972e-05
-2.1296e-05
-2.0619e-05
-1.9943e-05
-1.9267e-05
-1.8591e-05
-1.7915e-05
-1.7239e-05
-1.6563e-05
-1.5887e-05
-1.5211e-05
-1.4535e-05
-1.3859e-05
-1.3183e-05
-1.2507e-05
-1.1831e-05
-1.1155e-05
-1.0479e-05
-9.8027e-06
-9.1266e-06
-8.4506e-06
-7.7746e-06
-7.0985e-06
-6.4225e-06
-5.7464e-06
-5.0704e-06
-4.3943e-06
-3.7183e-06
-3.0422e-06
-2.3662e-06
-1.6901e-06
-1.0141e-06
-3.3802e-07
3.3802e-07
1.0141e-06
1.6901e-06
2.3662e-06
3.0422e-06
3.7183e-06
4.3943e-06
5.0704e-06
5.7464e-06
6.4225e-06
7.0985e-06
7.7746e-06
8.4506e-06
9.1266e-06
9.8027e-06
1.0479e-05
1.1155e-05
1.1831e-05
1.2507e-05
1.3183e-05
1.3859e-05
1.4535e-05
1.5211e-05
1.5887e-05
1.6563e-05
1.7239e-05
1.7915e-05
1.8591e-05
1.9267e-05
1.9943e-05
2.0619e-05
2.1296e-05
2.1972e-05
2.2648e-05
2.3324e-05
2.4e-05
2.4676e-05
2.5352e-05
2.6028e-05
2.6704e-05
2.738e-05
2.8056e-05
2.8732e-05
2.9408e-05
3.0084e-05
3.076e-05
3.1436e-05
3.2112e-05
3.2788e-05
3.3464e-05
3.414e-05
3.4816e-05
3.5493e-05
3.6169e-05
3.6845e-05
3.7521e-05
3.8197e-05
3.8873e-05
3.9549e-05
4.0225e-05
4.0901e-05
4.1577e-05
4.2253e-05
4.2929e-05
4.3605e-05
4.4281e-05
4.4957e-05
4.5633e-05
4.6309e-05
4.6985e-05
4.7661e-05
4.8337e-05
4.9013e-05
4.969e-05
5.0366e-05
5.1042e-05
5.1718e-05
5.2394e-05
5.307e-05
5.3746e-05
5.4422e-05
5.5098e-05
5.5774e-05
5.645e-05
5.7126e-05
5.7802e-05
5.8478e-05
5.9154e-05
5.983e-05
6.0506e-05
6.1182e-05
6.1858e-05
6.2534e-05
6.321e-05
6.3887e-05
6.4563e-05
6.5239e-05
6.5915e-05
6.6591e-05
6.7267e-05
6.7943e-05
6.8619e-05
6.9295e-05
6.9971e-05
7.0647e-05
7.1323e-05
7.1999e-05
7.2675e-05
7.3351e-05
7.4027e-05
7.4703e-05
7.5379e-05
7.6055e-05
7.6731e-05
7.7407e-05
7.8084e-05
7.876e-05
7.9436e-05
8.0112e-05
8.0788e-05
8.1464e-05
8.214e-05
8.2816e-05
8.3492e-05
8.4168e-05
8.4844e-05
8.552e-05
8.6196e-05
8.6872e-05
8.7548e-05
8.8224e-05
8.89e-05
8.9576e-05
9.0252e-05
9.0928e-05
9.1604e-05
9.2281e-05
9.2957e-05
9.3633e-05
9.4309e-05
9.4985e-05
9.5661e-05
9.6337e-05
9.7013e-05
9.7689e-05
9.8365e-05
9.9041e-05
9.9717e-05
0.00010039
0.00010107
0.00010175
0.00010242
0.0001031
0.00010377
0.00010445
0.00010513
0.0001058
0.00010648
0.00010715
0.00010783
0.00010851
0.00010918
0.00010986
0.00011053
0.00011121
0.00011189
0.00011256
0.00011324
0.00011391
0.00011459
0.00011527
0.00011594
0.00011662
0.00011729
0.00011797
0.00011865
0.00011932
0.00012
0.00012067
0.00012135
0.00012203
0.0001227
0.00012338
0.00012405
0.00012473
0.00012541
0.00012608
0.00012676
0.00012744
0.00012811
0.00012879
0.00012946
0.00013014
0.00013082
0.00013149
0.00013217
0.00013284
0.00013352
0.0001342
0.00013487
0.00013555
0.00013622
0.0001369
0.00013758
0.00013825
0.00013893
0.0001396
0.00014028
0.00014096
0.00014163
0.00014231
0.00014298
0.00014366
0.00014434
0.00014501
0.00014569
0.00014636
0.00014704
0.00014772
0.00014839
0.00014907
0.00014974
0.00015042
0.0001511
0.00015177
0.00015245
0.00015312
0.0001538
0.00015448
0.00015515
0.00015583
0.00015651
0.00015718
0.00015786
0.00015853
0.00015921
0.00015989
0.00016056
0.00016124
0.00016191
0.00016259
0.00016327
0.00016394
0.00016462
0.00016529
0.00016597
0.00016665
0.00016732
0.000168
0.00016867
0.00016935
0.00017003
0.0001707
0.00017138
0.00017205
0.00017273
0.00017341
0.00017408
0.00017476
0.00017543
0.00017611
0.00017679
0.00017746
0.00017814
0.00017881
0.00017949
0.00018017
0.00018084
0.00018152
0.00018219
0.00018287
0.00018355
0.00018422
0.0001849
0.00018558
0.00018625
0.00018693
0.0001876
0.00018828
0.00018896
0.00018963
0.00019031
0.00019098
0.00019166
0.00019234
0.00019301
0.00019369
0.00019436
0.00019504
0.00019572
0.00019639
0.00019707
0.00019774
0.00019842
0.0001991
0.00019977
0.00020045
0.00020112
0.0002018
0.00020248
0.00020315
0.00020383
0.0002045
0.00020518
0.00020586
0.00020653
0.00020721
0.00020788
0.00020856
0.00020924
0.00020991
0.00021059
0.00021126
0.00021194
0.00021262
0.00021329
0.00021397
0.00021465
0.00021532
0.000216
0.00021667
0.00021735
0.00021803
0.0002187
0.00021938
0.00022005
0.00022073
0.00022141
0.00022208
0.00022276
0.00022343
0.00022411
0.00022479
0.00022546
0.00022614
0.00022681
0.00022749
0.00022817
0.00022884
0.00022952
0.00023019
0.00023087
0.00023155
0.00023222
0.0002329
0.00023357
0.00023425
0.00023493
0.0002356
0.00023628
0.00023695
0.00023763
0.00023831
0.00023898
0.00023966
0.00024033
0.00024101
0.00024169
0.00024236
0.00024304
0.00024371
0.00024439
0.00024507
0.00024574
0.00024642
0.00024709
0.00024777
0.00024845
0.00024912
0.0002498
0.00025047
0.00025115
0.00025183
0.0002525
0.00025318
0.00025385
0.00025453
0.00025521
0.00025588
0.00025656
0.00025723
0.00025791
0.00025859
0.00025926
0.00025994
0.00026061
0.00026129
0.00026196
0.00026264
0.00026332
0.00026399
0.00026467
0.00026534
0.00026602
0.0002667
0.00026737
0.00026805
0.00026872
0.0002694
0.00027008
0.00027075
0.00027143
0.0002721
0.00027278
0.00027345
0.00027413
0.00027481
0.00027548
0.00027616
0.00027683
0.00027751
0.00027818
0.00027886
0.00027953
0.00028021
0.00028089
0.00028156
0.00028224
0.00028291
0.00028359
0.00028426
0.00028494
0.00028561
0.00028629
0.00028696
0.00028764
0.00028831
0.00028899
0.00028967
0.00029034
0.00029102
0.00029169
0.00029237
0.00029304
0.00029372
0.00029439
0.00029507
0.00029574
0.00029641
0.00029709
0.00029776
0.00029844
0.00029911
0.00029979
0.00030046
0.00030114
0.00030181
0.00030249
0.00030316
0.00030383
0.00030451
0.00030518
0.00030586
0.00030653
0.0003072
0.00030788
0.00030855
0.00030922
0.0003099
0.00031057
0.00031124
0.00031192
0.00031259
0.00031326
0.00031393
0.00031461
0.00031528
0.00031595
0.00031662
0.00031729
0.00031797
0.00031864
0.00031931
0.00031998
0.00032065
0.00032132
0.00032199
0.00032266
0.00032333
0.00032401
0.00032468
0.00032534
0.00032601
0.00032668
0.00032735
0.00032802
0.00032869
0.00032936
0.00033003
0.00033069
0.00033136
0.00033203
0.0003327
0.00033336
0.00033403
0.00033469
0.00033536
0.00033603
0.00033669
0.00033735
0.00033802
0.00033868
0.00033935
0.00034001
0.00034067
0.00034133
0.00034199
0.00034265
0.00034331
0.00034398
0.00034463
0.00034529
0.00034595
0.00034661
0.00034727
0.00034792
0.00034858
0.00034923
0.00034989
0.00035054
0.00035119
0.00035185
0.0003525
0.00035315
0.0003538
0.00035445
0.0003551
0.00035574
0.00035639
0.00035704
0.00035768
0.00035832
0.00035897
0.00035961
0.00036025
0.00036089
0.00036153
0.00036216
0.0003628
0.00036344
0.00036407
0.0003647
0.00036533
0.00036596
0.00036659
0.00036722
0.00036784
0.00036847
0.00036909
0.00036971
0.00037033
0.00037094
0.00037156
0.00037217
0.00037279
0.0003734
0.00037401
0.00037461
0.00037522
0.00037582
0.00037642
0.00037701
0.00037761
0.0003782
0.0003788
0.00037938
0.00037997
0.00038055
0.00038114
0.00038171
0.00038229
0.00038286
0.00038344
0.000384
0.00038457
0.00038512
0.00038569
0.00038623
0.00038679
0.00038733
0.00038788
0.00038842
0.00038896
0.00038949
0.00039002
0.00039055
0.00039107
0.00039159
0.0003921
0.00039261
0.00039312
0.00039362
0.00039411
0.0003946
0.00039509
0.00039557
0.00039605
0.00039652
0.00039698
0.00039745
0.0003979
0.00039835
0.00039879
0.00039924
0.00039966
0.0004001
0.00040051
0.00040093
0.00040133
0.00040174
0.00040212
0.00040252
0.00040289
0.00040327
0.00040362
0.000404
0.00040433
0.00040469
0.000405
0.00040535
0.00040564
0.00040598
0.00040625
0.00040657
0.00040682
0.00040713
0.00040736
0.00040765
0.00040785
0.00040813
0.00040831
0.00040857
0.00040872
0.00040896
0.0004091
0.00040932
0.00040942
0.00040962
0.0004097
0.00040988
0.00040993
0.00041009
0.00041012
0.00041025
0.00041024
0.00041035
0.00041032
0.0004104
0.00041034
0.00041039
0.0004103
0.00041033
0.0004102
0.0004102
0.00041004
0.00041
0.00040981
0.00040974
0.00040952
0.00040942
0.00040915
0.00040902
0.00040872
0.00040855
0.00040821
0.000408
0.00040762
0.00040737
0.00040695
0.00040666
0.00040621
0.00040587
0.00040537
0.00040499
0.00040445
0.00040403
0.00040344
0.00040297
0.00040234
0.00040181
0.00040113
0.00040056
0.00039983
0.0003992
0.00039843
0.00039774
0.00039692
0.00039618
0.0003953
0.0003945
0.00039357
0.00039271
0.00039172
0.00039079
0.00038975
0.00038876
0.00038766
0.0003866
0.00038545
0.00038432
0.0003831
0.0003819
0.00038062
0.00037935
0.000378
0.00037665
0.00037524
0.00037381
0.00037233
0.00037083
0.00036927
0.00036769
0.00036606
0.0003644
0.00036269
0.00036094
0.00035916
0.00035732
0.00035547
0.00035354
0.0003516
0.00034958
0.00034755
0.00034544
0.00034333
0.00034112
0.00033892
0.00033662
0.00033433
0.00033192
0.00032954
0.00032703
0.00032455
0.00032194
0.00031935
0.00031664
0.00031396
0.00031113
0.00030834
0.00030541
0.00030251
0.00029947
0.00029646
0.0002933
0.00029018
0.0002869
0.00028367
0.00028027
0.00027691
0.0002734
0.00026992
0.00026628
0.00026268
0.00025891
0.00025518
0.00025128
0.00024742
0.00024339
0.0002394
0.00023524
0.00023111
0.00022681
0.00022255
0.00021811
0.0002137
0.00020912
0.00020457
0.00019985
0.00019515
0.00019028
0.00018542
0.00018041
0.0001754
0.00017023
0.00016506
0.00015974
0.00015442
0.00014893
0.00014345
0.00013781
0.00013215
0.00012635
0.00012053
0.00011456
0.00010856
0.00010243
9.6254e-05
8.9948e-05
8.3598e-05
7.7118e-05
7.0586e-05
6.393e-05
5.7214e-05
5.0379e-05
4.3475e-05
3.6458e-05
2.9364e-05
2.2161e-05
1.4874e-05
7.4837e-06
