-0.025742
-0.033125
-0.036928
-0.039236
-0.040737
-0.041737
-0.0424
-0.042823
-0.043067
-0.043175
-0.043176
-0.04309
-0.042934
-0.04272
-0.042458
-0.042156
-0.041818
-0.041452
-0.04106
-0.040646
-0.040213
-0.039763
-0.039299
-0.038822
-0.038333
-0.037836
-0.037329
-0.036815
-0.036294
-0.035768
-0.035236
-0.0347
-0.03416
-0.033617
-0.03307
-0.032522
-0.031971
-0.031419
-0.030866
-0.030311
-0.029756
-0.0292
-0.028644
-0.028088
-0.027532
-0.026977
-0.026422
-0.025868
-0.025315
-0.024763
-0.024212
-0.023662
-0.023114
-0.022568
-0.022024
-0.021481
-0.020941
-0.020402
-0.019866
-0.019332
-0.0188
-0.018271
-0.017745
-0.017221
-0.016701
-0.016183
-0.015668
-0.015156
-0.014647
-0.014141
-0.013639
-0.01314
-0.012645
-0.012153
-0.011664
-0.01118
-0.010699
-0.010222
-0.0097488
-0.0092797
-0.0088146
-0.0083536
-0.0078968
-0.0074443
-0.0069961
-0.0065522
-0.0061129
-0.005678
-0.0052478
-0.0048222
-0.0044013
-0.0039852
-0.003574
-0.0031677
-0.0027664
-0.0023701
-0.0019789
-0.0015929
-0.0012121
-0.00083668
-0.00046658
-0.0001019
0.00025729
0.00061094
0.00095897
0.0013013
0.001638
0.0019688
0.0022938
0.0026129
0.0029261
0.0032332
0.0035342
0.003829
0.0041177
0.0044001
0.0046762
0.0049459
0.0052091
0.0054659
0.0057161
0.0059597
0.0061967
0.0064269
0.0066503
0.006867
0.0070767
0.0072795
0.0074753
0.0076641
0.0078457
0.0080202
0.0081875
0.0083475
0.0085002
0.0086456
0.0087835
0.0089139
0.0090368
0.0091522
0.0092599
0.0093599
0.0094522
0.0095367
0.0096134
0.0096822
0.0097431
0.009796
0.0098409
0.0098776
0.0099063
0.0099268
0.0099391
0.0099431
0.0099388
0.0099261
0.009905
0.0098755
0.0098374
0.0097908
0.0097357
0.0096719
0.0095994
0.0095181
0.0094281
0.0093293
0.0092217
0.0091051
0.0089796
0.0088451
0.0087016
0.008549
0.0083873
0.0082165
0.0080364
0.0078471
0.0076486
0.0074406
0.0072236
0.0069967
0.006761
0.0065149
0.0062606
0.0059951
0.0057221
0.0054368
0.0051449
0.0048401
0.0045287
0.0042049
0.0038726
0.0035313
0.0031764
0.0028188
0.0024401
0.0020662
0.0016648
0.0012718
0.00085154
0.00043454
