-0.0087984
-0.011238
-0.012472
-0.013217
-0.013705
-0.014038
-0.01427
-0.014432
-0.014543
-0.014617
-0.014662
-0.014685
-0.01469
-0.01468
-0.01466
-0.01463
-0.014592
-0.014547
-0.014497
-0.014443
-0.014385
-0.014323
-0.014258
-0.014191
-0.014122
-0.014051
-0.013979
-0.013905
-0.01383
-0.013754
-0.013677
-0.013599
-0.01352
-0.013441
-0.013361
-0.013281
-0.0132
-0.013119
-0.013037
-0.012956
-0.012874
-0.012791
-0.012709
-0.012626
-0.012543
-0.01246
-0.012377
-0.012294
-0.01221
-0.012127
-0.012043
-0.011959
-0.011876
-0.011792
-0.011708
-0.011624
-0.01154
-0.011456
-0.011372
-0.011288
-0.011204
-0.011119
-0.011035
-0.010951
-0.010867
-0.010782
-0.010698
-0.010614
-0.010529
-0.010445
-0.010361
-0.010276
-0.010192
-0.010108
-0.010023
-0.0099388
-0.0098544
-0.00977
-0.0096855
-0.0096011
-0.0095167
-0.0094322
-0.0093478
-0.0092634
-0.0091789
-0.0090945
-0.00901
-0.0089256
-0.0088411
-0.0087567
-0.0086722
-0.0085878
-0.0085033
-0.0084189
-0.0083344
-0.00825
-0.0081655
-0.008081
-0.0079966
-0.0079121
-0.0078277
-0.0077432
-0.0076588
-0.0075743
-0.0074899
-0.0074055
-0.007321
-0.0072366
-0.0071521
-0.0070677
-0.0069833
-0.0068989
-0.0068144
-0.00673
-0.0066456
-0.0065612
-0.0064768
-0.0063924
-0.006308
-0.0062236
-0.0061393
-0.0060549
-0.0059705
-0.0058862
-0.0058018
-0.0057175
-0.0056332
-0.0055488
-0.0054645
-0.0053802
-0.0052959
-0.0052117
-0.0051274
-0.0050431
-0.0049589
-0.0048747
-0.0047905
-0.0047063
-0.0046221
-0.0045379
-0.0044538
-0.0043697
-0.0042856
-0.0042015
-0.0041174
-0.0040334
-0.0039494
-0.0038654
-0.0037814
-0.0036975
-0.0036136
-0.0035297
-0.0034458
-0.003362
-0.0032782
-0.0031945
-0.0031107
-0.0030271
-0.0029434
-0.0028598
-0.0027763
-0.0026928
-0.0026093
-0.0025259
-0.0024425
-0.0023592
-0.0022759
-0.0021927
-0.0021096
-0.0020265
-0.0019434
-0.0018605
-0.0017776
-0.0016947
-0.001612
-0.0015293
-0.0014467
-0.0013641
-0.0012817
-0.0011993
-0.001117
-0.0010348
-0.00095271
-0.00087071
-0.00078881
-0.000707
-0.00062531
-0.00054372
-0.00046225
-0.00038089
-0.00029965
-0.00021854
-0.00013755
-5.6699e-05
2.4019e-05
0.0001046
0.00018503
0.00026532
0.00034545
0.00042543
0.00050524
0.00058489
0.00066437
0.00074367
0.00082279
0.00090172
0.00098046
0.001059
0.0011374
0.0012155
0.0012934
0.0013711
0.0014486
0.0015258
0.0016029
0.0016796
0.0017561
0.0018324
0.0019084
0.0019842
0.0020596
0.0021348
0.0022097
0.0022843
0.0023586
0.0024326
0.0025062
0.0025796
0.0026526
0.0027252
0.0027976
0.0028695
0.0029411
0.0030123
0.0030832
0.0031536
0.0032237
0.0032934
0.0033626
0.0034314
0.0034998
0.0035677
0.0036352
0.0037023
0.0037688
0.0038349
0.0039005
0.0039656
0.0040302
0.0040942
0.0041578
0.0042208
0.0042832
0.0043451
0.0044064
0.0044671
0.0045273
0.0045868
0.0046457
0.004704
0.0047617
0.0048187
0.004875
0.0049307
0.0049857
0.00504
0.0050936
0.0051465
0.0051986
0.00525
0.0053006
0.0053505
0.0053996
0.0054479
0.0054954
0.005542
0.0055879
0.0056329
0.005677
0.0057202
0.0057626
0.0058041
0.0058446
0.0058843
0.005923
0.0059607
0.0059975
0.0060333
0.006068
0.0061018
0.0061346
0.0061663
0.006197
0.0062266
0.0062551
0.0062825
0.0063088
0.006334
0.006358
0.0063809
0.0064026
0.0064232
0.0064425
0.0064606
0.0064775
0.0064931
0.0065075
0.0065206
0.0065324
0.0065429
0.0065521
0.0065599
0.0065664
0.0065715
0.0065753
0.0065776
0.0065785
0.006578
0.0065761
0.0065726
0.0065677
0.0065613
0.0065534
0.006544
0.006533
0.0065205
0.0065064
0.0064907
0.0064734
0.0064545
0.0064339
0.0064117
0.0063878
0.0063623
0.006335
0.006306
0.0062753
0.0062428
0.0062086
0.0061726
0.0061348
0.0060952
0.0060537
0.0060104
0.0059653
0.0059182
0.0058693
0.0058185
0.0057658
0.0057111
0.0056544
0.0055958
0.0055352
0.0054726
0.005408
0.0053414
0.0052727
0.0052019
0.0051291
0.0050542
0.0049772
0.004898
0.0048167
0.0047333
0.0046477
0.0045599
0.0044699
0.0043777
0.0042832
0.0041866
0.0040876
0.0039864
0.0038829
0.0037771
0.003669
0.0035586
0.0034458
0.0033307
0.0032131
0.0030933
0.0029709
0.0028463
0.0027189
0.0025897
0.0024572
0.0023233
0.0021854
0.0020471
0.0019036
0.001761
0.0016116
0.0014647
0.0013095
0.0011581
0.00099721
0.00084086
0.00067492
0.00051274
0.00034259
0.00017364
