-2.0516e-06
-4.0782e-06
-6.0824e-06
-8.0601e-06
-1.0018e-05
-1.1947e-05
-1.3859e-05
-1.5741e-05
-1.7607e-05
-1.9443e-05
-2.1264e-05
-2.3054e-05
-2.4831e-05
-2.6575e-05
-2.831e-05
-3.0009e-05
-3.1701e-05
-3.3356e-05
-3.5007e-05
-3.6619e-05
-3.8228e-05
-3.9797e-05
-4.1366e-05
-4.2893e-05
-4.4422e-05
-4.5908e-05
-4.7398e-05
-4.8843e-05
-5.0295e-05
-5.17e-05
-5.3114e-05
-5.448e-05
-5.5857e-05
-5.7185e-05
-5.8525e-05
-5.9815e-05
-6.112e-05
-6.2372e-05
-6.3642e-05
-6.4857e-05
-6.6093e-05
-6.7272e-05
-6.8474e-05
-6.9618e-05
-7.0787e-05
-7.1896e-05
-7.3033e-05
-7.4108e-05
-7.5213e-05
-7.6255e-05
-7.7328e-05
-7.8337e-05
-7.938e-05
-8.0358e-05
-8.137e-05
-8.2316e-05
-8.3299e-05
-8.4215e-05
-8.5169e-05
-8.6054e-05
-8.698e-05
-8.7836e-05
-8.8735e-05
-8.9562e-05
-9.0433e-05
-9.1232e-05
-9.2076e-05
-9.2848e-05
-9.3666e-05
-9.4411e-05
-9.5203e-05
-9.5922e-05
-9.6689e-05
-9.7383e-05
-9.8125e-05
-9.8794e-05
-9.9512e-05
-0.00010016
-0.00010085
-0.00010147
-0.00010214
-0.00010274
-0.00010339
-0.00010397
-0.00010459
-0.00010515
-0.00010575
-0.00010628
-0.00010687
-0.00010738
-0.00010794
-0.00010843
-0.00010897
-0.00010945
-0.00010997
-0.00011042
-0.00011092
-0.00011136
-0.00011184
-0.00011226
-0.00011272
-0.00011313
-0.00011357
-0.00011396
-0.00011438
-0.00011475
-0.00011516
-0.00011551
-0.0001159
-0.00011624
-0.00011662
-0.00011694
-0.0001173
-0.00011761
-0.00011795
-0.00011825
-0.00011857
-0.00011886
-0.00011916
-0.00011944
-0.00011973
-0.00011999
-0.00012027
-0.00012052
-0.00012078
-0.00012102
-0.00012127
-0.0001215
-0.00012173
-0.00012195
-0.00012217
-0.00012238
-0.00012258
-0.00012278
-0.00012298
-0.00012317
-0.00012335
-0.00012353
-0.0001237
-0.00012387
-0.00012403
-0.00012419
-0.00012434
-0.00012449
-0.00012463
-0.00012477
-0.0001249
-0.00012504
-0.00012515
-0.00012528
-0.00012539
-0.00012551
-0.00012561
-0.00012572
-0.00012581
-0.00012592
-0.000126
-0.0001261
-0.00012617
-0.00012627
-0.00012633
-0.00012642
-0.00012648
-0.00012656
-0.00012661
-0.00012668
-0.00012672
-0.00012679
-0.00012683
-0.00012689
-0.00012692
-0.00012697
-0.000127
-0.00012705
-0.00012707
-0.00012711
-0.00012713
-0.00012717
-0.00012717
-0.00012721
-0.00012721
-0.00012724
-0.00012724
-0.00012726
-0.00012726
-0.00012727
-0.00012727
-0.00012728
-0.00012727
-0.00012727
-0.00012726
-0.00012726
-0.00012724
-0.00012724
-0.00012722
-0.00012721
-0.00012719
-0.00012718
-0.00012715
-0.00012714
-0.0001271
-0.00012709
-0.00012705
-0.00012703
-0.00012699
-0.00012697
-0.00012693
-0.0001269
-0.00012686
-0.00012683
-0.00012679
-0.00012675
-0.0001267
-0.00012667
-0.00012662
-0.00012658
-0.00012653
-0.00012648
-0.00012643
-0.00012638
-0.00012633
-0.00012628
-0.00012623
-0.00012618
-0.00012612
-0.00012606
-0.00012601
-0.00012595
-0.00012589
-0.00012583
-0.00012577
-0.00012571
-0.00012565
-0.00012559
-0.00012552
-0.00012546
-0.00012539
-0.00012533
-0.00012526
-0.00012519
-0.00012513
-0.00012506
-0.00012499
-0.00012492
-0.00012485
-0.00012478
-0.0001247
-0.00012463
-0.00012456
-0.00012449
-0.00012441
-0.00012434
-0.00012426
-0.00012419
-0.00012411
-0.00012403
-0.00012396
-0.00012388
-0.0001238
-0.00012373
-0.00012365
-0.00012357
-0.00012349
-0.00012341
-0.00012333
-0.00012325
-0.00012317
-0.00012309
-0.00012301
-0.00012292
-0.00012284
-0.00012276
-0.00012268
-0.00012259
-0.00012251
-0.00012243
-0.00012234
-0.00012226
-0.00012217
-0.00012209
-0.000122
-0.00012192
-0.00012183
-0.00012175
-0.00012166
-0.00012158
-0.00012149
-0.0001214
-0.00012132
-0.00012123
-0.00012114
-0.00012106
-0.00012097
-0.00012088
-0.00012079
-0.00012071
-0.00012062
-0.00012053
-0.00012044
-0.00012035
-0.00012027
-0.00012018
-0.00012009
-0.00012
-0.00011991
-0.00011982
-0.00011973
-0.00011964
-0.00011955
-0.00011946
-0.00011937
-0.00011928
-0.00011919
-0.0001191
-0.00011901
-0.00011892
-0.00011883
-0.00011874
-0.00011865
-0.00011856
-0.00011847
-0.00011838
-0.00011829
-0.0001182
-0.00011811
-0.00011802
-0.00011793
-0.00011784
-0.00011775
-0.00011765
-0.00011756
-0.00011747
-0.00011738
-0.00011729
-0.0001172
-0.00011711
-0.00011702
-0.00011692
-0.00011683
-0.00011674
-0.00011665
-0.00011656
-0.00011647
-0.00011637
-0.00011628
-0.00011619
-0.0001161
-0.00011601
-0.00011592
-0.00011582
-0.00011573
-0.00011564
-0.00011555
-0.00011546
-0.00011536
-0.00011527
-0.00011518
-0.00011509
-0.000115
-0.0001149
-0.00011481
-0.00011472
-0.00011463
-0.00011453
-0.00011444
-0.00011435
-0.00011426
-0.00011417
-0.00011407
-0.00011398
-0.00011389
-0.0001138
-0.0001137
-0.00011361
-0.00011352
-0.00011343
-0.00011334
-0.00011324
-0.00011315
-0.00011306
-0.00011297
-0.00011287
-0.00011278
-0.00011269
-0.0001126
-0.0001125
-0.00011241
-0.00011232
-0.00011223
-0.00011213
-0.00011204
-0.00011195
-0.00011186
-0.00011176
-0.00011167
-0.00011158
-0.00011149
-0.00011139
-0.0001113
-0.00011121
-0.00011112
-0.00011102
-0.00011093
-0.00011084
-0.00011075
-0.00011065
-0.00011056
-0.00011047
-0.00011038
-0.00011028
-0.00011019
-0.0001101
-0.00011001
-0.00010991
-0.00010982
-0.00010973
-0.00010964
-0.00010954
-0.00010945
-0.00010936
-0.00010926
-0.00010917
-0.00010908
-0.00010899
-0.00010889
-0.0001088
-0.00010871
-0.00010862
-0.00010852
-0.00010843
-0.00010834
-0.00010825
-0.00010815
-0.00010806
-0.00010797
-0.00010788
-0.00010778
-0.00010769
-0.0001076
-0.00010751
-0.00010741
-0.00010732
-0.00010723
-0.00010713
-0.00010704
-0.00010695
-0.00010686
-0.00010676
-0.00010667
-0.00010658
-0.00010649
-0.00010639
-0.0001063
-0.00010621
-0.00010612
-0.00010602
-0.00010593
-0.00010584
-0.00010575
-0.00010565
-0.00010556
-0.00010547
-0.00010537
-0.00010528
-0.00010519
-0.0001051
-0.000105
-0.00010491
-0.00010482
-0.00010473
-0.00010463
-0.00010454
-0.00010445
-0.00010436
-0.00010426
-0.00010417
-0.00010408
-0.00010399
-0.00010389
-0.0001038
-0.00010371
-0.00010361
-0.00010352
-0.00010343
-0.00010334
-0.00010324
-0.00010315
-0.00010306
-0.00010297
-0.00010287
-0.00010278
-0.00010269
-0.0001026
-0.0001025
-0.00010241
-0.00010232
-0.00010223
-0.00010213
-0.00010204
-0.00010195
-0.00010185
-0.00010176
-0.00010167
-0.00010158
-0.00010148
-0.00010139
-0.0001013
-0.00010121
-0.00010111
-0.00010102
-0.00010093
-0.00010084
-0.00010074
-0.00010065
-0.00010056
-0.00010047
-0.00010037
-0.00010028
-0.00010019
-0.00010009
-0.0001
-9.9909e-05
-9.9817e-05
-9.9724e-05
-9.9631e-05
-9.9539e-05
-9.9446e-05
-9.9353e-05
-9.9261e-05
-9.9168e-05
-9.9076e-05
-9.8983e-05
-9.889e-05
-9.8798e-05
-9.8705e-05
-9.8612e-05
-9.852e-05
-9.8427e-05
-9.8334e-05
-9.8242e-05
-9.8149e-05
-9.8057e-05
-9.7964e-05
-9.7871e-05
-9.7779e-05
-9.7686e-05
-9.7593e-05
-9.7501e-05
-9.7408e-05
-9.7315e-05
-9.7223e-05
-9.713e-05
-9.7038e-05
-9.6945e-05
-9.6852e-05
-9.676e-05
-9.6667e-05
-9.6574e-05
-9.6482e-05
-9.6389e-05
-9.6296e-05
-9.6204e-05
-9.6111e-05
-9.6019e-05
-9.5926e-05
-9.5833e-05
-9.5741e-05
-9.5648e-05
-9.5555e-05
-9.5463e-05
-9.537e-05
-9.5277e-05
-9.5185e-05
-9.5092e-05
-9.5e-05
-9.4907e-05
-9.4814e-05
-9.4722e-05
-9.4629e-05
-9.4536e-05
-9.4444e-05
-9.4351e-05
-9.4258e-05
-9.4166e-05
-9.4073e-05
-9.3981e-05
-9.3888e-05
-9.3795e-05
-9.3703e-05
-9.361e-05
-9.3517e-05
-9.3425e-05
-9.3332e-05
-9.3239e-05
-9.3147e-05
-9.3054e-05
-9.2961e-05
-9.2869e-05
-9.2776e-05
-9.2684e-05
-9.2591e-05
-9.2498e-05
-9.2406e-05
-9.2313e-05
-9.222e-05
-9.2128e-05
-9.2035e-05
-9.1942e-05
-9.185e-05
-9.1757e-05
-9.1665e-05
-9.1572e-05
-9.1479e-05
-9.1387e-05
-9.1294e-05
-9.1201e-05
-9.1109e-05
-9.1016e-05
-9.0923e-05
-9.0831e-05
-9.0738e-05
-9.0646e-05
-9.0553e-05
-9.046e-05
-9.0368e-05
-9.0275e-05
-9.0182e-05
-9.009e-05
-8.9997e-05
-8.9904e-05
-8.9812e-05
-8.9719e-05
-8.9627e-05
-8.9534e-05
-8.9441e-05
-8.9349e-05
-8.9256e-05
-8.9163e-05
-8.9071e-05
-8.8978e-05
-8.8885e-05
-8.8793e-05
-8.87e-05
-8.8608e-05
-8.8515e-05
-8.8422e-05
-8.833e-05
-8.8237e-05
-8.8144e-05
-8.8052e-05
-8.7959e-05
-8.7866e-05
-8.7774e-05
-8.7681e-05
-8.7589e-05
-8.7496e-05
-8.7403e-05
-8.7311e-05
-8.7218e-05
-8.7125e-05
-8.7033e-05
-8.694e-05
-8.6847e-05
-8.6755e-05
-8.6662e-05
-8.657e-05
-8.6477e-05
-8.6384e-05
-8.6292e-05
-8.6199e-05
-8.6106e-05
-8.6014e-05
-8.5921e-05
-8.5828e-05
-8.5736e-05
-8.5643e-05
-8.5551e-05
-8.5458e-05
-8.5365e-05
-8.5273e-05
-8.518e-05
-8.5087e-05
-8.4995e-05
-8.4902e-05
-8.4809e-05
-8.4717e-05
-8.4624e-05
-8.4532e-05
-8.4439e-05
-8.4346e-05
-8.4254e-05
-8.4161e-05
-8.4068e-05
-8.3976e-05
-8.3883e-05
-8.379e-05
-8.3698e-05
-8.3605e-05
-8.3512e-05
-8.342e-05
-8.3327e-05
-8.3235e-05
-8.3142e-05
-8.3049e-05
-8.2957e-05
-8.2864e-05
-8.2771e-05
-8.2679e-05
-8.2586e-05
-8.2493e-05
-8.2401e-05
-8.2308e-05
-8.2216e-05
-8.2123e-05
-8.203e-05
-8.1938e-05
-8.1845e-05
-8.1752e-05
-8.166e-05
-8.1567e-05
-8.1474e-05
-8.1382e-05
-8.1289e-05
-8.1197e-05
-8.1104e-05
-8.1011e-05
-8.0919e-05
-8.0826e-05
-8.0733e-05
-8.0641e-05
-8.0548e-05
-8.0455e-05
-8.0363e-05
-8.027e-05
-8.0178e-05
-8.0085e-05
-7.9992e-05
-7.99e-05
-7.9807e-05
-7.9714e-05
-7.9622e-05
-7.9529e-05
-7.9436e-05
-7.9344e-05
-7.9251e-05
-7.9159e-05
-7.9066e-05
-7.8973e-05
-7.8881e-05
-7.8788e-05
-7.8695e-05
-7.8603e-05
-7.851e-05
-7.8417e-05
-7.8325e-05
-7.8232e-05
-7.814e-05
-7.8047e-05
-7.7954e-05
-7.7862e-05
-7.7769e-05
-7.7676e-05
-7.7584e-05
-7.7491e-05
-7.7398e-05
-7.7306e-05
-7.7213e-05
-7.7121e-05
-7.7028e-05
-7.6935e-05
-7.6843e-05
-7.675e-05
-7.6657e-05
-7.6565e-05
-7.6472e-05
-7.6379e-05
-7.6287e-05
-7.6194e-05
-7.6102e-05
-7.6009e-05
-7.5916e-05
-7.5824e-05
-7.5731e-05
-7.5638e-05
-7.5546e-05
-7.5453e-05
-7.536e-05
-7.5268e-05
-7.5175e-05
-7.5082e-05
-7.499e-05
-7.4897e-05
-7.4805e-05
-7.4712e-05
-7.4619e-05
-7.4527e-05
-7.4434e-05
-7.4341e-05
-7.4249e-05
-7.4156e-05
-7.4063e-05
-7.3971e-05
-7.3878e-05
-7.3786e-05
-7.3693e-05
-7.36e-05
-7.3508e-05
-7.3415e-05
-7.3322e-05
-7.323e-05
-7.3137e-05
-7.3044e-05
-7.2952e-05
-7.2859e-05
-7.2767e-05
-7.2674e-05
-7.2581e-05
-7.2489e-05
-7.2396e-05
-7.2303e-05
-7.2211e-05
-7.2118e-05
-7.2025e-05
-7.1933e-05
-7.184e-05
-7.1748e-05
-7.1655e-05
-7.1562e-05
-7.147e-05
-7.1377e-05
-7.1284e-05
-7.1192e-05
-7.1099e-05
-7.1006e-05
-7.0914e-05
-7.0821e-05
-7.0729e-05
-7.0636e-05
-7.0543e-05
-7.0451e-05
-7.0358e-05
-7.0265e-05
-7.0173e-05
-7.008e-05
-6.9987e-05
-6.9895e-05
-6.9802e-05
-6.971e-05
-6.9617e-05
-6.9524e-05
-6.9432e-05
-6.9339e-05
-6.9246e-05
-6.9154e-05
-6.9061e-05
-6.8968e-05
-6.8876e-05
-6.8783e-05
-6.8691e-05
-6.8598e-05
-6.8505e-05
-6.8413e-05
-6.832e-05
-6.8227e-05
-6.8135e-05
-6.8042e-05
-6.7949e-05
-6.7857e-05
-6.7764e-05
-6.7672e-05
-6.7579e-05
-6.7486e-05
-6.7394e-05
-6.7301e-05
-6.7208e-05
-6.7116e-05
-6.7023e-05
-6.693e-05
-6.6838e-05
-6.6745e-05
-6.6653e-05
-6.656e-05
-6.6467e-05
-6.6375e-05
-6.6282e-05
-6.6189e-05
-6.6097e-05
-6.6004e-05
-6.5911e-05
-6.5819e-05
-6.5726e-05
-6.5633e-05
-6.5541e-05
-6.5448e-05
-6.5356e-05
-6.5263e-05
-6.517e-05
-6.5078e-05
-6.4985e-05
-6.4892e-05
-6.48e-05
-6.4707e-05
-6.4614e-05
-6.4522e-05
-6.4429e-05
-6.4337e-05
-6.4244e-05
-6.4151e-05
-6.4059e-05
-6.3966e-05
-6.3873e-05
-6.3781e-05
-6.3688e-05
-6.3595e-05
-6.3503e-05
-6.341e-05
-6.3318e-05
-6.3225e-05
-6.3132e-05
-6.304e-05
-6.2947e-05
-6.2854e-05
-6.2762e-05
-6.2669e-05
-6.2576e-05
-6.2484e-05
-6.2391e-05
-6.2299e-05
-6.2206e-05
-6.2113e-05
-6.2021e-05
-6.1928e-05
-6.1835e-05
-6.1743e-05
-6.165e-05
-6.1557e-05
-6.1465e-05
-6.1372e-05
-6.128e-05
-6.1187e-05
-6.1094e-05
-6.1002e-05
-6.0909e-05
-6.0816e-05
-6.0724e-05
-6.0631e-05
-6.0538e-05
-6.0446e-05
-6.0353e-05
-6.0261e-05
-6.0168e-05
-6.0075e-05
-5.9983e-05
-5.989e-05
-5.9797e-05
-5.9705e-05
-5.9612e-05
-5.9519e-05
-5.9427e-05
-5.9334e-05
-5.9242e-05
-5.9149e-05
-5.9056e-05
-5.8964e-05
-5.8871e-05
-5.8778e-05
-5.8686e-05
-5.8593e-05
-5.85e-05
-5.8408e-05
-5.8315e-05
-5.8223e-05
-5.813e-05
-5.8037e-05
-5.7945e-05
-5.7852e-05
-5.7759e-05
-5.7667e-05
-5.7574e-05
-5.7481e-05
-5.7389e-05
-5.7296e-05
-5.7204e-05
-5.7111e-05
-5.7018e-05
-5.6926e-05
-5.6833e-05
-5.674e-05
-5.6648e-05
-5.6555e-05
-5.6462e-05
-5.637e-05
-5.6277e-05
-5.6184e-05
-5.6092e-05
-5.5999e-05
-5.5907e-05
-5.5814e-05
-5.5721e-05
-5.5629e-05
-5.5536e-05
-5.5443e-05
-5.5351e-05
-5.5258e-05
-5.5165e-05
-5.5073e-05
-5.498e-05
-5.4888e-05
-5.4795e-05
-5.4702e-05
-5.461e-05
-5.4517e-05
-5.4424e-05
-5.4332e-05
-5.4239e-05
-5.4146e-05
-5.4054e-05
-5.3961e-05
-5.3869e-05
-5.3776e-05
-5.3683e-05
-5.3591e-05
-5.3498e-05
-5.3405e-05
-5.3313e-05
-5.322e-05
-5.3127e-05
-5.3035e-05
-5.2942e-05
-5.285e-05
-5.2757e-05
-5.2664e-05
-5.2572e-05
-5.2479e-05
-5.2386e-05
-5.2294e-05
-5.2201e-05
-5.2108e-05
-5.2016e-05
-5.1923e-05
-5.1831e-05
-5.1738e-05
-5.1645e-05
-5.1553e-05
-5.146e-05
-5.1367e-05
-5.1275e-05
-5.1182e-05
-5.1089e-05
-5.0997e-05
-5.0904e-05
-5.0812e-05
-5.0719e-05
-5.0626e-05
-5.0534e-05
-5.0441e-05
-5.0348e-05
-5.0256e-05
-5.0163e-05
-5.007e-05
-4.9978e-05
-4.9885e-05
-4.9793e-05
-4.97e-05
-4.9607e-05
-4.9515e-05
-4.9422e-05
-4.9329e-05
-4.9237e-05
-4.9144e-05
-4.9051e-05
-4.8959e-05
-4.8866e-05
-4.8774e-05
-4.8681e-05
-4.8588e-05
-4.8496e-05
-4.8403e-05
-4.831e-05
-4.8218e-05
-4.8125e-05
-4.8032e-05
-4.794e-05
-4.7847e-05
-4.7755e-05
-4.7662e-05
-4.7569e-05
-4.7477e-05
-4.7384e-05
-4.7291e-05
-4.7199e-05
-4.7106e-05
-4.7013e-05
-4.6921e-05
-4.6828e-05
-4.6735e-05
-4.6643e-05
-4.655e-05
-4.6458e-05
-4.6365e-05
-4.6272e-05
-4.618e-05
-4.6087e-05
-4.5994e-05
-4.5902e-05
-4.5809e-05
-4.5716e-05
-4.5624e-05
-4.5531e-05
-4.5439e-05
-4.5346e-05
-4.5253e-05
-4.5161e-05
-4.5068e-05
-4.4975e-05
-4.4883e-05
-4.479e-05
-4.4697e-05
-4.4605e-05
-4.4512e-05
-4.442e-05
-4.4327e-05
-4.4234e-05
-4.4142e-05
-4.4049e-05
-4.3956e-05
-4.3864e-05
-4.3771e-05
-4.3678e-05
-4.3586e-05
-4.3493e-05
-4.3401e-05
-4.3308e-05
-4.3215e-05
-4.3123e-05
-4.303e-05
-4.2937e-05
-4.2845e-05
-4.2752e-05
-4.2659e-05
-4.2567e-05
-4.2474e-05
-4.2382e-05
-4.2289e-05
-4.2196e-05
-4.2104e-05
-4.2011e-05
-4.1918e-05
-4.1826e-05
-4.1733e-05
-4.164e-05
-4.1548e-05
-4.1455e-05
-4.1363e-05
-4.127e-05
-4.1177e-05
-4.1085e-05
-4.0992e-05
-4.0899e-05
-4.0807e-05
-4.0714e-05
-4.0621e-05
-4.0529e-05
-4.0436e-05
-4.0344e-05
-4.0251e-05
-4.0158e-05
-4.0066e-05
-3.9973e-05
-3.988e-05
-3.9788e-05
-3.9695e-05
-3.9602e-05
-3.951e-05
-3.9417e-05
-3.9325e-05
-3.9232e-05
-3.9139e-05
-3.9047e-05
-3.8954e-05
-3.8861e-05
-3.8769e-05
-3.8676e-05
-3.8583e-05
-3.8491e-05
-3.8398e-05
-3.8306e-05
-3.8213e-05
-3.812e-05
-3.8028e-05
-3.7935e-05
-3.7842e-05
-3.775e-05
-3.7657e-05
-3.7564e-05
-3.7472e-05
-3.7379e-05
-3.7286e-05
-3.7194e-05
-3.7101e-05
-3.7009e-05
-3.6916e-05
-3.6823e-05
-3.6731e-05
-3.6638e-05
-3.6545e-05
-3.6453e-05
-3.636e-05
-3.6267e-05
-3.6175e-05
-3.6082e-05
-3.599e-05
-3.5897e-05
-3.5804e-05
-3.5712e-05
-3.5619e-05
-3.5526e-05
-3.5434e-05
-3.5341e-05
-3.5248e-05
-3.5156e-05
-3.5063e-05
-3.4971e-05
-3.4878e-05
-3.4785e-05
-3.4693e-05
-3.46e-05
-3.4507e-05
-3.4415e-05
-3.4322e-05
-3.4229e-05
-3.4137e-05
-3.4044e-05
-3.3952e-05
-3.3859e-05
-3.3766e-05
-3.3674e-05
-3.3581e-05
-3.3488e-05
-3.3396e-05
-3.3303e-05
-3.321e-05
-3.3118e-05
-3.3025e-05
-3.2933e-05
-3.284e-05
-3.2747e-05
-3.2655e-05
-3.2562e-05
-3.2469e-05
-3.2377e-05
-3.2284e-05
-3.2191e-05
-3.2099e-05
-3.2006e-05
-3.1914e-05
-3.1821e-05
-3.1728e-05
-3.1636e-05
-3.1543e-05
-3.145e-05
-3.1358e-05
-3.1265e-05
-3.1172e-05
-3.108e-05
-3.0987e-05
-3.0895e-05
-3.0802e-05
-3.0709e-05
-3.0617e-05
-3.0524e-05
-3.0431e-05
-3.0339e-05
-3.0246e-05
-3.0153e-05
-3.0061e-05
-2.9968e-05
-2.9876e-05
-2.9783e-05
-2.969e-05
-2.9598e-05
-2.9505e-05
-2.9412e-05
-2.932e-05
-2.9227e-05
-2.9134e-05
-2.9042e-05
-2.8949e-05
-2.8857e-05
-2.8764e-05
-2.8671e-05
-2.8579e-05
-2.8486e-05
-2.8393e-05
-2.8301e-05
-2.8208e-05
-2.8115e-05
-2.8023e-05
-2.793e-05
-2.7837e-05
-2.7745e-05
-2.7652e-05
-2.756e-05
-2.7467e-05
-2.7374e-05
-2.7282e-05
-2.7189e-05
-2.7096e-05
-2.7004e-05
-2.6911e-05
-2.6818e-05
-2.6726e-05
-2.6633e-05
-2.6541e-05
-2.6448e-05
-2.6355e-05
-2.6263e-05
-2.617e-05
-2.6077e-05
-2.5985e-05
-2.5892e-05
-2.5799e-05
-2.5707e-05
-2.5614e-05
-2.5522e-05
-2.5429e-05
-2.5336e-05
-2.5244e-05
-2.5151e-05
-2.5058e-05
-2.4966e-05
-2.4873e-05
-2.478e-05
-2.4688e-05
-2.4595e-05
-2.4503e-05
-2.441e-05
-2.4317e-05
-2.4225e-05
-2.4132e-05
-2.4039e-05
-2.3947e-05
-2.3854e-05
-2.3761e-05
-2.3669e-05
-2.3576e-05
-2.3484e-05
-2.3391e-05
-2.3298e-05
-2.3206e-05
-2.3113e-05
-2.302e-05
-2.2928e-05
-2.2835e-05
-2.2742e-05
-2.265e-05
-2.2557e-05
-2.2465e-05
-2.2372e-05
-2.2279e-05
-2.2187e-05
-2.2094e-05
-2.2001e-05
-2.1909e-05
-2.1816e-05
-2.1723e-05
-2.1631e-05
-2.1538e-05
-2.1446e-05
-2.1353e-05
-2.126e-05
-2.1168e-05
-2.1075e-05
-2.0982e-05
-2.089e-05
-2.0797e-05
-2.0704e-05
-2.0612e-05
-2.0519e-05
-2.0427e-05
-2.0334e-05
-2.0241e-05
-2.0149e-05
-2.0056e-05
-1.9963e-05
-1.9871e-05
-1.9778e-05
-1.9685e-05
-1.9593e-05
-1.95e-05
-1.9408e-05
-1.9315e-05
-1.9222e-05
-1.913e-05
-1.9037e-05
-1.8944e-05
-1.8852e-05
-1.8759e-05
-1.8666e-05
-1.8574e-05
-1.8481e-05
-1.8388e-05
-1.8296e-05
-1.8203e-05
-1.8111e-05
-1.8018e-05
-1.7925e-05
-1.7833e-05
-1.774e-05
-1.7647e-05
-1.7555e-05
-1.7462e-05
-1.7369e-05
-1.7277e-05
-1.7184e-05
-1.7092e-05
-1.6999e-05
-1.6906e-05
-1.6814e-05
-1.6721e-05
-1.6628e-05
-1.6536e-05
-1.6443e-05
-1.635e-05
-1.6258e-05
-1.6165e-05
-1.6073e-05
-1.598e-05
-1.5887e-05
-1.5795e-05
-1.5702e-05
-1.5609e-05
-1.5517e-05
-1.5424e-05
-1.5331e-05
-1.5239e-05
-1.5146e-05
-1.5054e-05
-1.4961e-05
-1.4868e-05
-1.4776e-05
-1.4683e-05
-1.459e-05
-1.4498e-05
-1.4405e-05
-1.4312e-05
-1.422e-05
-1.4127e-05
-1.4035e-05
-1.3942e-05
-1.3849e-05
-1.3757e-05
-1.3664e-05
-1.3571e-05
-1.3479e-05
-1.3386e-05
-1.3293e-05
-1.3201e-05
-1.3108e-05
-1.3016e-05
-1.2923e-05
-1.283e-05
-1.2738e-05
-1.2645e-05
-1.2552e-05
-1.246e-05
-1.2367e-05
-1.2274e-05
-1.2182e-05
-1.2089e-05
-1.1997e-05
-1.1904e-05
-1.1811e-05
-1.1719e-05
-1.1626e-05
-1.1533e-05
-1.1441e-05
-1.1348e-05
-1.1255e-05
-1.1163e-05
-1.107e-05
-1.0978e-05
-1.0885e-05
-1.0792e-05
-1.07e-05
-1.0607e-05
-1.0514e-05
-1.0422e-05
-1.0329e-05
-1.0236e-05
-1.0144e-05
-1.0051e-05
-9.9585e-06
-9.8659e-06
-9.7732e-06
-9.6806e-06
-9.588e-06
-9.4953e-06
-9.4027e-06
-9.31e-06
-9.2174e-06
-9.1248e-06
-9.0321e-06
-8.9395e-06
-8.8469e-06
-8.7542e-06
-8.6616e-06
-8.5689e-06
-8.4763e-06
-8.3837e-06
-8.291e-06
-8.1984e-06
-8.1058e-06
-8.0131e-06
-7.9205e-06
-7.8278e-06
-7.7352e-06
-7.6426e-06
-7.5499e-06
-7.4573e-06
-7.3647e-06
-7.272e-06
-7.1794e-06
-7.0868e-06
-6.9941e-06
-6.9015e-06
-6.8088e-06
-6.7162e-06
-6.6236e-06
-6.5309e-06
-6.4383e-06
-6.3457e-06
-6.253e-06
-6.1604e-06
-6.0677e-06
-5.9751e-06
-5.8825e-06
-5.7898e-06
-5.6972e-06
-5.6046e-06
-5.5119e-06
-5.4193e-06
-5.3266e-06
-5.234e-06
-5.1414e-06
-5.0487e-06
-4.9561e-06
-4.8635e-06
-4.7708e-06
-4.6782e-06
-4.5855e-06
-4.4929e-06
-4.4003e-06
-4.3076e-06
-4.215e-06
-4.1224e-06
-4.0297e-06
-3.9371e-06
-3.8444e-06
-3.7518e-06
-3.6592e-06
-3.5665e-06
-3.4739e-06
-3.3813e-06
-3.2886e-06
-3.196e-06
-3.1033e-06
-3.0107e-06
-2.9181e-06
-2.8254e-06
-2.7328e-06
-2.6402e-06
-2.5475e-06
-2.4549e-06
-2.3623e-06
-2.2696e-06
-2.177e-06
-2.0843e-06
-1.9917e-06
-1.8991e-06
-1.8064e-06
-1.7138e-06
-1.6212e-06
-1.5285e-06
-1.4359e-06
-1.3432e-06
-1.2506e-06
-1.158e-06
-1.0653e-06
-9.7269e-07
-8.8005e-07
-7.8742e-07
-6.9478e-07
-6.0214e-07
-5.095e-07
-4.1687e-07
-3.2423e-07
-2.3159e-07
-1.3896e-07
-4.6319e-08
4.6319e-08
1.3896e-07
2.3159e-07
3.2423e-07
4.1687e-07
5.095e-07
6.0214e-07
6.9478e-07
7.8742e-07
8.8005e-07
9.7269e-07
1.0653e-06
1.158e-06
1.2506e-06
1.3432e-06
1.4359e-06
1.5285e-06
1.6212e-06
1.7138e-06
1.8064e-06
1.8991e-06
1.9917e-06
2.0843e-06
2.177e-06
2.2696e-06
2.3623e-06
2.4549e-06
2.5475e-06
2.6402e-06
2.7328e-06
2.8254e-06
2.9181e-06
3.0107e-06
3.1033e-06
3.196e-06
3.2886e-06
3.3813e-06
3.4739e-06
3.5665e-06
3.6592e-06
3.7518e-06
3.8444e-06
3.9371e-06
4.0297e-06
4.1224e-06
4.215e-06
4.3076e-06
4.4003e-06
4.4929e-06
4.5855e-06
4.6782e-06
4.7708e-06
4.8635e-06
4.9561e-06
5.0487e-06
5.1414e-06
5.234e-06
5.3266e-06
5.4193e-06
5.5119e-06
5.6046e-06
5.6972e-06
5.7898e-06
5.8825e-06
5.9751e-06
6.0677e-06
6.1604e-06
6.253e-06
6.3457e-06
6.4383e-06
6.5309e-06
6.6236e-06
6.7162e-06
6.8088e-06
6.9015e-06
6.9941e-06
7.0868e-06
7.1794e-06
7.272e-06
7.3647e-06
7.4573e-06
7.5499e-06
7.6426e-06
7.7352e-06
7.8278e-06
7.9205e-06
8.0131e-06
8.1058e-06
8.1984e-06
8.291e-06
8.3837e-06
8.4763e-06
8.5689e-06
8.6616e-06
8.7542e-06
8.8469e-06
8.9395e-06
9.0321e-06
9.1248e-06
9.2174e-06
9.31e-06
9.4027e-06
9.4953e-06
9.588e-06
9.6806e-06
9.7732e-06
9.8659e-06
9.9585e-06
1.0051e-05
1.0144e-05
1.0236e-05
1.0329e-05
1.0422e-05
1.0514e-05
1.0607e-05
1.07e-05
1.0792e-05
1.0885e-05
1.0978e-05
1.107e-05
1.1163e-05
1.1255e-05
1.1348e-05
1.1441e-05
1.1533e-05
1.1626e-05
1.1719e-05
1.1811e-05
1.1904e-05
1.1997e-05
1.2089e-05
1.2182e-05
1.2274e-05
1.2367e-05
1.246e-05
1.2552e-05
1.2645e-05
1.2738e-05
1.283e-05
1.2923e-05
1.3016e-05
1.3108e-05
1.3201e-05
1.3293e-05
1.3386e-05
1.3479e-05
1.3571e-05
1.3664e-05
1.3757e-05
1.3849e-05
1.3942e-05
1.4035e-05
1.4127e-05
1.422e-05
1.4312e-05
1.4405e-05
1.4498e-05
1.459e-05
1.4683e-05
1.4776e-05
1.4868e-05
1.4961e-05
1.5054e-05
1.5146e-05
1.5239e-05
1.5331e-05
1.5424e-05
1.5517e-05
1.5609e-05
1.5702e-05
1.5795e-05
1.5887e-05
1.598e-05
1.6073e-05
1.6165e-05
1.6258e-05
1.635e-05
1.6443e-05
1.6536e-05
1.6628e-05
1.6721e-05
1.6814e-05
1.6906e-05
1.6999e-05
1.7092e-05
1.7184e-05
1.7277e-05
1.7369e-05
1.7462e-05
1.7555e-05
1.7647e-05
1.774e-05
1.7833e-05
1.7925e-05
1.8018e-05
1.8111e-05
1.8203e-05
1.8296e-05
1.8388e-05
1.8481e-05
1.8574e-05
1.8666e-05
1.8759e-05
1.8852e-05
1.8944e-05
1.9037e-05
1.913e-05
1.9222e-05
1.9315e-05
1.9408e-05
1.95e-05
1.9593e-05
1.9685e-05
1.9778e-05
1.9871e-05
1.9963e-05
2.0056e-05
2.0149e-05
2.0241e-05
2.0334e-05
2.0427e-05
2.0519e-05
2.0612e-05
2.0704e-05
2.0797e-05
2.089e-05
2.0982e-05
2.1075e-05
2.1168e-05
2.126e-05
2.1353e-05
2.1446e-05
2.1538e-05
2.1631e-05
2.1723e-05
2.1816e-05
2.1909e-05
2.2001e-05
2.2094e-05
2.2187e-05
2.2279e-05
2.2372e-05
2.2465e-05
2.2557e-05
2.265e-05
2.2742e-05
2.2835e-05
2.2928e-05
2.302e-05
2.3113e-05
2.3206e-05
2.3298e-05
2.3391e-05
2.3484e-05
2.3576e-05
2.3669e-05
2.3761e-05
2.3854e-05
2.3947e-05
2.4039e-05
2.4132e-05
2.4225e-05
2.4317e-05
2.441e-05
2.4503e-05
2.4595e-05
2.4688e-05
2.478e-05
2.4873e-05
2.4966e-05
2.5058e-05
2.5151e-05
2.5244e-05
2.5336e-05
2.5429e-05
2.5522e-05
2.5614e-05
2.5707e-05
2.5799e-05
2.5892e-05
2.5985e-05
2.6077e-05
2.617e-05
2.6263e-05
2.6355e-05
2.6448e-05
2.6541e-05
2.6633e-05
2.6726e-05
2.6818e-05
2.6911e-05
2.7004e-05
2.7096e-05
2.7189e-05
2.7282e-05
2.7374e-05
2.7467e-05
2.756e-05
2.7652e-05
2.7745e-05
2.7837e-05
2.793e-05
2.8023e-05
2.8115e-05
2.8208e-05
2.8301e-05
2.8393e-05
2.8486e-05
2.8579e-05
2.8671e-05
2.8764e-05
2.8857e-05
2.8949e-05
2.9042e-05
2.9134e-05
2.9227e-05
2.932e-05
2.9412e-05
2.9505e-05
2.9598e-05
2.969e-05
2.9783e-05
2.9876e-05
2.9968e-05
3.0061e-05
3.0153e-05
3.0246e-05
3.0339e-05
3.0431e-05
3.0524e-05
3.0617e-05
3.0709e-05
3.0802e-05
3.0895e-05
3.0987e-05
3.108e-05
3.1172e-05
3.1265e-05
3.1358e-05
3.145e-05
3.1543e-05
3.1636e-05
3.1728e-05
3.1821e-05
3.1914e-05
3.2006e-05
3.2099e-05
3.2191e-05
3.2284e-05
3.2377e-05
3.2469e-05
3.2562e-05
3.2655e-05
3.2747e-05
3.284e-05
3.2933e-05
3.3025e-05
3.3118e-05
3.321e-05
3.3303e-05
3.3396e-05
3.3488e-05
3.3581e-05
3.3674e-05
3.3766e-05
3.3859e-05
3.3952e-05
3.4044e-05
3.4137e-05
3.4229e-05
3.4322e-05
3.4415e-05
3.4507e-05
3.46e-05
3.4693e-05
3.4785e-05
3.4878e-05
3.4971e-05
3.5063e-05
3.5156e-05
3.5248e-05
3.5341e-05
3.5434e-05
3.5526e-05
3.5619e-05
3.5712e-05
3.5804e-05
3.5897e-05
3.599e-05
3.6082e-05
3.6175e-05
3.6267e-05
3.636e-05
3.6453e-05
3.6545e-05
3.6638e-05
3.6731e-05
3.6823e-05
3.6916e-05
3.7009e-05
3.7101e-05
3.7194e-05
3.7286e-05
3.7379e-05
3.7472e-05
3.7564e-05
3.7657e-05
3.775e-05
3.7842e-05
3.7935e-05
3.8028e-05
3.812e-05
3.8213e-05
3.8306e-05
3.8398e-05
3.8491e-05
3.8583e-05
3.8676e-05
3.8769e-05
3.8861e-05
3.8954e-05
3.9047e-05
3.9139e-05
3.9232e-05
3.9325e-05
3.9417e-05
3.951e-05
3.9602e-05
3.9695e-05
3.9788e-05
3.988e-05
3.9973e-05
4.0066e-05
4.0158e-05
4.0251e-05
4.0344e-05
4.0436e-05
4.0529e-05
4.0621e-05
4.0714e-05
4.0807e-05
4.0899e-05
4.0992e-05
4.1085e-05
4.1177e-05
4.127e-05
4.1363e-05
4.1455e-05
4.1548e-05
4.164e-05
4.1733e-05
4.1826e-05
4.1918e-05
4.2011e-05
4.2104e-05
4.2196e-05
4.2289e-05
4.2382e-05
4.2474e-05
4.2567e-05
4.2659e-05
4.2752e-05
4.2845e-05
4.2937e-05
4.303e-05
4.3123e-05
4.3215e-05
4.3308e-05
4.3401e-05
4.3493e-05
4.3586e-05
4.3678e-05
4.3771e-05
4.3864e-05
4.3956e-05
4.4049e-05
4.4142e-05
4.4234e-05
4.4327e-05
4.442e-05
4.4512e-05
4.4605e-05
4.4697e-05
4.479e-05
4.4883e-05
4.4975e-05
4.5068e-05
4.5161e-05
4.5253e-05
4.5346e-05
4.5439e-05
4.5531e-05
4.5624e-05
4.5716e-05
4.5809e-05
4.5902e-05
4.5994e-05
4.6087e-05
4.618e-05
4.6272e-05
4.6365e-05
4.6458e-05
4.655e-05
4.6643e-05
4.6735e-05
4.6828e-05
4.6921e-05
4.7013e-05
4.7106e-05
4.7199e-05
4.7291e-05
4.7384e-05
4.7477e-05
4.7569e-05
4.7662e-05
4.7755e-05
4.7847e-05
4.794e-05
4.8032e-05
4.8125e-05
4.8218e-05
4.831e-05
4.8403e-05
4.8496e-05
4.8588e-05
4.8681e-05
4.8774e-05
4.8866e-05
4.8959e-05
4.9051e-05
4.9144e-05
4.9237e-05
4.9329e-05
4.9422e-05
4.9515e-05
4.9607e-05
4.97e-05
4.9793e-05
4.9885e-05
4.9978e-05
5.007e-05
5.0163e-05
5.0256e-05
5.0348e-05
5.0441e-05
5.0534e-05
5.0626e-05
5.0719e-05
5.0812e-05
5.0904e-05
5.0997e-05
5.1089e-05
5.1182e-05
5.1275e-05
5.1367e-05
5.146e-05
5.1553e-05
5.1645e-05
5.1738e-05
5.1831e-05
5.1923e-05
5.2016e-05
5.2108e-05
5.2201e-05
5.2294e-05
5.2386e-05
5.2479e-05
5.2572e-05
5.2664e-05
5.2757e-05
5.285e-05
5.2942e-05
5.3035e-05
5.3127e-05
5.322e-05
5.3313e-05
5.3405e-05
5.3498e-05
5.3591e-05
5.3683e-05
5.3776e-05
5.3869e-05
5.3961e-05
5.4054e-05
5.4146e-05
5.4239e-05
5.4332e-05
5.4424e-05
5.4517e-05
5.461e-05
5.4702e-05
5.4795e-05
5.4888e-05
5.498e-05
5.5073e-05
5.5165e-05
5.5258e-05
5.5351e-05
5.5443e-05
5.5536e-05
5.5629e-05
5.5721e-05
5.5814e-05
5.5907e-05
5.5999e-05
5.6092e-05
5.6184e-05
5.6277e-05
5.637e-05
5.6462e-05
5.6555e-05
5.6648e-05
5.674e-05
5.6833e-05
5.6926e-05
5.7018e-05
5.7111e-05
5.7204e-05
5.7296e-05
5.7389e-05
5.7481e-05
5.7574e-05
5.7667e-05
5.7759e-05
5.7852e-05
5.7945e-05
5.8037e-05
5.813e-05
5.8223e-05
5.8315e-05
5.8408e-05
5.85e-05
5.8593e-05
5.8686e-05
5.8778e-05
5.8871e-05
5.8964e-05
5.9056e-05
5.9149e-05
5.9242e-05
5.9334e-05
5.9427e-05
5.9519e-05
5.9612e-05
5.9705e-05
5.9797e-05
5.989e-05
5.9983e-05
6.0075e-05
6.0168e-05
6.0261e-05
6.0353e-05
6.0446e-05
6.0538e-05
6.0631e-05
6.0724e-05
6.0816e-05
6.0909e-05
6.1002e-05
6.1094e-05
6.1187e-05
6.128e-05
6.1372e-05
6.1465e-05
6.1557e-05
6.165e-05
6.1743e-05
6.1835e-05
6.1928e-05
6.2021e-05
6.2113e-05
6.2206e-05
6.2299e-05
6.2391e-05
6.2484e-05
6.2576e-05
6.2669e-05
6.2762e-05
6.2854e-05
6.2947e-05
6.304e-05
6.3132e-05
6.3225e-05
6.3318e-05
6.341e-05
6.3503e-05
6.3595e-05
6.3688e-05
6.3781e-05
6.3873e-05
6.3966e-05
6.4059e-05
6.4151e-05
6.4244e-05
6.4337e-05
6.4429e-05
6.4522e-05
6.4614e-05
6.4707e-05
6.48e-05
6.4892e-05
6.4985e-05
6.5078e-05
6.517e-05
6.5263e-05
6.5356e-05
6.5448e-05
6.5541e-05
6.5633e-05
6.5726e-05
6.5819e-05
6.5911e-05
6.6004e-05
6.6097e-05
6.6189e-05
6.6282e-05
6.6375e-05
6.6467e-05
6.656e-05
6.6653e-05
6.6745e-05
6.6838e-05
6.693e-05
6.7023e-05
6.7116e-05
6.7208e-05
6.7301e-05
6.7394e-05
6.7486e-05
6.7579e-05
6.7672e-05
6.7764e-05
6.7857e-05
6.7949e-05
6.8042e-05
6.8135e-05
6.8227e-05
6.832e-05
6.8413e-05
6.8505e-05
6.8598e-05
6.8691e-05
6.8783e-05
6.8876e-05
6.8968e-05
6.9061e-05
6.9154e-05
6.9246e-05
6.9339e-05
6.9432e-05
6.9524e-05
6.9617e-05
6.971e-05
6.9802e-05
6.9895e-05
6.9987e-05
7.008e-05
7.0173e-05
7.0265e-05
7.0358e-05
7.0451e-05
7.0543e-05
7.0636e-05
7.0729e-05
7.0821e-05
7.0914e-05
7.1006e-05
7.1099e-05
7.1192e-05
7.1284e-05
7.1377e-05
7.147e-05
7.1562e-05
7.1655e-05
7.1748e-05
7.184e-05
7.1933e-05
7.2025e-05
7.2118e-05
7.2211e-05
7.2303e-05
7.2396e-05
7.2489e-05
7.2581e-05
7.2674e-05
7.2767e-05
7.2859e-05
7.2952e-05
7.3044e-05
7.3137e-05
7.323e-05
7.3322e-05
7.3415e-05
7.3508e-05
7.36e-05
7.3693e-05
7.3786e-05
7.3878e-05
7.3971e-05
7.4063e-05
7.4156e-05
7.4249e-05
7.4341e-05
7.4434e-05
7.4527e-05
7.4619e-05
7.4712e-05
7.4805e-05
7.4897e-05
7.499e-05
7.5082e-05
7.5175e-05
7.5268e-05
7.536e-05
7.5453e-05
7.5546e-05
7.5638e-05
7.5731e-05
7.5824e-05
7.5916e-05
7.6009e-05
7.6102e-05
7.6194e-05
7.6287e-05
7.6379e-05
7.6472e-05
7.6565e-05
7.6657e-05
7.675e-05
7.6843e-05
7.6935e-05
7.7028e-05
7.7121e-05
7.7213e-05
7.7306e-05
7.7398e-05
7.7491e-05
7.7584e-05
7.7676e-05
7.7769e-05
7.7862e-05
7.7954e-05
7.8047e-05
7.814e-05
7.8232e-05
7.8325e-05
7.8417e-05
7.851e-05
7.8603e-05
7.8695e-05
7.8788e-05
7.8881e-05
7.8973e-05
7.9066e-05
7.9159e-05
7.9251e-05
7.9344e-05
7.9436e-05
7.9529e-05
7.9622e-05
7.9714e-05
7.9807e-05
7.99e-05
7.9992e-05
8.0085e-05
8.0178e-05
8.027e-05
8.0363e-05
8.0455e-05
8.0548e-05
8.0641e-05
8.0733e-05
8.0826e-05
8.0919e-05
8.1011e-05
8.1104e-05
8.1197e-05
8.1289e-05
8.1382e-05
8.1474e-05
8.1567e-05
8.166e-05
8.1752e-05
8.1845e-05
8.1938e-05
8.203e-05
8.2123e-05
8.2216e-05
8.2308e-05
8.2401e-05
8.2493e-05
8.2586e-05
8.2679e-05
8.2771e-05
8.2864e-05
8.2957e-05
8.3049e-05
8.3142e-05
8.3235e-05
8.3327e-05
8.342e-05
8.3512e-05
8.3605e-05
8.3698e-05
8.379e-05
8.3883e-05
8.3976e-05
8.4068e-05
8.4161e-05
8.4254e-05
8.4346e-05
8.4439e-05
8.4532e-05
8.4624e-05
8.4717e-05
8.4809e-05
8.4902e-05
8.4995e-05
8.5087e-05
8.518e-05
8.5273e-05
8.5365e-05
8.5458e-05
8.5551e-05
8.5643e-05
8.5736e-05
8.5828e-05
8.5921e-05
8.6014e-05
8.6106e-05
8.6199e-05
8.6292e-05
8.6384e-05
8.6477e-05
8.657e-05
8.6662e-05
8.6755e-05
8.6847e-05
8.694e-05
8.7033e-05
8.7125e-05
8.7218e-05
8.7311e-05
8.7403e-05
8.7496e-05
8.7589e-05
8.7681e-05
8.7774e-05
8.7866e-05
8.7959e-05
8.8052e-05
8.8144e-05
8.8237e-05
8.833e-05
8.8422e-05
8.8515e-05
8.8608e-05
8.87e-05
8.8793e-05
8.8885e-05
8.8978e-05
8.9071e-05
8.9163e-05
8.9256e-05
8.9349e-05
8.9441e-05
8.9534e-05
8.9627e-05
8.9719e-05
8.9812e-05
8.9904e-05
8.9997e-05
9.009e-05
9.0182e-05
9.0275e-05
9.0368e-05
9.046e-05
9.0553e-05
9.0646e-05
9.0738e-05
9.0831e-05
9.0923e-05
9.1016e-05
9.1109e-05
9.1201e-05
9.1294e-05
9.1387e-05
9.1479e-05
9.1572e-05
9.1665e-05
9.1757e-05
9.185e-05
9.1942e-05
9.2035e-05
9.2128e-05
9.222e-05
9.2313e-05
9.2406e-05
9.2498e-05
9.2591e-05
9.2684e-05
9.2776e-05
9.2869e-05
9.2961e-05
9.3054e-05
9.3147e-05
9.3239e-05
9.3332e-05
9.3425e-05
9.3517e-05
9.361e-05
9.3703e-05
9.3795e-05
9.3888e-05
9.3981e-05
9.4073e-05
9.4166e-05
9.4258e-05
9.4351e-05
9.4444e-05
9.4536e-05
9.4629e-05
9.4722e-05
9.4814e-05
9.4907e-05
9.5e-05
9.5092e-05
9.5185e-05
9.5277e-05
9.537e-05
9.5463e-05
9.5555e-05
9.5648e-05
9.5741e-05
9.5833e-05
9.5926e-05
9.6019e-05
9.6111e-05
9.6204e-05
9.6296e-05
9.6389e-05
9.6482e-05
9.6574e-05
9.6667e-05
9.676e-05
9.6852e-05
9.6945e-05
9.7038e-05
9.713e-05
9.7223e-05
9.7315e-05
9.7408e-05
9.7501e-05
9.7593e-05
9.7686e-05
9.7779e-05
9.7871e-05
9.7964e-05
9.8057e-05
9.8149e-05
9.8242e-05
9.8334e-05
9.8427e-05
9.852e-05
9.8612e-05
9.8705e-05
9.8798e-05
9.889e-05
9.8983e-05
9.9076e-05
9.9168e-05
9.9261e-05
9.9353e-05
9.9446e-05
9.9539e-05
9.9631e-05
9.9724e-05
9.9817e-05
9.9909e-05
0.0001
0.00010009
0.00010019
0.00010028
0.00010037
0.00010047
0.00010056
0.00010065
0.00010074
0.00010084
0.00010093
0.00010102
0.00010111
0.00010121
0.0001013
0.00010139
0.00010148
0.00010158
0.00010167
0.00010176
0.00010185
0.00010195
0.00010204
0.00010213
0.00010223
0.00010232
0.00010241
0.0001025
0.0001026
0.00010269
0.00010278
0.00010287
0.00010297
0.00010306
0.00010315
0.00010324
0.00010334
0.00010343
0.00010352
0.00010361
0.00010371
0.0001038
0.00010389
0.00010399
0.00010408
0.00010417
0.00010426
0.00010436
0.00010445
0.00010454
0.00010463
0.00010473
0.00010482
0.00010491
0.000105
0.0001051
0.00010519
0.00010528
0.00010537
0.00010547
0.00010556
0.00010565
0.00010575
0.00010584
0.00010593
0.00010602
0.00010612
0.00010621
0.0001063
0.00010639
0.00010649
0.00010658
0.00010667
0.00010676
0.00010686
0.00010695
0.00010704
0.00010713
0.00010723
0.00010732
0.00010741
0.00010751
0.0001076
0.00010769
0.00010778
0.00010788
0.00010797
0.00010806
0.00010815
0.00010825
0.00010834
0.00010843
0.00010852
0.00010862
0.00010871
0.0001088
0.00010889
0.00010899
0.00010908
0.00010917
0.00010926
0.00010936
0.00010945
0.00010954
0.00010964
0.00010973
0.00010982
0.00010991
0.00011001
0.0001101
0.00011019
0.00011028
0.00011038
0.00011047
0.00011056
0.00011065
0.00011075
0.00011084
0.00011093
0.00011102
0.00011112
0.00011121
0.0001113
0.00011139
0.00011149
0.00011158
0.00011167
0.00011176
0.00011186
0.00011195
0.00011204
0.00011213
0.00011223
0.00011232
0.00011241
0.0001125
0.0001126
0.00011269
0.00011278
0.00011287
0.00011297
0.00011306
0.00011315
0.00011324
0.00011334
0.00011343
0.00011352
0.00011361
0.0001137
0.0001138
0.00011389
0.00011398
0.00011407
0.00011417
0.00011426
0.00011435
0.00011444
0.00011453
0.00011463
0.00011472
0.00011481
0.0001149
0.000115
0.00011509
0.00011518
0.00011527
0.00011536
0.00011546
0.00011555
0.00011564
0.00011573
0.00011582
0.00011592
0.00011601
0.0001161
0.00011619
0.00011628
0.00011637
0.00011647
0.00011656
0.00011665
0.00011674
0.00011683
0.00011692
0.00011702
0.00011711
0.0001172
0.00011729
0.00011738
0.00011747
0.00011756
0.00011765
0.00011775
0.00011784
0.00011793
0.00011802
0.00011811
0.0001182
0.00011829
0.00011838
0.00011847
0.00011856
0.00011865
0.00011874
0.00011883
0.00011892
0.00011901
0.0001191
0.00011919
0.00011928
0.00011937
0.00011946
0.00011955
0.00011964
0.00011973
0.00011982
0.00011991
0.00012
0.00012009
0.00012018
0.00012027
0.00012035
0.00012044
0.00012053
0.00012062
0.00012071
0.00012079
0.00012088
0.00012097
0.00012106
0.00012114
0.00012123
0.00012132
0.0001214
0.00012149
0.00012158
0.00012166
0.00012175
0.00012183
0.00012192
0.000122
0.00012209
0.00012217
0.00012226
0.00012234
0.00012243
0.00012251
0.00012259
0.00012268
0.00012276
0.00012284
0.00012292
0.00012301
0.00012309
0.00012317
0.00012325
0.00012333
0.00012341
0.00012349
0.00012357
0.00012365
0.00012373
0.0001238
0.00012388
0.00012396
0.00012403
0.00012411
0.00012419
0.00012426
0.00012434
0.00012441
0.00012449
0.00012456
0.00012463
0.0001247
0.00012478
0.00012485
0.00012492
0.00012499
0.00012506
0.00012513
0.00012519
0.00012526
0.00012533
0.00012539
0.00012546
0.00012552
0.00012559
0.00012565
0.00012571
0.00012577
0.00012583
0.00012589
0.00012595
0.00012601
0.00012606
0.00012612
0.00012618
0.00012623
0.00012628
0.00012633
0.00012638
0.00012643
0.00012648
0.00012653
0.00012658
0.00012662
0.00012667
0.0001267
0.00012675
0.00012679
0.00012683
0.00012686
0.0001269
0.00012693
0.00012697
0.00012699
0.00012703
0.00012705
0.00012709
0.0001271
0.00012714
0.00012715
0.00012718
0.00012719
0.00012721
0.00012722
0.00012724
0.00012724
0.00012726
0.00012726
0.00012727
0.00012727
0.00012728
0.00012727
0.00012727
0.00012726
0.00012726
0.00012724
0.00012724
0.00012721
0.00012721
0.00012717
0.00012717
0.00012713
0.00012711
0.00012707
0.00012705
0.000127
0.00012697
0.00012692
0.00012689
0.00012683
0.00012679
0.00012672
0.00012668
0.00012661
0.00012656
0.00012648
0.00012642
0.00012633
0.00012627
0.00012617
0.0001261
0.000126
0.00012592
0.00012581
0.00012572
0.00012561
0.00012551
0.00012539
0.00012528
0.00012515
0.00012504
0.0001249
0.00012477
0.00012463
0.00012449
0.00012434
0.00012419
0.00012403
0.00012387
0.0001237
0.00012353
0.00012335
0.00012317
0.00012298
0.00012278
0.00012258
0.00012238
0.00012217
0.00012195
0.00012173
0.0001215
0.00012127
0.00012102
0.00012078
0.00012052
0.00012027
0.00011999
0.00011973
0.00011944
0.00011916
0.00011886
0.00011857
0.00011825
0.00011795
0.00011761
0.0001173
0.00011694
0.00011662
0.00011624
0.0001159
0.00011551
0.00011516
0.00011475
0.00011438
0.00011396
0.00011357
0.00011313
0.00011272
0.00011226
0.00011184
0.00011136
0.00011092
0.00011042
0.00010997
0.00010945
0.00010897
0.00010843
0.00010794
0.00010738
0.00010687
0.00010628
0.00010575
0.00010515
0.00010459
0.00010397
0.00010339
0.00010274
0.00010214
0.00010147
0.00010085
0.00010016
9.9512e-05
9.8794e-05
9.8125e-05
9.7383e-05
9.6689e-05
9.5922e-05
9.5203e-05
9.4411e-05
9.3666e-05
9.2848e-05
9.2076e-05
9.1232e-05
9.0433e-05
8.9562e-05
8.8735e-05
8.7836e-05
8.698e-05
8.6054e-05
8.5169e-05
8.4215e-05
8.3299e-05
8.2316e-05
8.137e-05
8.0358e-05
7.938e-05
7.8337e-05
7.7328e-05
7.6255e-05
7.5213e-05
7.4108e-05
7.3033e-05
7.1896e-05
7.0787e-05
6.9618e-05
6.8474e-05
6.7272e-05
6.6093e-05
6.4857e-05
6.3642e-05
6.2372e-05
6.112e-05
5.9815e-05
5.8525e-05
5.7185e-05
5.5857e-05
5.448e-05
5.3114e-05
5.17e-05
5.0295e-05
4.8843e-05
4.7398e-05
4.5908e-05
4.4422e-05
4.2893e-05
4.1366e-05
3.9797e-05
3.8228e-05
3.6619e-05
3.5007e-05
3.3356e-05
3.1701e-05
3.0009e-05
2.831e-05
2.6575e-05
2.4831e-05
2.3054e-05
2.1264e-05
1.9443e-05
1.7607e-05
1.5741e-05
1.3859e-05
1.1947e-05
1.0018e-05
8.0601e-06
6.0824e-06
4.0782e-06
2.0516e-06
