-0.00020169
-0.00039725
-0.00058676
-0.00077027
-0.00094786
-0.0011196
-0.0012855
-0.0014457
-0.0016002
-0.0017491
-0.0018925
-0.0020303
-0.0021628
-0.0022899
-0.0024118
-0.0025284
-0.0026398
-0.0027462
-0.0028475
-0.0029439
-0.0030353
-0.0031219
-0.0032038
-0.0032809
-0.0033533
-0.0034212
-0.0034846
-0.0035434
-0.0035979
-0.0036481
-0.003694
-0.0037356
-0.0037731
-0.0038065
-0.003836
-0.0038614
-0.0038829
-0.0039006
-0.0039146
-0.0039247
-0.0039313
-0.0039343
-0.0039337
-0.0039297
-0.0039223
-0.0039115
-0.0038974
-0.0038801
-0.0038597
-0.0038362
-0.0038096
-0.0037801
-0.0037476
-0.0037123
-0.0036742
-0.0036334
-0.0035899
-0.0035438
-0.0034951
-0.003444
-0.0033904
-0.0033345
-0.0032762
-0.0032157
-0.0031531
-0.0030883
-0.0030214
-0.0029525
-0.0028818
-0.0028091
-0.0027346
-0.0026583
-0.0025803
-0.0025007
-0.0024195
-0.0023368
-0.0022526
-0.002167
-0.0020801
-0.0019919
-0.0019025
-0.0018119
-0.0017202
-0.0016275
-0.0015338
-0.0014392
-0.0013436
-0.0012473
-0.0011503
-0.0010526
-0.0009542
-0.00085528
-0.00075585
-0.00065597
-0.00055571
-0.00045512
-0.00035426
-0.00025319
-0.00015197
-5.0668e-05
5.0668e-05
0.00015197
0.00025319
0.00035426
0.00045512
0.00055571
0.00065597
0.00075585
0.00085528
0.0009542
0.0010526
0.0011503
0.0012473
0.0013436
0.0014392
0.0015338
0.0016275
0.0017202
0.0018119
0.0019025
0.0019919
0.0020801
0.002167
0.0022526
0.0023368
0.0024195
0.0025007
0.0025803
0.0026583
0.0027346
0.0028091
0.0028818
0.0029525
0.0030214
0.0030883
0.0031531
0.0032157
0.0032762
0.0033345
0.0033904
0.003444
0.0034951
0.0035438
0.0035899
0.0036334
0.0036742
0.0037123
0.0037476
0.0037801
0.0038096
0.0038362
0.0038597
0.0038801
0.0038974
0.0039115
0.0039223
0.0039297
0.0039337
0.0039343
0.0039313
0.0039247
0.0039146
0.0039006
0.0038829
0.0038614
0.003836
0.0038065
0.0037731
0.0037356
0.003694
0.0036481
0.0035979
0.0035434
0.0034846
0.0034212
0.0033533
0.0032809
0.0032038
0.0031219
0.0030353
0.0029439
0.0028475
0.0027462
0.0026398
0.0025284
0.0024118
0.0022899
0.0021628
0.0020303
0.0018925
0.0017491
0.0016002
0.0014457
0.0012855
0.0011196
0.00094786
0.00077027
0.00058676
0.00039725
0.00020169
