-0.0077079
-0.0098125
-0.010865
-0.011494
-0.011902
-0.012178
-0.012368
-0.012499
-0.012587
-0.012644
-0.012677
-0.012692
-0.012692
-0.01268
-0.012659
-0.01263
-0.012595
-0.012554
-0.012509
-0.012461
-0.012409
-0.012354
-0.012297
-0.012239
-0.012178
-0.012116
-0.012053
-0.011989
-0.011923
-0.011857
-0.011791
-0.011723
-0.011655
-0.011586
-0.011517
-0.011448
-0.011378
-0.011308
-0.011238
-0.011168
-0.011097
-0.011026
-0.010955
-0.010883
-0.010812
-0.010741
-0.010669
-0.010597
-0.010525
-0.010453
-0.010381
-0.010309
-0.010237
-0.010165
-0.010093
-0.010021
-0.0099485
-0.0098762
-0.0098039
-0.0097315
-0.0096591
-0.0095867
-0.0095143
-0.0094418
-0.0093694
-0.0092969
-0.0092244
-0.0091519
-0.0090794
-0.0090068
-0.0089343
-0.0088617
-0.0087892
-0.0087166
-0.0086441
-0.0085715
-0.0084989
-0.0084263
-0.0083537
-0.0082811
-0.0082085
-0.0081359
-0.0080633
-0.0079907
-0.0079181
-0.0078455
-0.0077729
-0.0077003
-0.0076277
-0.007555
-0.0074824
-0.0074098
-0.0073372
-0.0072646
-0.007192
-0.0071193
-0.0070467
-0.0069741
-0.0069015
-0.0068289
-0.0067563
-0.0066837
-0.0066111
-0.0065384
-0.0064658
-0.0063932
-0.0063206
-0.006248
-0.0061754
-0.0061028
-0.0060302
-0.0059576
-0.005885
-0.0058125
-0.0057399
-0.0056673
-0.0055947
-0.0055221
-0.0054496
-0.005377
-0.0053044
-0.0052319
-0.0051593
-0.0050868
-0.0050143
-0.0049417
-0.0048692
-0.0047967
-0.0047242
-0.0046517
-0.0045792
-0.0045067
-0.0044343
-0.0043618
-0.0042893
-0.0042169
-0.0041445
-0.004072
-0.0039996
-0.0039272
-0.0038549
-0.0037825
-0.0037102
-0.0036378
-0.0035655
-0.0034932
-0.0034209
-0.0033487
-0.0032764
-0.0032042
-0.003132
-0.0030598
-0.0029877
-0.0029155
-0.0028434
-0.0027713
-0.0026993
-0.0026273
-0.0025553
-0.0024833
-0.0024114
-0.0023395
-0.0022676
-0.0021958
-0.002124
-0.0020523
-0.0019806
-0.0019089
-0.0018373
-0.0017657
-0.0016942
-0.0016227
-0.0015513
-0.0014799
-0.0014086
-0.0013373
-0.0012661
-0.001195
-0.0011239
-0.0010529
-0.00098198
-0.0009111
-0.0008403
-0.00076958
-0.00069893
-0.00062836
-0.00055788
-0.00048748
-0.00041716
-0.00034694
-0.00027682
-0.00020679
-0.00013686
-6.7029e-05
2.6918e-06
7.2303e-05
0.0001418
0.00021118
0.00028045
0.00034959
0.0004186
0.00048748
0.00055622
0.00062483
0.0006933
0.00076161
0.00082978
0.00089779
0.00096565
0.0010333
0.0011009
0.0011682
0.0012354
0.0013024
0.0013692
0.0014358
0.0015022
0.0015684
0.0016344
0.0017002
0.0017657
0.0018311
0.0018962
0.0019611
0.0020257
0.0020901
0.0021542
0.0022181
0.0022817
0.0023451
0.0024081
0.0024709
0.0025334
0.0025956
0.0026575
0.002719
0.0027803
0.0028412
0.0029018
0.002962
0.0030219
0.0030815
0.0031406
0.0031995
0.0032579
0.0033159
0.0033736
0.0034308
0.0034876
0.003544
0.0036
0.0036555
0.0037106
0.0037652
0.0038194
0.0038731
0.0039263
0.003979
0.0040312
0.0040829
0.0041341
0.0041847
0.0042348
0.0042844
0.0043334
0.0043818
0.0044296
0.0044769
0.0045235
0.0045695
0.0046149
0.0046597
0.0047038
0.0047472
0.00479
0.0048321
0.0048735
0.0049142
0.0049542
0.0049935
0.005032
0.0050698
0.0051068
0.005143
0.0051785
0.0052131
0.005247
0.00528
0.0053121
0.0053435
0.0053739
0.0054035
0.0054322
0.00546
0.0054868
0.0055128
0.0055378
0.0055618
0.0055849
0.005607
0.0056281
0.0056481
0.0056672
0.0056852
0.0057022
0.005718
0.0057328
0.0057466
0.0057591
0.0057706
0.0057809
0.0057901
0.0057981
0.0058049
0.0058105
0.0058149
0.0058181
0.00582
0.0058207
0.0058201
0.0058182
0.0058149
0.0058104
0.0058045
0.0057973
0.0057887
0.0057787
0.0057673
0.0057545
0.0057402
0.0057245
0.0057073
0.0056887
0.0056685
0.0056468
0.0056236
0.0055989
0.0055726
0.0055446
0.0055151
0.005484
0.0054513
0.0054169
0.0053808
0.005343
0.0053036
0.0052624
0.0052195
0.0051748
0.0051284
0.0050802
0.0050302
0.0049783
0.0049246
0.0048691
0.0048117
0.0047524
0.0046912
0.004628
0.0045629
0.0044959
0.0044269
0.0043559
0.0042828
0.0042078
0.0041307
0.0040515
0.0039702
0.0038869
0.0038013
0.0037137
0.0036239
0.003532
0.0034377
0.0033415
0.0032427
0.0031422
0.0030387
0.0029338
0.0028254
0.0027162
0.0026029
0.0024894
0.0023708
0.0022531
0.0021292
0.0020071
0.0018779
0.0017513
0.0016168
0.0014854
0.0013458
0.0012093
0.0010648
0.00092283
0.00077366
0.00062585
0.00047214
0.00031828
0.00016006
