-8.1794e-05
-0.00016204
-0.00024077
-0.00031798
-0.00039371
-0.00046792
-0.0005407
-0.00061197
-0.00068186
-0.00075026
-0.00081731
-0.00088288
-0.00094714
-0.0010099
-0.0010715
-0.0011316
-0.0011904
-0.0012478
-0.0013041
-0.0013589
-0.0014126
-0.0014648
-0.001516
-0.0015657
-0.0016144
-0.0016617
-0.0017079
-0.0017528
-0.0017967
-0.0018393
-0.0018808
-0.0019211
-0.0019604
-0.0019984
-0.0020355
-0.0020712
-0.0021062
-0.0021398
-0.0021726
-0.0022041
-0.0022348
-0.0022643
-0.002293
-0.0023204
-0.0023471
-0.0023726
-0.0023974
-0.002421
-0.0024438
-0.0024655
-0.0024866
-0.0025064
-0.0025257
-0.0025437
-0.0025612
-0.0025775
-0.0025933
-0.0026079
-0.002622
-0.002635
-0.0026474
-0.0026588
-0.0026696
-0.0026794
-0.0026887
-0.002697
-0.0027048
-0.0027115
-0.0027178
-0.0027232
-0.002728
-0.0027319
-0.0027354
-0.0027379
-0.00274
-0.0027412
-0.002742
-0.0027419
-0.0027413
-0.00274
-0.0027382
-0.0027356
-0.0027326
-0.0027288
-0.0027246
-0.0027197
-0.0027143
-0.0027083
-0.0027018
-0.0026946
-0.0026871
-0.0026789
-0.0026703
-0.002661
-0.0026514
-0.0026412
-0.0026305
-0.0026193
-0.0026077
-0.0025956
-0.0025831
-0.00257
-0.0025566
-0.0025427
-0.0025284
-0.0025136
-0.0024984
-0.0024828
-0.0024669
-0.0024505
-0.0024337
-0.0024165
-0.002399
-0.0023811
-0.0023628
-0.0023442
-0.0023252
-0.0023059
-0.0022862
-0.0022662
-0.0022459
-0.0022253
-0.0022042
-0.002183
-0.0021614
-0.0021396
-0.0021173
-0.0020949
-0.0020721
-0.0020491
-0.0020258
-0.0020023
-0.0019784
-0.0019544
-0.00193
-0.0019055
-0.0018806
-0.0018556
-0.0018302
-0.0018048
-0.001779
-0.0017531
-0.0017268
-0.0017006
-0.0016739
-0.0016472
-0.0016201
-0.0015931
-0.0015656
-0.0015382
-0.0015104
-0.0014826
-0.0014545
-0.0014264
-0.0013979
-0.0013695
-0.0013407
-0.001312
-0.0012829
-0.0012539
-0.0012246
-0.0011953
-0.0011657
-0.0011362
-0.0011063
-0.0010765
-0.0010465
-0.0010165
-0.00098619
-0.00095597
-0.00092549
-0.00089507
-0.00086441
-0.0008338
-0.00080297
-0.0007722
-0.0007412
-0.00071028
-0.00067914
-0.00064807
-0.0006168
-0.0005856
-0.00055422
-0.0005229
-0.00049141
-0.00045999
-0.00042841
-0.0003969
-0.00036524
-0.00033365
-0.00030192
-0.00027027
-0.00023849
-0.00020678
-0.00017496
-0.00014322
-0.00011136
-7.9593e-05
-4.772e-05
-1.594e-05
1.594e-05
4.772e-05
7.9593e-05
0.00011136
0.00014322
0.00017496
0.00020678
0.00023849
0.00027027
0.00030192
0.00033365
0.00036524
0.0003969
0.00042841
0.00045999
0.00049141
0.0005229
0.00055422
0.0005856
0.0006168
0.00064807
0.00067914
0.00071028
0.0007412
0.0007722
0.00080297
0.0008338
0.00086441
0.00089507
0.00092549
0.00095597
0.00098619
0.0010165
0.0010465
0.0010765
0.0011063
0.0011362
0.0011657
0.0011953
0.0012246
0.0012539
0.0012829
0.001312
0.0013407
0.0013695
0.0013979
0.0014264
0.0014545
0.0014826
0.0015104
0.0015382
0.0015656
0.0015931
0.0016201
0.0016472
0.0016739
0.0017006
0.0017268
0.0017531
0.001779
0.0018048
0.0018302
0.0018556
0.0018806
0.0019055
0.00193
0.0019544
0.0019784
0.0020023
0.0020258
0.0020491
0.0020721
0.0020949
0.0021173
0.0021396
0.0021614
0.002183
0.0022042
0.0022253
0.0022459
0.0022662
0.0022862
0.0023059
0.0023252
0.0023442
0.0023628
0.0023811
0.002399
0.0024165
0.0024337
0.0024505
0.0024669
0.0024828
0.0024984
0.0025136
0.0025284
0.0025427
0.0025566
0.00257
0.0025831
0.0025956
0.0026077
0.0026193
0.0026305
0.0026412
0.0026514
0.002661
0.0026703
0.0026789
0.0026871
0.0026946
0.0027018
0.0027083
0.0027143
0.0027197
0.0027246
0.0027288
0.0027326
0.0027356
0.0027382
0.00274
0.0027413
0.0027419
0.002742
0.0027412
0.00274
0.0027379
0.0027354
0.0027319
0.002728
0.0027232
0.0027178
0.0027115
0.0027048
0.002697
0.0026887
0.0026794
0.0026696
0.0026588
0.0026474
0.002635
0.002622
0.0026079
0.0025933
0.0025775
0.0025612
0.0025437
0.0025257
0.0025064
0.0024866
0.0024655
0.0024438
0.002421
0.0023974
0.0023726
0.0023471
0.0023204
0.002293
0.0022643
0.0022348
0.0022041
0.0021726
0.0021398
0.0021062
0.0020712
0.0020355
0.0019984
0.0019604
0.0019211
0.0018808
0.0018393
0.0017967
0.0017528
0.0017079
0.0016617
0.0016144
0.0015657
0.001516
0.0014648
0.0014126
0.0013589
0.0013041
0.0012478
0.0011904
0.0011316
0.0010715
0.0010099
0.00094714
0.00088288
0.00081731
0.00075026
0.00068186
0.00061197
0.0005407
0.00046792
0.00039371
0.00031798
0.00024077
0.00016204
8.1794e-05
