-0.00074187
-0.00090404
-0.00097093
-0.0010044
-0.0010226
-0.0010331
-0.0010391
-0.0010425
-0.0010442
-0.001045
-0.0010451
-0.0010447
-0.0010441
-0.0010432
-0.0010422
-0.0010411
-0.00104
-0.0010387
-0.0010375
-0.0010362
-0.0010349
-0.0010336
-0.0010323
-0.001031
-0.0010297
-0.0010284
-0.0010271
-0.0010257
-0.0010244
-0.0010231
-0.0010217
-0.0010204
-0.0010191
-0.0010178
-0.0010164
-0.0010151
-0.0010138
-0.0010124
-0.0010111
-0.0010098
-0.0010084
-0.0010071
-0.0010058
-0.0010045
-0.0010031
-0.0010018
-0.0010005
-0.00099913
-0.0009978
-0.00099647
-0.00099513
-0.0009938
-0.00099247
-0.00099114
-0.00098981
-0.00098848
-0.00098715
-0.00098582
-0.00098449
-0.00098316
-0.00098183
-0.00098049
-0.00097916
-0.00097783
-0.0009765
-0.00097517
-0.00097384
-0.00097251
-0.00097118
-0.00096985
-0.00096852
-0.00096719
-0.00096585
-0.00096452
-0.00096319
-0.00096186
-0.00096053
-0.0009592
-0.00095787
-0.00095654
-0.00095521
-0.00095388
-0.00095255
-0.00095121
-0.00094988
-0.00094855
-0.00094722
-0.00094589
-0.00094456
-0.00094323
-0.0009419
-0.00094057
-0.00093924
-0.00093791
-0.00093657
-0.00093524
-0.00093391
-0.00093258
-0.00093125
-0.00092992
-0.00092859
-0.00092726
-0.00092593
-0.0009246
-0.00092327
-0.00092193
-0.0009206
-0.00091927
-0.00091794
-0.00091661
-0.00091528
-0.00091395
-0.00091262
-0.00091129
-0.00090996
-0.00090863
-0.00090729
-0.00090596
-0.00090463
-0.0009033
-0.00090197
-0.00090064
-0.00089931
-0.00089798
-0.00089665
-0.00089532
-0.00089399
-0.00089265
-0.00089132
-0.00088999
-0.00088866
-0.00088733
-0.000886
-0.00088467
-0.00088334
-0.00088201
-0.00088068
-0.00087935
-0.00087801
-0.00087668
-0.00087535
-0.00087402
-0.00087269
-0.00087136
-0.00087003
-0.0008687
-0.00086737
-0.00086604
-0.00086471
-0.00086337
-0.00086204
-0.00086071
-0.00085938
-0.00085805
-0.00085672
-0.00085539
-0.00085406
-0.00085273
-0.0008514
-0.00085007
-0.00084873
-0.0008474
-0.00084607
-0.00084474
-0.00084341
-0.00084208
-0.00084075
-0.00083942
-0.00083809
-0.00083676
-0.00083543
-0.00083409
-0.00083276
-0.00083143
-0.0008301
-0.00082877
-0.00082744
-0.00082611
-0.00082478
-0.00082345
-0.00082212
-0.00082079
-0.00081945
-0.00081812
-0.00081679
-0.00081546
-0.00081413
-0.0008128
-0.00081147
-0.00081014
-0.00080881
-0.00080748
-0.00080615
-0.00080481
-0.00080348
-0.00080215
-0.00080082
-0.00079949
-0.00079816
-0.00079683
-0.0007955
-0.00079417
-0.00079284
-0.00079151
-0.00079017
-0.00078884
-0.00078751
-0.00078618
-0.00078485
-0.00078352
-0.00078219
-0.00078086
-0.00077953
-0.0007782
-0.00077687
-0.00077553
-0.0007742
-0.00077287
-0.00077154
-0.00077021
-0.00076888
-0.00076755
-0.00076622
-0.00076489
-0.00076356
-0.00076223
-0.00076089
-0.00075956
-0.00075823
-0.0007569
-0.00075557
-0.00075424
-0.00075291
-0.00075158
-0.00075025
-0.00074892
-0.00074759
-0.00074625
-0.00074492
-0.00074359
-0.00074226
-0.00074093
-0.0007396
-0.00073827
-0.00073694
-0.00073561
-0.00073428
-0.00073294
-0.00073161
-0.00073028
-0.00072895
-0.00072762
-0.00072629
-0.00072496
-0.00072363
-0.0007223
-0.00072097
-0.00071964
-0.0007183
-0.00071697
-0.00071564
-0.00071431
-0.00071298
-0.00071165
-0.00071032
-0.00070899
-0.00070766
-0.00070633
-0.000705
-0.00070366
-0.00070233
-0.000701
-0.00069967
-0.00069834
-0.00069701
-0.00069568
-0.00069435
-0.00069302
-0.00069169
-0.00069036
-0.00068902
-0.00068769
-0.00068636
-0.00068503
-0.0006837
-0.00068237
-0.00068104
-0.00067971
-0.00067838
-0.00067705
-0.00067572
-0.00067438
-0.00067305
-0.00067172
-0.00067039
-0.00066906
-0.00066773
-0.0006664
-0.00066507
-0.00066374
-0.00066241
-0.00066108
-0.00065974
-0.00065841
-0.00065708
-0.00065575
-0.00065442
-0.00065309
-0.00065176
-0.00065043
-0.0006491
-0.00064777
-0.00064644
-0.0006451
-0.00064377
-0.00064244
-0.00064111
-0.00063978
-0.00063845
-0.00063712
-0.00063579
-0.00063446
-0.00063313
-0.0006318
-0.00063046
-0.00062913
-0.0006278
-0.00062647
-0.00062514
-0.00062381
-0.00062248
-0.00062115
-0.00061982
-0.00061849
-0.00061716
-0.00061582
-0.00061449
-0.00061316
-0.00061183
-0.0006105
-0.00060917
-0.00060784
-0.00060651
-0.00060518
-0.00060385
-0.00060252
-0.00060118
-0.00059985
-0.00059852
-0.00059719
-0.00059586
-0.00059453
-0.0005932
-0.00059187
-0.00059054
-0.00058921
-0.00058788
-0.00058654
-0.00058521
-0.00058388
-0.00058255
-0.00058122
-0.00057989
-0.00057856
-0.00057723
-0.0005759
-0.00057457
-0.00057324
-0.0005719
-0.00057057
-0.00056924
-0.00056791
-0.00056658
-0.00056525
-0.00056392
-0.00056259
-0.00056126
-0.00055993
-0.0005586
-0.00055726
-0.00055593
-0.0005546
-0.00055327
-0.00055194
-0.00055061
-0.00054928
-0.00054795
-0.00054662
-0.00054529
-0.00054396
-0.00054262
-0.00054129
-0.00053996
-0.00053863
-0.0005373
-0.00053597
-0.00053464
-0.00053331
-0.00053198
-0.00053065
-0.00052932
-0.00052798
-0.00052665
-0.00052532
-0.00052399
-0.00052266
-0.00052133
-0.00052
-0.00051867
-0.00051734
-0.00051601
-0.00051468
-0.00051334
-0.00051201
-0.00051068
-0.00050935
-0.00050802
-0.00050669
-0.00050536
-0.00050403
-0.0005027
-0.00050137
-0.00050004
-0.0004987
-0.00049737
-0.00049604
-0.00049471
-0.00049338
-0.00049205
-0.00049072
-0.00048939
-0.00048806
-0.00048673
-0.0004854
-0.00048406
-0.00048273
-0.0004814
-0.00048007
-0.00047874
-0.00047741
-0.00047608
-0.00047475
-0.00047342
-0.00047209
-0.00047076
-0.00046942
-0.00046809
-0.00046676
-0.00046543
-0.0004641
-0.00046277
-0.00046144
-0.00046011
-0.00045878
-0.00045745
-0.00045612
-0.00045478
-0.00045345
-0.00045212
-0.00045079
-0.00044946
-0.00044813
-0.0004468
-0.00044547
-0.00044414
-0.00044281
-0.00044148
-0.00044014
-0.00043881
-0.00043748
-0.00043615
-0.00043482
-0.00043349
-0.00043216
-0.00043083
-0.0004295
-0.00042817
-0.00042683
-0.0004255
-0.00042417
-0.00042284
-0.00042151
-0.00042018
-0.00041885
-0.00041752
-0.00041619
-0.00041486
-0.00041353
-0.00041219
-0.00041086
-0.00040953
-0.0004082
-0.00040687
-0.00040554
-0.00040421
-0.00040288
-0.00040155
-0.00040022
-0.00039889
-0.00039755
-0.00039622
-0.00039489
-0.00039356
-0.00039223
-0.0003909
-0.00038957
-0.00038824
-0.00038691
-0.00038558
-0.00038425
-0.00038291
-0.00038158
-0.00038025
-0.00037892
-0.00037759
-0.00037626
-0.00037493
-0.0003736
-0.00037227
-0.00037094
-0.00036961
-0.00036827
-0.00036694
-0.00036561
-0.00036428
-0.00036295
-0.00036162
-0.00036029
-0.00035896
-0.00035763
-0.0003563
-0.00035497
-0.00035363
-0.0003523
-0.00035097
-0.00034964
-0.00034831
-0.00034698
-0.00034565
-0.00034432
-0.00034299
-0.00034166
-0.00034033
-0.00033899
-0.00033766
-0.00033633
-0.000335
-0.00033367
-0.00033234
-0.00033101
-0.00032968
-0.00032835
-0.00032702
-0.00032569
-0.00032435
-0.00032302
-0.00032169
-0.00032036
-0.00031903
-0.0003177
-0.00031637
-0.00031504
-0.00031371
-0.00031238
-0.00031105
-0.00030971
-0.00030838
-0.00030705
-0.00030572
-0.00030439
-0.00030306
-0.00030173
-0.0003004
-0.00029907
-0.00029774
-0.00029641
-0.00029507
-0.00029374
-0.00029241
-0.00029108
-0.00028975
-0.00028842
-0.00028709
-0.00028576
-0.00028443
-0.0002831
-0.00028177
-0.00028043
-0.0002791
-0.00027777
-0.00027644
-0.00027511
-0.00027378
-0.00027245
-0.00027112
-0.00026979
-0.00026846
-0.00026713
-0.00026579
-0.00026446
-0.00026313
-0.0002618
-0.00026047
-0.00025914
-0.00025781
-0.00025648
-0.00025515
-0.00025382
-0.00025249
-0.00025115
-0.00024982
-0.00024849
-0.00024716
-0.00024583
-0.0002445
-0.00024317
-0.00024184
-0.00024051
-0.00023918
-0.00023785
-0.00023651
-0.00023518
-0.00023385
-0.00023252
-0.00023119
-0.00022986
-0.00022853
-0.0002272
-0.00022587
-0.00022454
-0.00022321
-0.00022187
-0.00022054
-0.00021921
-0.00021788
-0.00021655
-0.00021522
-0.00021389
-0.00021256
-0.00021123
-0.0002099
-0.00020857
-0.00020723
-0.0002059
-0.00020457
-0.00020324
-0.00020191
-0.00020058
-0.00019925
-0.00019792
-0.00019659
-0.00019526
-0.00019393
-0.00019259
-0.00019126
-0.00018993
-0.0001886
-0.00018727
-0.00018594
-0.00018461
-0.00018328
-0.00018195
-0.00018062
-0.00017929
-0.00017795
-0.00017662
-0.00017529
-0.00017396
-0.00017263
-0.0001713
-0.00016997
-0.00016864
-0.00016731
-0.00016598
-0.00016465
-0.00016331
-0.00016198
-0.00016065
-0.00015932
-0.00015799
-0.00015666
-0.00015533
-0.000154
-0.00015267
-0.00015134
-0.00015001
-0.00014867
-0.00014734
-0.00014601
-0.00014468
-0.00014335
-0.00014202
-0.00014069
-0.00013936
-0.00013803
-0.0001367
-0.00013537
-0.00013403
-0.0001327
-0.00013137
-0.00013004
-0.00012871
-0.00012738
-0.00012605
-0.00012472
-0.00012339
-0.00012206
-0.00012072
-0.00011939
-0.00011806
-0.00011673
-0.0001154
-0.00011407
-0.00011274
-0.00011141
-0.00011008
-0.00010875
-0.00010742
-0.00010608
-0.00010475
-0.00010342
-0.00010209
-0.00010076
-9.943e-05
-9.8099e-05
-9.6769e-05
-9.5438e-05
-9.4107e-05
-9.2776e-05
-9.1445e-05
-9.0114e-05
-8.8783e-05
-8.7452e-05
-8.6121e-05
-8.479e-05
-8.3459e-05
-8.2128e-05
-8.0798e-05
-7.9467e-05
-7.8136e-05
-7.6805e-05
-7.5474e-05
-7.4143e-05
-7.2812e-05
-7.1481e-05
-7.015e-05
-6.8819e-05
-6.7488e-05
-6.6158e-05
-6.4827e-05
-6.3496e-05
-6.2165e-05
-6.0834e-05
-5.9503e-05
-5.8172e-05
-5.6841e-05
-5.551e-05
-5.4179e-05
-5.2848e-05
-5.1517e-05
-5.0187e-05
-4.8856e-05
-4.7525e-05
-4.6194e-05
-4.4863e-05
-4.3532e-05
-4.2201e-05
-4.087e-05
-3.9539e-05
-3.8208e-05
-3.6877e-05
-3.5547e-05
-3.4216e-05
-3.2885e-05
-3.1554e-05
-3.0223e-05
-2.8892e-05
-2.7561e-05
-2.623e-05
-2.4899e-05
-2.3568e-05
-2.2237e-05
-2.0906e-05
-1.9576e-05
-1.8245e-05
-1.6914e-05
-1.5583e-05
-1.4252e-05
-1.2921e-05
-1.159e-05
-1.0259e-05
-8.9283e-06
-7.5974e-06
-6.2664e-06
-4.9355e-06
-3.6046e-06
-2.2737e-06
-9.4279e-07
3.8812e-07
1.719e-06
3.0499e-06
4.3809e-06
5.7118e-06
7.0427e-06
8.3736e-06
9.7045e-06
1.1035e-05
1.2366e-05
1.3697e-05
1.5028e-05
1.6359e-05
1.769e-05
1.9021e-05
2.0352e-05
2.1683e-05
2.3014e-05
2.4345e-05
2.5675e-05
2.7006e-05
2.8337e-05
2.9668e-05
3.0999e-05
3.233e-05
3.3661e-05
3.4992e-05
3.6323e-05
3.7654e-05
3.8985e-05
4.0316e-05
4.1646e-05
4.2977e-05
4.4308e-05
4.5639e-05
4.697e-05
4.8301e-05
4.9632e-05
5.0963e-05
5.2294e-05
5.3625e-05
5.4956e-05
5.6286e-05
5.7617e-05
5.8948e-05
6.0279e-05
6.161e-05
6.2941e-05
6.4272e-05
6.5603e-05
6.6934e-05
6.8265e-05
6.9596e-05
7.0927e-05
7.2257e-05
7.3588e-05
7.4919e-05
7.625e-05
7.7581e-05
7.8912e-05
8.0243e-05
8.1574e-05
8.2905e-05
8.4236e-05
8.5567e-05
8.6897e-05
8.8228e-05
8.9559e-05
9.089e-05
9.2221e-05
9.3552e-05
9.4883e-05
9.6214e-05
9.7545e-05
9.8876e-05
0.00010021
0.00010154
0.00010287
0.0001042
0.00010553
0.00010686
0.00010819
0.00010952
0.00011085
0.00011218
0.00011352
0.00011485
0.00011618
0.00011751
0.00011884
0.00012017
0.0001215
0.00012283
0.00012416
0.00012549
0.00012682
0.00012816
0.00012949
0.00013082
0.00013215
0.00013348
0.00013481
0.00013614
0.00013747
0.0001388
0.00014013
0.00014146
0.0001428
0.00014413
0.00014546
0.00014679
0.00014812
0.00014945
0.00015078
0.00015211
0.00015344
0.00015477
0.0001561
0.00015744
0.00015877
0.0001601
0.00016143
0.00016276
0.00016409
0.00016542
0.00016675
0.00016808
0.00016941
0.00017074
0.00017208
0.00017341
0.00017474
0.00017607
0.0001774
0.00017873
0.00018006
0.00018139
0.00018272
0.00018405
0.00018539
0.00018672
0.00018805
0.00018938
0.00019071
0.00019204
0.00019337
0.0001947
0.00019603
0.00019736
0.00019869
0.00020003
0.00020136
0.00020269
0.00020402
0.00020535
0.00020668
0.00020801
0.00020934
0.00021067
0.000212
0.00021333
0.00021467
0.000216
0.00021733
0.00021866
0.00021999
0.00022132
0.00022265
0.00022398
0.00022531
0.00022664
0.00022797
0.00022931
0.00023064
0.00023197
0.0002333
0.00023463
0.00023596
0.00023729
0.00023862
0.00023995
0.00024128
0.00024261
0.00024395
0.00024528
0.00024661
0.00024794
0.00024927
0.0002506
0.00025193
0.00025326
0.00025459
0.00025592
0.00025725
0.00025859
0.00025992
0.00026125
0.00026258
0.00026391
0.00026524
0.00026657
0.0002679
0.00026923
0.00027056
0.00027189
0.00027323
0.00027456
0.00027589
0.00027722
0.00027855
0.00027988
0.00028121
0.00028254
0.00028387
0.0002852
0.00028653
0.00028787
0.0002892
0.00029053
0.00029186
0.00029319
0.00029452
0.00029585
0.00029718
0.00029851
0.00029984
0.00030117
0.00030251
0.00030384
0.00030517
0.0003065
0.00030783
0.00030916
0.00031049
0.00031182
0.00031315
0.00031448
0.00031581
0.00031715
0.00031848
0.00031981
0.00032114
0.00032247
0.0003238
0.00032513
0.00032646
0.00032779
0.00032912
0.00033045
0.00033179
0.00033312
0.00033445
0.00033578
0.00033711
0.00033844
0.00033977
0.0003411
0.00034243
0.00034376
0.00034509
0.00034643
0.00034776
0.00034909
0.00035042
0.00035175
0.00035308
0.00035441
0.00035574
0.00035707
0.0003584
0.00035973
0.00036107
0.0003624
0.00036373
0.00036506
0.00036639
0.00036772
0.00036905
0.00037038
0.00037171
0.00037304
0.00037437
0.00037571
0.00037704
0.00037837
0.0003797
0.00038103
0.00038236
0.00038369
0.00038502
0.00038635
0.00038768
0.00038901
0.00039035
0.00039168
0.00039301
0.00039434
0.00039567
0.000397
0.00039833
0.00039966
0.00040099
0.00040232
0.00040365
0.00040499
0.00040632
0.00040765
0.00040898
0.00041031
0.00041164
0.00041297
0.0004143
0.00041563
0.00041696
0.00041829
0.00041963
0.00042096
0.00042229
0.00042362
0.00042495
0.00042628
0.00042761
0.00042894
0.00043027
0.0004316
0.00043293
0.00043427
0.0004356
0.00043693
0.00043826
0.00043959
0.00044092
0.00044225
0.00044358
0.00044491
0.00044624
0.00044757
0.00044891
0.00045024
0.00045157
0.0004529
0.00045423
0.00045556
0.00045689
0.00045822
0.00045955
0.00046088
0.00046221
0.00046355
0.00046488
0.00046621
0.00046754
0.00046887
0.0004702
0.00047153
0.00047286
0.00047419
0.00047552
0.00047685
0.00047819
0.00047952
0.00048085
0.00048218
0.00048351
0.00048484
0.00048617
0.0004875
0.00048883
0.00049016
0.00049149
0.00049282
0.00049416
0.00049549
0.00049682
0.00049815
0.00049948
0.00050081
0.00050214
0.00050347
0.0005048
0.00050613
0.00050746
0.0005088
0.00051013
0.00051146
0.00051279
0.00051412
0.00051545
0.00051678
0.00051811
0.00051944
0.00052077
0.0005221
0.00052343
0.00052476
0.00052609
0.00052743
0.00052876
0.00053009
0.00053142
0.00053275
0.00053408
0.00053541
0.00053674
0.00053807
0.0005394
0.00054073
0.00054206
0.00054339
0.00054472
0.00054605
0.00054738
0.00054872
0.00055005
0.00055138
0.00055271
0.00055404
0.00055537
0.0005567
0.00055803
0.00055936
0.00056069
0.00056202
0.00056335
0.00056468
0.00056601
0.00056734
0.00056867
0.00057
0.00057133
0.00057266
0.00057399
0.00057532
0.00057665
0.00057798
0.00057931
0.00058064
0.00058197
0.00058329
0.00058462
0.00058595
0.00058728
0.00058861
0.00058994
0.00059127
0.0005926
0.00059393
0.00059526
0.00059658
0.00059791
0.00059924
0.00060057
0.0006019
0.00060323
0.00060455
0.00060588
0.00060721
0.00060854
0.00060986
0.00061119
0.00061252
0.00061384
0.00061517
0.0006165
0.00061782
0.00061915
0.00062048
0.0006218
0.00062313
0.00062445
0.00062578
0.0006271
0.00062843
0.00062975
0.00063107
0.0006324
0.00063372
0.00063504
0.00063637
0.00063769
0.00063901
0.00064033
0.00064165
0.00064297
0.0006443
0.00064562
0.00064694
0.00064825
0.00064957
0.00065089
0.00065221
0.00065353
0.00065484
0.00065616
0.00065748
0.00065879
0.00066011
0.00066142
0.00066273
0.00066405
0.00066536
0.00066667
0.00066798
0.00066929
0.0006706
0.00067191
0.00067321
0.00067452
0.00067583
0.00067713
0.00067843
0.00067974
0.00068104
0.00068234
0.00068364
0.00068494
0.00068623
0.00068753
0.00068883
0.00069012
0.00069141
0.0006927
0.00069399
0.00069528
0.00069657
0.00069785
0.00069914
0.00070042
0.0007017
0.00070298
0.00070425
0.00070553
0.0007068
0.00070807
0.00070934
0.00071061
0.00071188
0.00071314
0.0007144
0.00071566
0.00071691
0.00071817
0.00071942
0.00072067
0.00072191
0.00072316
0.0007244
0.00072563
0.00072687
0.0007281
0.00072933
0.00073055
0.00073177
0.00073299
0.00073421
0.00073542
0.00073663
0.00073783
0.00073903
0.00074023
0.00074142
0.0007426
0.00074379
0.00074497
0.00074614
0.00074731
0.00074848
0.00074964
0.00075079
0.00075194
0.00075308
0.00075422
0.00075536
0.00075648
0.0007576
0.00075872
0.00075983
0.00076093
0.00076203
0.00076312
0.0007642
0.00076528
0.00076635
0.00076741
0.00076846
0.00076951
0.00077055
0.00077158
0.0007726
0.00077362
0.00077462
0.00077562
0.0007766
0.00077758
0.00077855
0.00077951
0.00078046
0.0007814
0.00078233
0.00078324
0.00078415
0.00078505
0.00078593
0.0007868
0.00078767
0.00078852
0.00078935
0.00079018
0.00079099
0.00079179
0.00079257
0.00079334
0.0007941
0.00079484
0.00079557
0.00079628
0.00079698
0.00079766
0.00079833
0.00079898
0.00079961
0.00080023
0.00080082
0.00080141
0.00080197
0.00080252
0.00080304
0.00080355
0.00080404
0.00080451
0.00080495
0.00080538
0.00080579
0.00080617
0.00080654
0.00080688
0.0008072
0.00080749
0.00080776
0.00080801
0.00080824
0.00080843
0.00080861
0.00080876
0.00080888
0.00080897
0.00080904
0.00080908
0.00080909
0.00080907
0.00080903
0.00080895
0.00080885
0.00080871
0.00080854
0.00080834
0.00080811
0.00080784
0.00080755
0.00080721
0.00080685
0.00080644
0.00080601
0.00080553
0.00080502
0.00080447
0.00080388
0.00080326
0.00080259
0.00080188
0.00080114
0.00080035
0.00079952
0.00079865
0.00079773
0.00079677
0.00079577
0.00079472
0.00079362
0.00079248
0.00079128
0.00079005
0.00078876
0.00078742
0.00078603
0.00078459
0.0007831
0.00078156
0.00077996
0.00077831
0.0007766
0.00077483
0.00077301
0.00077114
0.0007692
0.00076721
0.00076515
0.00076304
0.00076086
0.00075862
0.00075632
0.00075395
0.00075152
0.00074902
0.00074645
0.00074382
0.00074112
0.00073835
0.00073551
0.00073259
0.00072961
0.00072655
0.00072342
0.00072021
0.00071693
0.00071357
0.00071013
0.00070661
0.00070301
0.00069933
0.00069557
0.00069173
0.0006878
0.00068379
0.00067969
0.0006755
0.00067123
0.00066687
0.00066241
0.00065787
0.00065323
0.0006485
0.00064368
0.00063876
0.00063374
0.00062862
0.00062341
0.0006181
0.00061268
0.00060716
0.00060154
0.00059582
0.00058999
0.00058405
0.000578
0.00057185
0.00056558
0.00055921
0.00055272
0.00054612
0.0005394
0.00053256
0.00052561
0.00051854
0.00051135
0.00050404
0.00049661
0.00048905
0.00048137
0.00047356
0.00046562
0.00045756
0.00044936
0.00044104
0.00043258
0.000424
0.00041526
0.00040641
0.0003974
0.00038827
0.00037899
0.00036957
0.00036001
0.00035029
0.00034046
0.00033043
0.00032032
0.00030997
0.0002996
0.00028891
0.00027827
0.00026722
0.00025632
0.0002449
0.00023376
0.00022194
0.00021056
0.00019833
0.0001867
0.00017407
0.00016217
0.00014914
0.00013696
0.00012355
0.00011104
9.7299e-05
8.4394e-05
7.0369e-05
5.701e-05
4.2753e-05
2.8879e-05
1.4432e-05
