-7.4784e-06
-1.4864e-05
-2.2146e-05
-2.9343e-05
-3.6432e-05
-4.3444e-05
-5.0342e-05
-5.7172e-05
-6.3883e-05
-7.0534e-05
-7.7061e-05
-8.3535e-05
-8.988e-05
-9.6181e-05
-0.00010235
-0.00010848
-0.00011447
-0.00012043
-0.00012625
-0.00013205
-0.0001377
-0.00014333
-0.00014882
-0.00015429
-0.00015961
-0.00016493
-0.00017009
-0.00017526
-0.00018026
-0.00018527
-0.00019012
-0.00019498
-0.00019968
-0.0002044
-0.00020895
-0.00021352
-0.00021793
-0.00022236
-0.00022662
-0.00023092
-0.00023504
-0.0002392
-0.00024319
-0.00024721
-0.00025106
-0.00025496
-0.00025868
-0.00026245
-0.00026604
-0.00026968
-0.00027315
-0.00027667
-0.00028002
-0.00028341
-0.00028664
-0.00028992
-0.00029303
-0.00029619
-0.0002992
-0.00030224
-0.00030513
-0.00030806
-0.00031085
-0.00031367
-0.00031635
-0.00031906
-0.00032164
-0.00032425
-0.00032673
-0.00032923
-0.00033161
-0.00033401
-0.0003363
-0.0003386
-0.0003408
-0.000343
-0.00034511
-0.00034722
-0.00034925
-0.00035126
-0.0003532
-0.00035512
-0.00035698
-0.00035882
-0.00036059
-0.00036234
-0.00036404
-0.00036571
-0.00036733
-0.00036891
-0.00037047
-0.00037197
-0.00037345
-0.00037487
-0.00037628
-0.00037763
-0.00037897
-0.00038024
-0.00038152
-0.00038272
-0.00038394
-0.00038506
-0.00038622
-0.00038728
-0.00038837
-0.00038936
-0.0003904
-0.00039133
-0.00039231
-0.00039317
-0.0003941
-0.0003949
-0.00039578
-0.00039652
-0.00039734
-0.00039802
-0.0003988
-0.00039943
-0.00040015
-0.00040072
-0.0004014
-0.00040192
-0.00040255
-0.00040303
-0.00040361
-0.00040404
-0.00040458
-0.00040496
-0.00040545
-0.00040579
-0.00040624
-0.00040653
-0.00040695
-0.0004072
-0.00040757
-0.00040778
-0.00040812
-0.00040829
-0.00040859
-0.00040872
-0.00040899
-0.00040909
-0.00040932
-0.00040938
-0.00040957
-0.00040961
-0.00040977
-0.00040977
-0.00040989
-0.00040987
-0.00040996
-0.00040991
-0.00040997
-0.00040989
-0.00040992
-0.00040981
-0.00040981
-0.00040968
-0.00040966
-0.0004095
-0.00040945
-0.00040927
-0.00040919
-0.00040899
-0.00040888
-0.00040866
-0.00040853
-0.00040829
-0.00040813
-0.00040787
-0.00040769
-0.00040742
-0.00040721
-0.00040692
-0.00040669
-0.00040639
-0.00040614
-0.00040582
-0.00040555
-0.00040521
-0.00040492
-0.00040457
-0.00040426
-0.00040389
-0.00040356
-0.00040319
-0.00040284
-0.00040245
-0.00040209
-0.00040169
-0.00040131
-0.0004009
-0.0004005
-0.00040008
-0.00039967
-0.00039923
-0.00039881
-0.00039836
-0.00039792
-0.00039747
-0.00039702
-0.00039656
-0.00039609
-0.00039562
-0.00039514
-0.00039466
-0.00039418
-0.00039369
-0.00039319
-0.00039269
-0.00039218
-0.00039168
-0.00039116
-0.00039065
-0.00039012
-0.0003896
-0.00038907
-0.00038854
-0.000388
-0.00038746
-0.00038691
-0.00038637
-0.00038581
-0.00038527
-0.0003847
-0.00038415
-0.00038358
-0.00038302
-0.00038244
-0.00038188
-0.0003813
-0.00038072
-0.00038014
-0.00037956
-0.00037897
-0.00037839
-0.00037779
-0.0003772
-0.0003766
-0.00037601
-0.00037541
-0.00037481
-0.0003742
-0.0003736
-0.00037299
-0.00037238
-0.00037177
-0.00037116
-0.00037054
-0.00036993
-0.00036931
-0.00036869
-0.00036806
-0.00036744
-0.00036682
-0.00036619
-0.00036556
-0.00036494
-0.0003643
-0.00036367
-0.00036304
-0.00036241
-0.00036177
-0.00036113
-0.0003605
-0.00035986
-0.00035922
-0.00035858
-0.00035793
-0.00035729
-0.00035665
-0.000356
-0.00035536
-0.00035471
-0.00035406
-0.00035341
-0.00035276
-0.00035211
-0.00035146
-0.00035081
-0.00035016
-0.00034951
-0.00034885
-0.0003482
-0.00034754
-0.00034689
-0.00034623
-0.00034557
-0.00034492
-0.00034426
-0.0003436
-0.00034294
-0.00034228
-0.00034162
-0.00034096
-0.0003403
-0.00033964
-0.00033897
-0.00033831
-0.00033765
-0.00033699
-0.00033632
-0.00033566
-0.00033499
-0.00033433
-0.00033366
-0.000333
-0.00033233
-0.00033167
-0.000331
-0.00033033
-0.00032967
-0.000329
-0.00032833
-0.00032766
-0.00032699
-0.00032633
-0.00032566
-0.00032499
-0.00032432
-0.00032365
-0.00032298
-0.00032231
-0.00032164
-0.00032097
-0.0003203
-0.00031963
-0.00031896
-0.00031829
-0.00031762
-0.00031695
-0.00031628
-0.00031561
-0.00031493
-0.00031426
-0.00031359
-0.00031292
-0.00031225
-0.00031157
-0.0003109
-0.00031023
-0.00030956
-0.00030888
-0.00030821
-0.00030754
-0.00030687
-0.00030619
-0.00030552
-0.00030485
-0.00030417
-0.0003035
-0.00030283
-0.00030215
-0.00030148
-0.00030081
-0.00030013
-0.00029946
-0.00029879
-0.00029811
-0.00029744
-0.00029676
-0.00029609
-0.00029542
-0.00029474
-0.00029407
-0.00029339
-0.00029272
-0.00029205
-0.00029137
-0.0002907
-0.00029002
-0.00028935
-0.00028867
-0.000288
-0.00028733
-0.00028665
-0.00028598
-0.0002853
-0.00028463
-0.00028395
-0.00028328
-0.0002826
-0.00028193
-0.00028125
-0.00028058
-0.0002799
-0.00027923
-0.00027855
-0.00027788
-0.0002772
-0.00027653
-0.00027585
-0.00027518
-0.0002745
-0.00027383
-0.00027315
-0.00027248
-0.0002718
-0.00027113
-0.00027045
-0.00026978
-0.0002691
-0.00026843
-0.00026775
-0.00026708
-0.0002664
-0.00026573
-0.00026505
-0.00026438
-0.0002637
-0.00026303
-0.00026235
-0.00026168
-0.000261
-0.00026033
-0.00025965
-0.00025898
-0.0002583
-0.00025763
-0.00025695
-0.00025628
-0.0002556
-0.00025493
-0.00025425
-0.00025358
-0.0002529
-0.00025223
-0.00025155
-0.00025088
-0.0002502
-0.00024952
-0.00024885
-0.00024817
-0.0002475
-0.00024682
-0.00024615
-0.00024547
-0.0002448
-0.00024412
-0.00024345
-0.00024277
-0.0002421
-0.00024142
-0.00024075
-0.00024007
-0.0002394
-0.00023872
-0.00023805
-0.00023737
-0.0002367
-0.00023602
-0.00023534
-0.00023467
-0.00023399
-0.00023332
-0.00023264
-0.00023197
-0.00023129
-0.00023062
-0.00022994
-0.00022927
-0.00022859
-0.00022792
-0.00022724
-0.00022657
-0.00022589
-0.00022522
-0.00022454
-0.00022386
-0.00022319
-0.00022251
-0.00022184
-0.00022116
-0.00022049
-0.00021981
-0.00021914
-0.00021846
-0.00021779
-0.00021711
-0.00021644
-0.00021576
-0.00021509
-0.00021441
-0.00021374
-0.00021306
-0.00021238
-0.00021171
-0.00021103
-0.00021036
-0.00020968
-0.00020901
-0.00020833
-0.00020766
-0.00020698
-0.00020631
-0.00020563
-0.00020496
-0.00020428
-0.00020361
-0.00020293
-0.00020225
-0.00020158
-0.0002009
-0.00020023
-0.00019955
-0.00019888
-0.0001982
-0.00019753
-0.00019685
-0.00019618
-0.0001955
-0.00019483
-0.00019415
-0.00019348
-0.0001928
-0.00019213
-0.00019145
-0.00019077
-0.0001901
-0.00018942
-0.00018875
-0.00018807
-0.0001874
-0.00018672
-0.00018605
-0.00018537
-0.0001847
-0.00018402
-0.00018335
-0.00018267
-0.000182
-0.00018132
-0.00018065
-0.00017997
-0.00017929
-0.00017862
-0.00017794
-0.00017727
-0.00017659
-0.00017592
-0.00017524
-0.00017457
-0.00017389
-0.00017322
-0.00017254
-0.00017187
-0.00017119
-0.00017052
-0.00016984
-0.00016916
-0.00016849
-0.00016781
-0.00016714
-0.00016646
-0.00016579
-0.00016511
-0.00016444
-0.00016376
-0.00016309
-0.00016241
-0.00016174
-0.00016106
-0.00016039
-0.00015971
-0.00015904
-0.00015836
-0.00015768
-0.00015701
-0.00015633
-0.00015566
-0.00015498
-0.00015431
-0.00015363
-0.00015296
-0.00015228
-0.00015161
-0.00015093
-0.00015026
-0.00014958
-0.00014891
-0.00014823
-0.00014755
-0.00014688
-0.0001462
-0.00014553
-0.00014485
-0.00014418
-0.0001435
-0.00014283
-0.00014215
-0.00014148
-0.0001408
-0.00014013
-0.00013945
-0.00013878
-0.0001381
-0.00013743
-0.00013675
-0.00013607
-0.0001354
-0.00013472
-0.00013405
-0.00013337
-0.0001327
-0.00013202
-0.00013135
-0.00013067
-0.00013
-0.00012932
-0.00012865
-0.00012797
-0.0001273
-0.00012662
-0.00012595
-0.00012527
-0.00012459
-0.00012392
-0.00012324
-0.00012257
-0.00012189
-0.00012122
-0.00012054
-0.00011987
-0.00011919
-0.00011852
-0.00011784
-0.00011717
-0.00011649
-0.00011582
-0.00011514
-0.00011446
-0.00011379
-0.00011311
-0.00011244
-0.00011176
-0.00011109
-0.00011041
-0.00010974
-0.00010906
-0.00010839
-0.00010771
-0.00010704
-0.00010636
-0.00010569
-0.00010501
-0.00010434
-0.00010366
-0.00010298
-0.00010231
-0.00010163
-0.00010096
-0.00010028
-9.9608e-05
-9.8933e-05
-9.8257e-05
-9.7582e-05
-9.6907e-05
-9.6231e-05
-9.5556e-05
-9.4881e-05
-9.4206e-05
-9.353e-05
-9.2855e-05
-9.218e-05
-9.1504e-05
-9.0829e-05
-9.0154e-05
-8.9478e-05
-8.8803e-05
-8.8128e-05
-8.7452e-05
-8.6777e-05
-8.6102e-05
-8.5427e-05
-8.4751e-05
-8.4076e-05
-8.3401e-05
-8.2725e-05
-8.205e-05
-8.1375e-05
-8.0699e-05
-8.0024e-05
-7.9349e-05
-7.8673e-05
-7.7998e-05
-7.7323e-05
-7.6648e-05
-7.5972e-05
-7.5297e-05
-7.4622e-05
-7.3946e-05
-7.3271e-05
-7.2596e-05
-7.192e-05
-7.1245e-05
-7.057e-05
-6.9894e-05
-6.9219e-05
-6.8544e-05
-6.7869e-05
-6.7193e-05
-6.6518e-05
-6.5843e-05
-6.5167e-05
-6.4492e-05
-6.3817e-05
-6.3141e-05
-6.2466e-05
-6.1791e-05
-6.1115e-05
-6.044e-05
-5.9765e-05
-5.909e-05
-5.8414e-05
-5.7739e-05
-5.7064e-05
-5.6388e-05
-5.5713e-05
-5.5038e-05
-5.4362e-05
-5.3687e-05
-5.3012e-05
-5.2336e-05
-5.1661e-05
-5.0986e-05
-5.031e-05
-4.9635e-05
-4.896e-05
-4.8285e-05
-4.7609e-05
-4.6934e-05
-4.6259e-05
-4.5583e-05
-4.4908e-05
-4.4233e-05
-4.3557e-05
-4.2882e-05
-4.2207e-05
-4.1531e-05
-4.0856e-05
-4.0181e-05
-3.9506e-05
-3.883e-05
-3.8155e-05
-3.748e-05
-3.6804e-05
-3.6129e-05
-3.5454e-05
-3.4778e-05
-3.4103e-05
-3.3428e-05
-3.2752e-05
-3.2077e-05
-3.1402e-05
-3.0727e-05
-3.0051e-05
-2.9376e-05
-2.8701e-05
-2.8025e-05
-2.735e-05
-2.6675e-05
-2.5999e-05
-2.5324e-05
-2.4649e-05
-2.3973e-05
-2.3298e-05
-2.2623e-05
-2.1948e-05
-2.1272e-05
-2.0597e-05
-1.9922e-05
-1.9246e-05
-1.8571e-05
-1.7896e-05
-1.722e-05
-1.6545e-05
-1.587e-05
-1.5194e-05
-1.4519e-05
-1.3844e-05
-1.3169e-05
-1.2493e-05
-1.1818e-05
-1.1143e-05
-1.0467e-05
-9.792e-06
-9.1167e-06
-8.4414e-06
-7.766e-06
-7.0907e-06
-6.4154e-06
-5.7401e-06
-5.0648e-06
-4.3895e-06
-3.7142e-06
-3.0389e-06
-2.3636e-06
-1.6883e-06
-1.013e-06
-3.3765e-07
3.3765e-07
1.013e-06
1.6883e-06
2.3636e-06
3.0389e-06
3.7142e-06
4.3895e-06
5.0648e-06
5.7401e-06
6.4154e-06
7.0907e-06
7.766e-06
8.4414e-06
9.1167e-06
9.792e-06
1.0467e-05
1.1143e-05
1.1818e-05
1.2493e-05
1.3169e-05
1.3844e-05
1.4519e-05
1.5194e-05
1.587e-05
1.6545e-05
1.722e-05
1.7896e-05
1.8571e-05
1.9246e-05
1.9922e-05
2.0597e-05
2.1272e-05
2.1948e-05
2.2623e-05
2.3298e-05
2.3973e-05
2.4649e-05
2.5324e-05
2.5999e-05
2.6675e-05
2.735e-05
2.8025e-05
2.8701e-05
2.9376e-05
3.0051e-05
3.0727e-05
3.1402e-05
3.2077e-05
3.2752e-05
3.3428e-05
3.4103e-05
3.4778e-05
3.5454e-05
3.6129e-05
3.6804e-05
3.748e-05
3.8155e-05
3.883e-05
3.9506e-05
4.0181e-05
4.0856e-05
4.1531e-05
4.2207e-05
4.2882e-05
4.3557e-05
4.4233e-05
4.4908e-05
4.5583e-05
4.6259e-05
4.6934e-05
4.7609e-05
4.8285e-05
4.896e-05
4.9635e-05
5.031e-05
5.0986e-05
5.1661e-05
5.2336e-05
5.3012e-05
5.3687e-05
5.4362e-05
5.5038e-05
5.5713e-05
5.6388e-05
5.7064e-05
5.7739e-05
5.8414e-05
5.909e-05
5.9765e-05
6.044e-05
6.1115e-05
6.1791e-05
6.2466e-05
6.3141e-05
6.3817e-05
6.4492e-05
6.5167e-05
6.5843e-05
6.6518e-05
6.7193e-05
6.7869e-05
6.8544e-05
6.9219e-05
6.9894e-05
7.057e-05
7.1245e-05
7.192e-05
7.2596e-05
7.3271e-05
7.3946e-05
7.4622e-05
7.5297e-05
7.5972e-05
7.6648e-05
7.7323e-05
7.7998e-05
7.8673e-05
7.9349e-05
8.0024e-05
8.0699e-05
8.1375e-05
8.205e-05
8.2725e-05
8.3401e-05
8.4076e-05
8.4751e-05
8.5427e-05
8.6102e-05
8.6777e-05
8.7452e-05
8.8128e-05
8.8803e-05
8.9478e-05
9.0154e-05
9.0829e-05
9.1504e-05
9.218e-05
9.2855e-05
9.353e-05
9.4206e-05
9.4881e-05
9.5556e-05
9.6231e-05
9.6907e-05
9.7582e-05
9.8257e-05
9.8933e-05
9.9608e-05
0.00010028
0.00010096
0.00010163
0.00010231
0.00010298
0.00010366
0.00010434
0.00010501
0.00010569
0.00010636
0.00010704
0.00010771
0.00010839
0.00010906
0.00010974
0.00011041
0.00011109
0.00011176
0.00011244
0.00011311
0.00011379
0.00011446
0.00011514
0.00011582
0.00011649
0.00011717
0.00011784
0.00011852
0.00011919
0.00011987
0.00012054
0.00012122
0.00012189
0.00012257
0.00012324
0.00012392
0.00012459
0.00012527
0.00012595
0.00012662
0.0001273
0.00012797
0.00012865
0.00012932
0.00013
0.00013067
0.00013135
0.00013202
0.0001327
0.00013337
0.00013405
0.00013472
0.0001354
0.00013607
0.00013675
0.00013743
0.0001381
0.00013878
0.00013945
0.00014013
0.0001408
0.00014148
0.00014215
0.00014283
0.0001435
0.00014418
0.00014485
0.00014553
0.0001462
0.00014688
0.00014755
0.00014823
0.00014891
0.00014958
0.00015026
0.00015093
0.00015161
0.00015228
0.00015296
0.00015363
0.00015431
0.00015498
0.00015566
0.00015633
0.00015701
0.00015768
0.00015836
0.00015904
0.00015971
0.00016039
0.00016106
0.00016174
0.00016241
0.00016309
0.00016376
0.00016444
0.00016511
0.00016579
0.00016646
0.00016714
0.00016781
0.00016849
0.00016916
0.00016984
0.00017052
0.00017119
0.00017187
0.00017254
0.00017322
0.00017389
0.00017457
0.00017524
0.00017592
0.00017659
0.00017727
0.00017794
0.00017862
0.00017929
0.00017997
0.00018065
0.00018132
0.000182
0.00018267
0.00018335
0.00018402
0.0001847
0.00018537
0.00018605
0.00018672
0.0001874
0.00018807
0.00018875
0.00018942
0.0001901
0.00019077
0.00019145
0.00019213
0.0001928
0.00019348
0.00019415
0.00019483
0.0001955
0.00019618
0.00019685
0.00019753
0.0001982
0.00019888
0.00019955
0.00020023
0.0002009
0.00020158
0.00020225
0.00020293
0.00020361
0.00020428
0.00020496
0.00020563
0.00020631
0.00020698
0.00020766
0.00020833
0.00020901
0.00020968
0.00021036
0.00021103
0.00021171
0.00021238
0.00021306
0.00021374
0.00021441
0.00021509
0.00021576
0.00021644
0.00021711
0.00021779
0.00021846
0.00021914
0.00021981
0.00022049
0.00022116
0.00022184
0.00022251
0.00022319
0.00022386
0.00022454
0.00022522
0.00022589
0.00022657
0.00022724
0.00022792
0.00022859
0.00022927
0.00022994
0.00023062
0.00023129
0.00023197
0.00023264
0.00023332
0.00023399
0.00023467
0.00023534
0.00023602
0.0002367
0.00023737
0.00023805
0.00023872
0.0002394
0.00024007
0.00024075
0.00024142
0.0002421
0.00024277
0.00024345
0.00024412
0.0002448
0.00024547
0.00024615
0.00024682
0.0002475
0.00024817
0.00024885
0.00024952
0.0002502
0.00025088
0.00025155
0.00025223
0.0002529
0.00025358
0.00025425
0.00025493
0.0002556
0.00025628
0.00025695
0.00025763
0.0002583
0.00025898
0.00025965
0.00026033
0.000261
0.00026168
0.00026235
0.00026303
0.0002637
0.00026438
0.00026505
0.00026573
0.0002664
0.00026708
0.00026775
0.00026843
0.0002691
0.00026978
0.00027045
0.00027113
0.0002718
0.00027248
0.00027315
0.00027383
0.0002745
0.00027518
0.00027585
0.00027653
0.0002772
0.00027788
0.00027855
0.00027923
0.0002799
0.00028058
0.00028125
0.00028193
0.0002826
0.00028328
0.00028395
0.00028463
0.0002853
0.00028598
0.00028665
0.00028733
0.000288
0.00028867
0.00028935
0.00029002
0.0002907
0.00029137
0.00029205
0.00029272
0.00029339
0.00029407
0.00029474
0.00029542
0.00029609
0.00029676
0.00029744
0.00029811
0.00029879
0.00029946
0.00030013
0.00030081
0.00030148
0.00030215
0.00030283
0.0003035
0.00030417
0.00030485
0.00030552
0.00030619
0.00030687
0.00030754
0.00030821
0.00030888
0.00030956
0.00031023
0.0003109
0.00031157
0.00031225
0.00031292
0.00031359
0.00031426
0.00031493
0.00031561
0.00031628
0.00031695
0.00031762
0.00031829
0.00031896
0.00031963
0.0003203
0.00032097
0.00032164
0.00032231
0.00032298
0.00032365
0.00032432
0.00032499
0.00032566
0.00032633
0.00032699
0.00032766
0.00032833
0.000329
0.00032967
0.00033033
0.000331
0.00033167
0.00033233
0.000333
0.00033366
0.00033433
0.00033499
0.00033566
0.00033632
0.00033699
0.00033765
0.00033831
0.00033897
0.00033964
0.0003403
0.00034096
0.00034162
0.00034228
0.00034294
0.0003436
0.00034426
0.00034492
0.00034557
0.00034623
0.00034689
0.00034754
0.0003482
0.00034885
0.00034951
0.00035016
0.00035081
0.00035146
0.00035211
0.00035276
0.00035341
0.00035406
0.00035471
0.00035536
0.000356
0.00035665
0.00035729
0.00035793
0.00035858
0.00035922
0.00035986
0.0003605
0.00036113
0.00036177
0.00036241
0.00036304
0.00036367
0.0003643
0.00036494
0.00036556
0.00036619
0.00036682
0.00036744
0.00036806
0.00036869
0.00036931
0.00036993
0.00037054
0.00037116
0.00037177
0.00037238
0.00037299
0.0003736
0.0003742
0.00037481
0.00037541
0.00037601
0.0003766
0.0003772
0.00037779
0.00037839
0.00037897
0.00037956
0.00038014
0.00038072
0.0003813
0.00038188
0.00038244
0.00038302
0.00038358
0.00038415
0.0003847
0.00038527
0.00038581
0.00038637
0.00038691
0.00038746
0.000388
0.00038854
0.00038907
0.0003896
0.00039012
0.00039065
0.00039116
0.00039168
0.00039218
0.00039269
0.00039319
0.00039369
0.00039418
0.00039466
0.00039514
0.00039562
0.00039609
0.00039656
0.00039702
0.00039747
0.00039792
0.00039836
0.00039881
0.00039923
0.00039967
0.00040008
0.0004005
0.0004009
0.00040131
0.00040169
0.00040209
0.00040245
0.00040284
0.00040319
0.00040356
0.00040389
0.00040426
0.00040457
0.00040492
0.00040521
0.00040555
0.00040582
0.00040614
0.00040639
0.00040669
0.00040692
0.00040721
0.00040742
0.00040769
0.00040787
0.00040813
0.00040829
0.00040853
0.00040866
0.00040888
0.00040899
0.00040919
0.00040927
0.00040945
0.0004095
0.00040966
0.00040968
0.00040981
0.00040981
0.00040992
0.00040989
0.00040997
0.00040991
0.00040996
0.00040987
0.00040989
0.00040977
0.00040977
0.00040961
0.00040957
0.00040938
0.00040932
0.00040909
0.00040899
0.00040872
0.00040859
0.00040829
0.00040812
0.00040778
0.00040757
0.0004072
0.00040695
0.00040653
0.00040624
0.00040579
0.00040545
0.00040496
0.00040458
0.00040404
0.00040361
0.00040303
0.00040255
0.00040192
0.0004014
0.00040072
0.00040015
0.00039943
0.0003988
0.00039802
0.00039734
0.00039652
0.00039578
0.0003949
0.0003941
0.00039317
0.00039231
0.00039133
0.0003904
0.00038936
0.00038837
0.00038728
0.00038622
0.00038506
0.00038394
0.00038272
0.00038152
0.00038024
0.00037897
0.00037763
0.00037628
0.00037487
0.00037345
0.00037197
0.00037047
0.00036891
0.00036733
0.00036571
0.00036404
0.00036234
0.00036059
0.00035882
0.00035698
0.00035512
0.0003532
0.00035126
0.00034925
0.00034722
0.00034511
0.000343
0.0003408
0.0003386
0.0003363
0.00033401
0.00033161
0.00032923
0.00032673
0.00032425
0.00032164
0.00031906
0.00031635
0.00031367
0.00031085
0.00030806
0.00030513
0.00030224
0.0002992
0.00029619
0.00029303
0.00028992
0.00028664
0.00028341
0.00028002
0.00027667
0.00027315
0.00026968
0.00026604
0.00026245
0.00025868
0.00025496
0.00025106
0.00024721
0.00024319
0.0002392
0.00023504
0.00023092
0.00022662
0.00022236
0.00021793
0.00021352
0.00020895
0.0002044
0.00019968
0.00019498
0.00019012
0.00018527
0.00018026
0.00017526
0.00017009
0.00016493
0.00015961
0.00015429
0.00014882
0.00014333
0.0001377
0.00013205
0.00012625
0.00012043
0.00011447
0.00010848
0.00010235
9.6181e-05
8.988e-05
8.3535e-05
7.7061e-05
7.0534e-05
6.3883e-05
5.7172e-05
5.0342e-05
4.3444e-05
3.6432e-05
2.9343e-05
2.2146e-05
1.4864e-05
7.4784e-06
