-0.00020501
-0.00040389
-0.0005967
-0.00078351
-0.00096437
-0.0011393
-0.0013085
-0.0014719
-0.0016295
-0.0017815
-0.001928
-0.0020689
-0.0022044
-0.0023344
-0.0024591
-0.0025785
-0.0026927
-0.0028018
-0.0029057
-0.0030046
-0.0030986
-0.0031876
-0.0032717
-0.0033511
-0.0034257
-0.0034957
-0.0035611
-0.0036219
-0.0036782
-0.0037301
-0.0037776
-0.0038208
-0.0038598
-0.0038946
-0.0039254
-0.003952
-0.0039746
-0.0039933
-0.0040082
-0.0040192
-0.0040265
-0.0040301
-0.0040301
-0.0040265
-0.0040195
-0.0040089
-0.003995
-0.0039778
-0.0039574
-0.0039337
-0.0039069
-0.0038771
-0.0038442
-0.0038084
-0.0037698
-0.0037283
-0.003684
-0.0036371
-0.0035875
-0.0035353
-0.0034807
-0.0034236
-0.0033641
-0.0033022
-0.0032382
-0.0031719
-0.0031035
-0.003033
-0.0029605
-0.002886
-0.0028097
-0.0027315
-0.0026516
-0.0025699
-0.0024866
-0.0024018
-0.0023154
-0.0022275
-0.0021383
-0.0020477
-0.0019559
-0.0018628
-0.0017687
-0.0016734
-0.0015771
-0.0014798
-0.0013817
-0.0012827
-0.0011829
-0.0010824
-0.00098131
-0.0008796
-0.00077735
-0.00067465
-0.00057154
-0.00046809
-0.00036436
-0.00026041
-0.00015631
-5.2113e-05
5.2113e-05
0.00015631
0.00026041
0.00036436
0.00046809
0.00057154
0.00067465
0.00077735
0.0008796
0.00098131
0.0010824
0.0011829
0.0012827
0.0013817
0.0014798
0.0015771
0.0016734
0.0017687
0.0018628
0.0019559
0.0020477
0.0021383
0.0022275
0.0023154
0.0024018
0.0024866
0.0025699
0.0026516
0.0027315
0.0028097
0.002886
0.0029605
0.003033
0.0031035
0.0031719
0.0032382
0.0033022
0.0033641
0.0034236
0.0034807
0.0035353
0.0035875
0.0036371
0.003684
0.0037283
0.0037698
0.0038084
0.0038442
0.0038771
0.0039069
0.0039337
0.0039574
0.0039778
0.003995
0.0040089
0.0040195
0.0040265
0.0040301
0.0040301
0.0040265
0.0040192
0.0040082
0.0039933
0.0039746
0.003952
0.0039254
0.0038946
0.0038598
0.0038208
0.0037776
0.0037301
0.0036782
0.0036219
0.0035611
0.0034957
0.0034257
0.0033511
0.0032717
0.0031876
0.0030986
0.0030046
0.0029057
0.0028018
0.0026927
0.0025785
0.0024591
0.0023344
0.0022044
0.0020689
0.001928
0.0017815
0.0016295
0.0014719
0.0013085
0.0011393
0.00096437
0.00078351
0.0005967
0.00040389
0.00020501
