-0.00026824
-0.00031854
-0.00033626
-0.0003438
-0.00034726
-0.0003489
-0.00034965
-0.00034995
-0.00035001
-0.00034995
-0.00034982
-0.00034965
-0.00034946
-0.00034925
-0.00034904
-0.00034883
-0.00034861
-0.00034839
-0.00034817
-0.00034795
-0.00034773
-0.00034751
-0.00034729
-0.00034707
-0.00034685
-0.00034663
-0.00034641
-0.00034619
-0.00034597
-0.00034575
-0.00034553
-0.00034531
-0.00034509
-0.00034487
-0.00034465
-0.00034443
-0.00034421
-0.00034399
-0.00034377
-0.00034355
-0.00034333
-0.00034311
-0.00034289
-0.00034267
-0.00034245
-0.00034223
-0.00034201
-0.00034179
-0.00034157
-0.00034135
-0.00034113
-0.00034091
-0.00034069
-0.00034047
-0.00034025
-0.00034002
-0.0003398
-0.00033958
-0.00033936
-0.00033914
-0.00033892
-0.0003387
-0.00033848
-0.00033826
-0.00033804
-0.00033782
-0.0003376
-0.00033738
-0.00033716
-0.00033694
-0.00033672
-0.0003365
-0.00033628
-0.00033606
-0.00033584
-0.00033562
-0.0003354
-0.00033518
-0.00033496
-0.00033474
-0.00033452
-0.0003343
-0.00033408
-0.00033386
-0.00033364
-0.00033342
-0.0003332
-0.00033298
-0.00033276
-0.00033253
-0.00033231
-0.00033209
-0.00033187
-0.00033165
-0.00033143
-0.00033121
-0.00033099
-0.00033077
-0.00033055
-0.00033033
-0.00033011
-0.00032989
-0.00032967
-0.00032945
-0.00032923
-0.00032901
-0.00032879
-0.00032857
-0.00032835
-0.00032813
-0.00032791
-0.00032769
-0.00032747
-0.00032725
-0.00032703
-0.00032681
-0.00032659
-0.00032637
-0.00032615
-0.00032593
-0.00032571
-0.00032549
-0.00032526
-0.00032504
-0.00032482
-0.0003246
-0.00032438
-0.00032416
-0.00032394
-0.00032372
-0.0003235
-0.00032328
-0.00032306
-0.00032284
-0.00032262
-0.0003224
-0.00032218
-0.00032196
-0.00032174
-0.00032152
-0.0003213
-0.00032108
-0.00032086
-0.00032064
-0.00032042
-0.0003202
-0.00031998
-0.00031976
-0.00031954
-0.00031932
-0.0003191
-0.00031888
-0.00031866
-0.00031844
-0.00031822
-0.000318
-0.00031777
-0.00031755
-0.00031733
-0.00031711
-0.00031689
-0.00031667
-0.00031645
-0.00031623
-0.00031601
-0.00031579
-0.00031557
-0.00031535
-0.00031513
-0.00031491
-0.00031469
-0.00031447
-0.00031425
-0.00031403
-0.00031381
-0.00031359
-0.00031337
-0.00031315
-0.00031293
-0.00031271
-0.00031249
-0.00031227
-0.00031205
-0.00031183
-0.00031161
-0.00031139
-0.00031117
-0.00031095
-0.00031073
-0.0003105
-0.00031028
-0.00031006
-0.00030984
-0.00030962
-0.0003094
-0.00030918
-0.00030896
-0.00030874
-0.00030852
-0.0003083
-0.00030808
-0.00030786
-0.00030764
-0.00030742
-0.0003072
-0.00030698
-0.00030676
-0.00030654
-0.00030632
-0.0003061
-0.00030588
-0.00030566
-0.00030544
-0.00030522
-0.000305
-0.00030478
-0.00030456
-0.00030434
-0.00030412
-0.0003039
-0.00030368
-0.00030346
-0.00030324
-0.00030301
-0.00030279
-0.00030257
-0.00030235
-0.00030213
-0.00030191
-0.00030169
-0.00030147
-0.00030125
-0.00030103
-0.00030081
-0.00030059
-0.00030037
-0.00030015
-0.00029993
-0.00029971
-0.00029949
-0.00029927
-0.00029905
-0.00029883
-0.00029861
-0.00029839
-0.00029817
-0.00029795
-0.00029773
-0.00029751
-0.00029729
-0.00029707
-0.00029685
-0.00029663
-0.00029641
-0.00029619
-0.00029597
-0.00029574
-0.00029552
-0.0002953
-0.00029508
-0.00029486
-0.00029464
-0.00029442
-0.0002942
-0.00029398
-0.00029376
-0.00029354
-0.00029332
-0.0002931
-0.00029288
-0.00029266
-0.00029244
-0.00029222
-0.000292
-0.00029178
-0.00029156
-0.00029134
-0.00029112
-0.0002909
-0.00029068
-0.00029046
-0.00029024
-0.00029002
-0.0002898
-0.00028958
-0.00028936
-0.00028914
-0.00028892
-0.0002887
-0.00028847
-0.00028825
-0.00028803
-0.00028781
-0.00028759
-0.00028737
-0.00028715
-0.00028693
-0.00028671
-0.00028649
-0.00028627
-0.00028605
-0.00028583
-0.00028561
-0.00028539
-0.00028517
-0.00028495
-0.00028473
-0.00028451
-0.00028429
-0.00028407
-0.00028385
-0.00028363
-0.00028341
-0.00028319
-0.00028297
-0.00028275
-0.00028253
-0.00028231
-0.00028209
-0.00028187
-0.00028165
-0.00028143
-0.00028121
-0.00028098
-0.00028076
-0.00028054
-0.00028032
-0.0002801
-0.00027988
-0.00027966
-0.00027944
-0.00027922
-0.000279
-0.00027878
-0.00027856
-0.00027834
-0.00027812
-0.0002779
-0.00027768
-0.00027746
-0.00027724
-0.00027702
-0.0002768
-0.00027658
-0.00027636
-0.00027614
-0.00027592
-0.0002757
-0.00027548
-0.00027526
-0.00027504
-0.00027482
-0.0002746
-0.00027438
-0.00027416
-0.00027394
-0.00027371
-0.00027349
-0.00027327
-0.00027305
-0.00027283
-0.00027261
-0.00027239
-0.00027217
-0.00027195
-0.00027173
-0.00027151
-0.00027129
-0.00027107
-0.00027085
-0.00027063
-0.00027041
-0.00027019
-0.00026997
-0.00026975
-0.00026953
-0.00026931
-0.00026909
-0.00026887
-0.00026865
-0.00026843
-0.00026821
-0.00026799
-0.00026777
-0.00026755
-0.00026733
-0.00026711
-0.00026689
-0.00026667
-0.00026645
-0.00026622
-0.000266
-0.00026578
-0.00026556
-0.00026534
-0.00026512
-0.0002649
-0.00026468
-0.00026446
-0.00026424
-0.00026402
-0.0002638
-0.00026358
-0.00026336
-0.00026314
-0.00026292
-0.0002627
-0.00026248
-0.00026226
-0.00026204
-0.00026182
-0.0002616
-0.00026138
-0.00026116
-0.00026094
-0.00026072
-0.0002605
-0.00026028
-0.00026006
-0.00025984
-0.00025962
-0.0002594
-0.00025918
-0.00025895
-0.00025873
-0.00025851
-0.00025829
-0.00025807
-0.00025785
-0.00025763
-0.00025741
-0.00025719
-0.00025697
-0.00025675
-0.00025653
-0.00025631
-0.00025609
-0.00025587
-0.00025565
-0.00025543
-0.00025521
-0.00025499
-0.00025477
-0.00025455
-0.00025433
-0.00025411
-0.00025389
-0.00025367
-0.00025345
-0.00025323
-0.00025301
-0.00025279
-0.00025257
-0.00025235
-0.00025213
-0.00025191
-0.00025169
-0.00025146
-0.00025124
-0.00025102
-0.0002508
-0.00025058
-0.00025036
-0.00025014
-0.00024992
-0.0002497
-0.00024948
-0.00024926
-0.00024904
-0.00024882
-0.0002486
-0.00024838
-0.00024816
-0.00024794
-0.00024772
-0.0002475
-0.00024728
-0.00024706
-0.00024684
-0.00024662
-0.0002464
-0.00024618
-0.00024596
-0.00024574
-0.00024552
-0.0002453
-0.00024508
-0.00024486
-0.00024464
-0.00024442
-0.00024419
-0.00024397
-0.00024375
-0.00024353
-0.00024331
-0.00024309
-0.00024287
-0.00024265
-0.00024243
-0.00024221
-0.00024199
-0.00024177
-0.00024155
-0.00024133
-0.00024111
-0.00024089
-0.00024067
-0.00024045
-0.00024023
-0.00024001
-0.00023979
-0.00023957
-0.00023935
-0.00023913
-0.00023891
-0.00023869
-0.00023847
-0.00023825
-0.00023803
-0.00023781
-0.00023759
-0.00023737
-0.00023715
-0.00023692
-0.0002367
-0.00023648
-0.00023626
-0.00023604
-0.00023582
-0.0002356
-0.00023538
-0.00023516
-0.00023494
-0.00023472
-0.0002345
-0.00023428
-0.00023406
-0.00023384
-0.00023362
-0.0002334
-0.00023318
-0.00023296
-0.00023274
-0.00023252
-0.0002323
-0.00023208
-0.00023186
-0.00023164
-0.00023142
-0.0002312
-0.00023098
-0.00023076
-0.00023054
-0.00023032
-0.0002301
-0.00022988
-0.00022966
-0.00022943
-0.00022921
-0.00022899
-0.00022877
-0.00022855
-0.00022833
-0.00022811
-0.00022789
-0.00022767
-0.00022745
-0.00022723
-0.00022701
-0.00022679
-0.00022657
-0.00022635
-0.00022613
-0.00022591
-0.00022569
-0.00022547
-0.00022525
-0.00022503
-0.00022481
-0.00022459
-0.00022437
-0.00022415
-0.00022393
-0.00022371
-0.00022349
-0.00022327
-0.00022305
-0.00022283
-0.00022261
-0.00022239
-0.00022216
-0.00022194
-0.00022172
-0.0002215
-0.00022128
-0.00022106
-0.00022084
-0.00022062
-0.0002204
-0.00022018
-0.00021996
-0.00021974
-0.00021952
-0.0002193
-0.00021908
-0.00021886
-0.00021864
-0.00021842
-0.0002182
-0.00021798
-0.00021776
-0.00021754
-0.00021732
-0.0002171
-0.00021688
-0.00021666
-0.00021644
-0.00021622
-0.000216
-0.00021578
-0.00021556
-0.00021534
-0.00021512
-0.0002149
-0.00021467
-0.00021445
-0.00021423
-0.00021401
-0.00021379
-0.00021357
-0.00021335
-0.00021313
-0.00021291
-0.00021269
-0.00021247
-0.00021225
-0.00021203
-0.00021181
-0.00021159
-0.00021137
-0.00021115
-0.00021093
-0.00021071
-0.00021049
-0.00021027
-0.00021005
-0.00020983
-0.00020961
-0.00020939
-0.00020917
-0.00020895
-0.00020873
-0.00020851
-0.00020829
-0.00020807
-0.00020785
-0.00020763
-0.0002074
-0.00020718
-0.00020696
-0.00020674
-0.00020652
-0.0002063
-0.00020608
-0.00020586
-0.00020564
-0.00020542
-0.0002052
-0.00020498
-0.00020476
-0.00020454
-0.00020432
-0.0002041
-0.00020388
-0.00020366
-0.00020344
-0.00020322
-0.000203
-0.00020278
-0.00020256
-0.00020234
-0.00020212
-0.0002019
-0.00020168
-0.00020146
-0.00020124
-0.00020102
-0.0002008
-0.00020058
-0.00020036
-0.00020014
-0.00019991
-0.00019969
-0.00019947
-0.00019925
-0.00019903
-0.00019881
-0.00019859
-0.00019837
-0.00019815
-0.00019793
-0.00019771
-0.00019749
-0.00019727
-0.00019705
-0.00019683
-0.00019661
-0.00019639
-0.00019617
-0.00019595
-0.00019573
-0.00019551
-0.00019529
-0.00019507
-0.00019485
-0.00019463
-0.00019441
-0.00019419
-0.00019397
-0.00019375
-0.00019353
-0.00019331
-0.00019309
-0.00019287
-0.00019264
-0.00019242
-0.0001922
-0.00019198
-0.00019176
-0.00019154
-0.00019132
-0.0001911
-0.00019088
-0.00019066
-0.00019044
-0.00019022
-0.00019
-0.00018978
-0.00018956
-0.00018934
-0.00018912
-0.0001889
-0.00018868
-0.00018846
-0.00018824
-0.00018802
-0.0001878
-0.00018758
-0.00018736
-0.00018714
-0.00018692
-0.0001867
-0.00018648
-0.00018626
-0.00018604
-0.00018582
-0.0001856
-0.00018538
-0.00018515
-0.00018493
-0.00018471
-0.00018449
-0.00018427
-0.00018405
-0.00018383
-0.00018361
-0.00018339
-0.00018317
-0.00018295
-0.00018273
-0.00018251
-0.00018229
-0.00018207
-0.00018185
-0.00018163
-0.00018141
-0.00018119
-0.00018097
-0.00018075
-0.00018053
-0.00018031
-0.00018009
-0.00017987
-0.00017965
-0.00017943
-0.00017921
-0.00017899
-0.00017877
-0.00017855
-0.00017833
-0.00017811
-0.00017788
-0.00017766
-0.00017744
-0.00017722
-0.000177
-0.00017678
-0.00017656
-0.00017634
-0.00017612
-0.0001759
-0.00017568
-0.00017546
-0.00017524
-0.00017502
-0.0001748
-0.00017458
-0.00017436
-0.00017414
-0.00017392
-0.0001737
-0.00017348
-0.00017326
-0.00017304
-0.00017282
-0.0001726
-0.00017238
-0.00017216
-0.00017194
-0.00017172
-0.0001715
-0.00017128
-0.00017106
-0.00017084
-0.00017061
-0.00017039
-0.00017017
-0.00016995
-0.00016973
-0.00016951
-0.00016929
-0.00016907
-0.00016885
-0.00016863
-0.00016841
-0.00016819
-0.00016797
-0.00016775
-0.00016753
-0.00016731
-0.00016709
-0.00016687
-0.00016665
-0.00016643
-0.00016621
-0.00016599
-0.00016577
-0.00016555
-0.00016533
-0.00016511
-0.00016489
-0.00016467
-0.00016445
-0.00016423
-0.00016401
-0.00016379
-0.00016357
-0.00016335
-0.00016312
-0.0001629
-0.00016268
-0.00016246
-0.00016224
-0.00016202
-0.0001618
-0.00016158
-0.00016136
-0.00016114
-0.00016092
-0.0001607
-0.00016048
-0.00016026
-0.00016004
-0.00015982
-0.0001596
-0.00015938
-0.00015916
-0.00015894
-0.00015872
-0.0001585
-0.00015828
-0.00015806
-0.00015784
-0.00015762
-0.0001574
-0.00015718
-0.00015696
-0.00015674
-0.00015652
-0.0001563
-0.00015608
-0.00015585
-0.00015563
-0.00015541
-0.00015519
-0.00015497
-0.00015475
-0.00015453
-0.00015431
-0.00015409
-0.00015387
-0.00015365
-0.00015343
-0.00015321
-0.00015299
-0.00015277
-0.00015255
-0.00015233
-0.00015211
-0.00015189
-0.00015167
-0.00015145
-0.00015123
-0.00015101
-0.00015079
-0.00015057
-0.00015035
-0.00015013
-0.00014991
-0.00014969
-0.00014947
-0.00014925
-0.00014903
-0.00014881
-0.00014859
-0.00014836
-0.00014814
-0.00014792
-0.0001477
-0.00014748
-0.00014726
-0.00014704
-0.00014682
-0.0001466
-0.00014638
-0.00014616
-0.00014594
-0.00014572
-0.0001455
-0.00014528
-0.00014506
-0.00014484
-0.00014462
-0.0001444
-0.00014418
-0.00014396
-0.00014374
-0.00014352
-0.0001433
-0.00014308
-0.00014286
-0.00014264
-0.00014242
-0.0001422
-0.00014198
-0.00014176
-0.00014154
-0.00014132
-0.00014109
-0.00014087
-0.00014065
-0.00014043
-0.00014021
-0.00013999
-0.00013977
-0.00013955
-0.00013933
-0.00013911
-0.00013889
-0.00013867
-0.00013845
-0.00013823
-0.00013801
-0.00013779
-0.00013757
-0.00013735
-0.00013713
-0.00013691
-0.00013669
-0.00013647
-0.00013625
-0.00013603
-0.00013581
-0.00013559
-0.00013537
-0.00013515
-0.00013493
-0.00013471
-0.00013449
-0.00013427
-0.00013405
-0.00013383
-0.0001336
-0.00013338
-0.00013316
-0.00013294
-0.00013272
-0.0001325
-0.00013228
-0.00013206
-0.00013184
-0.00013162
-0.0001314
-0.00013118
-0.00013096
-0.00013074
-0.00013052
-0.0001303
-0.00013008
-0.00012986
-0.00012964
-0.00012942
-0.0001292
-0.00012898
-0.00012876
-0.00012854
-0.00012832
-0.0001281
-0.00012788
-0.00012766
-0.00012744
-0.00012722
-0.000127
-0.00012678
-0.00012656
-0.00012633
-0.00012611
-0.00012589
-0.00012567
-0.00012545
-0.00012523
-0.00012501
-0.00012479
-0.00012457
-0.00012435
-0.00012413
-0.00012391
-0.00012369
-0.00012347
-0.00012325
-0.00012303
-0.00012281
-0.00012259
-0.00012237
-0.00012215
-0.00012193
-0.00012171
-0.00012149
-0.00012127
-0.00012105
-0.00012083
-0.00012061
-0.00012039
-0.00012017
-0.00011995
-0.00011973
-0.00011951
-0.00011929
-0.00011906
-0.00011884
-0.00011862
-0.0001184
-0.00011818
-0.00011796
-0.00011774
-0.00011752
-0.0001173
-0.00011708
-0.00011686
-0.00011664
-0.00011642
-0.0001162
-0.00011598
-0.00011576
-0.00011554
-0.00011532
-0.0001151
-0.00011488
-0.00011466
-0.00011444
-0.00011422
-0.000114
-0.00011378
-0.00011356
-0.00011334
-0.00011312
-0.0001129
-0.00011268
-0.00011246
-0.00011224
-0.00011202
-0.0001118
-0.00011157
-0.00011135
-0.00011113
-0.00011091
-0.00011069
-0.00011047
-0.00011025
-0.00011003
-0.00010981
-0.00010959
-0.00010937
-0.00010915
-0.00010893
-0.00010871
-0.00010849
-0.00010827
-0.00010805
-0.00010783
-0.00010761
-0.00010739
-0.00010717
-0.00010695
-0.00010673
-0.00010651
-0.00010629
-0.00010607
-0.00010585
-0.00010563
-0.00010541
-0.00010519
-0.00010497
-0.00010475
-0.00010453
-0.0001043
-0.00010408
-0.00010386
-0.00010364
-0.00010342
-0.0001032
-0.00010298
-0.00010276
-0.00010254
-0.00010232
-0.0001021
-0.00010188
-0.00010166
-0.00010144
-0.00010122
-0.000101
-0.00010078
-0.00010056
-0.00010034
-0.00010012
-9.9899e-05
-9.9679e-05
-9.9458e-05
-9.9238e-05
-9.9018e-05
-9.8797e-05
-9.8577e-05
-9.8357e-05
-9.8137e-05
-9.7916e-05
-9.7696e-05
-9.7476e-05
-9.7255e-05
-9.7035e-05
-9.6815e-05
-9.6594e-05
-9.6374e-05
-9.6154e-05
-9.5934e-05
-9.5713e-05
-9.5493e-05
-9.5273e-05
-9.5052e-05
-9.4832e-05
-9.4612e-05
-9.4391e-05
-9.4171e-05
-9.3951e-05
-9.3731e-05
-9.351e-05
-9.329e-05
-9.307e-05
-9.2849e-05
-9.2629e-05
-9.2409e-05
-9.2188e-05
-9.1968e-05
-9.1748e-05
-9.1528e-05
-9.1307e-05
-9.1087e-05
-9.0867e-05
-9.0646e-05
-9.0426e-05
-9.0206e-05
-8.9985e-05
-8.9765e-05
-8.9545e-05
-8.9325e-05
-8.9104e-05
-8.8884e-05
-8.8664e-05
-8.8443e-05
-8.8223e-05
-8.8003e-05
-8.7782e-05
-8.7562e-05
-8.7342e-05
-8.7122e-05
-8.6901e-05
-8.6681e-05
-8.6461e-05
-8.624e-05
-8.602e-05
-8.58e-05
-8.5579e-05
-8.5359e-05
-8.5139e-05
-8.4919e-05
-8.4698e-05
-8.4478e-05
-8.4258e-05
-8.4037e-05
-8.3817e-05
-8.3597e-05
-8.3377e-05
-8.3156e-05
-8.2936e-05
-8.2716e-05
-8.2495e-05
-8.2275e-05
-8.2055e-05
-8.1834e-05
-8.1614e-05
-8.1394e-05
-8.1174e-05
-8.0953e-05
-8.0733e-05
-8.0513e-05
-8.0292e-05
-8.0072e-05
-7.9852e-05
-7.9631e-05
-7.9411e-05
-7.9191e-05
-7.8971e-05
-7.875e-05
-7.853e-05
-7.831e-05
-7.8089e-05
-7.7869e-05
-7.7649e-05
-7.7428e-05
-7.7208e-05
-7.6988e-05
-7.6768e-05
-7.6547e-05
-7.6327e-05
-7.6107e-05
-7.5886e-05
-7.5666e-05
-7.5446e-05
-7.5225e-05
-7.5005e-05
-7.4785e-05
-7.4565e-05
-7.4344e-05
-7.4124e-05
-7.3904e-05
-7.3683e-05
-7.3463e-05
-7.3243e-05
-7.3022e-05
-7.2802e-05
-7.2582e-05
-7.2362e-05
-7.2141e-05
-7.1921e-05
-7.1701e-05
-7.148e-05
-7.126e-05
-7.104e-05
-7.0819e-05
-7.0599e-05
-7.0379e-05
-7.0159e-05
-6.9938e-05
-6.9718e-05
-6.9498e-05
-6.9277e-05
-6.9057e-05
-6.8837e-05
-6.8616e-05
-6.8396e-05
-6.8176e-05
-6.7956e-05
-6.7735e-05
-6.7515e-05
-6.7295e-05
-6.7074e-05
-6.6854e-05
-6.6634e-05
-6.6413e-05
-6.6193e-05
-6.5973e-05
-6.5753e-05
-6.5532e-05
-6.5312e-05
-6.5092e-05
-6.4871e-05
-6.4651e-05
-6.4431e-05
-6.421e-05
-6.399e-05
-6.377e-05
-6.355e-05
-6.3329e-05
-6.3109e-05
-6.2889e-05
-6.2668e-05
-6.2448e-05
-6.2228e-05
-6.2007e-05
-6.1787e-05
-6.1567e-05
-6.1347e-05
-6.1126e-05
-6.0906e-05
-6.0686e-05
-6.0465e-05
-6.0245e-05
-6.0025e-05
-5.9804e-05
-5.9584e-05
-5.9364e-05
-5.9144e-05
-5.8923e-05
-5.8703e-05
-5.8483e-05
-5.8262e-05
-5.8042e-05
-5.7822e-05
-5.7602e-05
-5.7381e-05
-5.7161e-05
-5.6941e-05
-5.672e-05
-5.65e-05
-5.628e-05
-5.6059e-05
-5.5839e-05
-5.5619e-05
-5.5399e-05
-5.5178e-05
-5.4958e-05
-5.4738e-05
-5.4517e-05
-5.4297e-05
-5.4077e-05
-5.3856e-05
-5.3636e-05
-5.3416e-05
-5.3196e-05
-5.2975e-05
-5.2755e-05
-5.2535e-05
-5.2314e-05
-5.2094e-05
-5.1874e-05
-5.1653e-05
-5.1433e-05
-5.1213e-05
-5.0993e-05
-5.0772e-05
-5.0552e-05
-5.0332e-05
-5.0111e-05
-4.9891e-05
-4.9671e-05
-4.945e-05
-4.923e-05
-4.901e-05
-4.879e-05
-4.8569e-05
-4.8349e-05
-4.8129e-05
-4.7908e-05
-4.7688e-05
-4.7468e-05
-4.7247e-05
-4.7027e-05
-4.6807e-05
-4.6587e-05
-4.6366e-05
-4.6146e-05
-4.5926e-05
-4.5705e-05
-4.5485e-05
-4.5265e-05
-4.5044e-05
-4.4824e-05
-4.4604e-05
-4.4384e-05
-4.4163e-05
-4.3943e-05
-4.3723e-05
-4.3502e-05
-4.3282e-05
-4.3062e-05
-4.2841e-05
-4.2621e-05
-4.2401e-05
-4.2181e-05
-4.196e-05
-4.174e-05
-4.152e-05
-4.1299e-05
-4.1079e-05
-4.0859e-05
-4.0638e-05
-4.0418e-05
-4.0198e-05
-3.9978e-05
-3.9757e-05
-3.9537e-05
-3.9317e-05
-3.9096e-05
-3.8876e-05
-3.8656e-05
-3.8435e-05
-3.8215e-05
-3.7995e-05
-3.7775e-05
-3.7554e-05
-3.7334e-05
-3.7114e-05
-3.6893e-05
-3.6673e-05
-3.6453e-05
-3.6232e-05
-3.6012e-05
-3.5792e-05
-3.5572e-05
-3.5351e-05
-3.5131e-05
-3.4911e-05
-3.469e-05
-3.447e-05
-3.425e-05
-3.403e-05
-3.3809e-05
-3.3589e-05
-3.3369e-05
-3.3148e-05
-3.2928e-05
-3.2708e-05
-3.2487e-05
-3.2267e-05
-3.2047e-05
-3.1827e-05
-3.1606e-05
-3.1386e-05
-3.1166e-05
-3.0945e-05
-3.0725e-05
-3.0505e-05
-3.0284e-05
-3.0064e-05
-2.9844e-05
-2.9624e-05
-2.9403e-05
-2.9183e-05
-2.8963e-05
-2.8742e-05
-2.8522e-05
-2.8302e-05
-2.8081e-05
-2.7861e-05
-2.7641e-05
-2.7421e-05
-2.72e-05
-2.698e-05
-2.676e-05
-2.6539e-05
-2.6319e-05
-2.6099e-05
-2.5878e-05
-2.5658e-05
-2.5438e-05
-2.5218e-05
-2.4997e-05
-2.4777e-05
-2.4557e-05
-2.4336e-05
-2.4116e-05
-2.3896e-05
-2.3675e-05
-2.3455e-05
-2.3235e-05
-2.3015e-05
-2.2794e-05
-2.2574e-05
-2.2354e-05
-2.2133e-05
-2.1913e-05
-2.1693e-05
-2.1472e-05
-2.1252e-05
-2.1032e-05
-2.0812e-05
-2.0591e-05
-2.0371e-05
-2.0151e-05
-1.993e-05
-1.971e-05
-1.949e-05
-1.9269e-05
-1.9049e-05
-1.8829e-05
-1.8609e-05
-1.8388e-05
-1.8168e-05
-1.7948e-05
-1.7727e-05
-1.7507e-05
-1.7287e-05
-1.7066e-05
-1.6846e-05
-1.6626e-05
-1.6406e-05
-1.6185e-05
-1.5965e-05
-1.5745e-05
-1.5524e-05
-1.5304e-05
-1.5084e-05
-1.4863e-05
-1.4643e-05
-1.4423e-05
-1.4203e-05
-1.3982e-05
-1.3762e-05
-1.3542e-05
-1.3321e-05
-1.3101e-05
-1.2881e-05
-1.266e-05
-1.244e-05
-1.222e-05
-1.2e-05
-1.1779e-05
-1.1559e-05
-1.1339e-05
-1.1118e-05
-1.0898e-05
-1.0678e-05
-1.0457e-05
-1.0237e-05
-1.0017e-05
-9.7966e-06
-9.5763e-06
-9.356e-06
-9.1357e-06
-8.9154e-06
-8.6951e-06
-8.4748e-06
-8.2545e-06
-8.0342e-06
-7.8139e-06
-7.5936e-06
-7.3733e-06
-7.153e-06
-6.9327e-06
-6.7124e-06
-6.4921e-06
-6.2718e-06
-6.0515e-06
-5.8312e-06
-5.6109e-06
-5.3906e-06
-5.1703e-06
-4.95e-06
-4.7297e-06
-4.5094e-06
-4.2891e-06
-4.0688e-06
-3.8485e-06
-3.6282e-06
-3.4079e-06
-3.1876e-06
-2.9673e-06
-2.747e-06
-2.5267e-06
-2.3064e-06
-2.0861e-06
-1.8658e-06
-1.6455e-06
-1.4252e-06
-1.2049e-06
-9.8463e-07
-7.6433e-07
-5.4403e-07
-3.2373e-07
-1.0344e-07
1.1686e-07
3.3716e-07
5.5746e-07
7.7776e-07
9.9806e-07
1.2184e-06
1.4387e-06
1.659e-06
1.8793e-06
2.0996e-06
2.3199e-06
2.5402e-06
2.7605e-06
2.9808e-06
3.2011e-06
3.4214e-06
3.6416e-06
3.8619e-06
4.0822e-06
4.3025e-06
4.5228e-06
4.7431e-06
4.9634e-06
5.1837e-06
5.404e-06
5.6243e-06
5.8446e-06
6.0649e-06
6.2852e-06
6.5055e-06
6.7258e-06
6.9461e-06
7.1664e-06
7.3867e-06
7.607e-06
7.8273e-06
8.0476e-06
8.2679e-06
8.4882e-06
8.7085e-06
8.9288e-06
9.1491e-06
9.3694e-06
9.5897e-06
9.81e-06
1.003e-05
1.0251e-05
1.0471e-05
1.0691e-05
1.0912e-05
1.1132e-05
1.1352e-05
1.1572e-05
1.1793e-05
1.2013e-05
1.2233e-05
1.2454e-05
1.2674e-05
1.2894e-05
1.3115e-05
1.3335e-05
1.3555e-05
1.3775e-05
1.3996e-05
1.4216e-05
1.4436e-05
1.4657e-05
1.4877e-05
1.5097e-05
1.5318e-05
1.5538e-05
1.5758e-05
1.5978e-05
1.6199e-05
1.6419e-05
1.6639e-05
1.686e-05
1.708e-05
1.73e-05
1.752e-05
1.7741e-05
1.7961e-05
1.8181e-05
1.8402e-05
1.8622e-05
1.8842e-05
1.9063e-05
1.9283e-05
1.9503e-05
1.9723e-05
1.9944e-05
2.0164e-05
2.0384e-05
2.0605e-05
2.0825e-05
2.1045e-05
2.1266e-05
2.1486e-05
2.1706e-05
2.1926e-05
2.2147e-05
2.2367e-05
2.2587e-05
2.2808e-05
2.3028e-05
2.3248e-05
2.3469e-05
2.3689e-05
2.3909e-05
2.4129e-05
2.435e-05
2.457e-05
2.479e-05
2.5011e-05
2.5231e-05
2.5451e-05
2.5672e-05
2.5892e-05
2.6112e-05
2.6332e-05
2.6553e-05
2.6773e-05
2.6993e-05
2.7214e-05
2.7434e-05
2.7654e-05
2.7875e-05
2.8095e-05
2.8315e-05
2.8535e-05
2.8756e-05
2.8976e-05
2.9196e-05
2.9417e-05
2.9637e-05
2.9857e-05
3.0078e-05
3.0298e-05
3.0518e-05
3.0738e-05
3.0959e-05
3.1179e-05
3.1399e-05
3.162e-05
3.184e-05
3.206e-05
3.2281e-05
3.2501e-05
3.2721e-05
3.2941e-05
3.3162e-05
3.3382e-05
3.3602e-05
3.3823e-05
3.4043e-05
3.4263e-05
3.4484e-05
3.4704e-05
3.4924e-05
3.5144e-05
3.5365e-05
3.5585e-05
3.5805e-05
3.6026e-05
3.6246e-05
3.6466e-05
3.6687e-05
3.6907e-05
3.7127e-05
3.7347e-05
3.7568e-05
3.7788e-05
3.8008e-05
3.8229e-05
3.8449e-05
3.8669e-05
3.889e-05
3.911e-05
3.933e-05
3.955e-05
3.9771e-05
3.9991e-05
4.0211e-05
4.0432e-05
4.0652e-05
4.0872e-05
4.1093e-05
4.1313e-05
4.1533e-05
4.1753e-05
4.1974e-05
4.2194e-05
4.2414e-05
4.2635e-05
4.2855e-05
4.3075e-05
4.3295e-05
4.3516e-05
4.3736e-05
4.3956e-05
4.4177e-05
4.4397e-05
4.4617e-05
4.4838e-05
4.5058e-05
4.5278e-05
4.5498e-05
4.5719e-05
4.5939e-05
4.6159e-05
4.638e-05
4.66e-05
4.682e-05
4.7041e-05
4.7261e-05
4.7481e-05
4.7701e-05
4.7922e-05
4.8142e-05
4.8362e-05
4.8583e-05
4.8803e-05
4.9023e-05
4.9244e-05
4.9464e-05
4.9684e-05
4.9904e-05
5.0125e-05
5.0345e-05
5.0565e-05
5.0786e-05
5.1006e-05
5.1226e-05
5.1447e-05
5.1667e-05
5.1887e-05
5.2107e-05
5.2328e-05
5.2548e-05
5.2768e-05
5.2989e-05
5.3209e-05
5.3429e-05
5.365e-05
5.387e-05
5.409e-05
5.431e-05
5.4531e-05
5.4751e-05
5.4971e-05
5.5192e-05
5.5412e-05
5.5632e-05
5.5853e-05
5.6073e-05
5.6293e-05
5.6513e-05
5.6734e-05
5.6954e-05
5.7174e-05
5.7395e-05
5.7615e-05
5.7835e-05
5.8056e-05
5.8276e-05
5.8496e-05
5.8716e-05
5.8937e-05
5.9157e-05
5.9377e-05
5.9598e-05
5.9818e-05
6.0038e-05
6.0259e-05
6.0479e-05
6.0699e-05
6.0919e-05
6.114e-05
6.136e-05
6.158e-05
6.1801e-05
6.2021e-05
6.2241e-05
6.2462e-05
6.2682e-05
6.2902e-05
6.3122e-05
6.3343e-05
6.3563e-05
6.3783e-05
6.4004e-05
6.4224e-05
6.4444e-05
6.4665e-05
6.4885e-05
6.5105e-05
6.5325e-05
6.5546e-05
6.5766e-05
6.5986e-05
6.6207e-05
6.6427e-05
6.6647e-05
6.6867e-05
6.7088e-05
6.7308e-05
6.7528e-05
6.7749e-05
6.7969e-05
6.8189e-05
6.841e-05
6.863e-05
6.885e-05
6.907e-05
6.9291e-05
6.9511e-05
6.9731e-05
6.9952e-05
7.0172e-05
7.0392e-05
7.0613e-05
7.0833e-05
7.1053e-05
7.1273e-05
7.1494e-05
7.1714e-05
7.1934e-05
7.2155e-05
7.2375e-05
7.2595e-05
7.2816e-05
7.3036e-05
7.3256e-05
7.3476e-05
7.3697e-05
7.3917e-05
7.4137e-05
7.4358e-05
7.4578e-05
7.4798e-05
7.5019e-05
7.5239e-05
7.5459e-05
7.5679e-05
7.59e-05
7.612e-05
7.634e-05
7.6561e-05
7.6781e-05
7.7001e-05
7.7222e-05
7.7442e-05
7.7662e-05
7.7882e-05
7.8103e-05
7.8323e-05
7.8543e-05
7.8764e-05
7.8984e-05
7.9204e-05
7.9425e-05
7.9645e-05
7.9865e-05
8.0085e-05
8.0306e-05
8.0526e-05
8.0746e-05
8.0967e-05
8.1187e-05
8.1407e-05
8.1628e-05
8.1848e-05
8.2068e-05
8.2288e-05
8.2509e-05
8.2729e-05
8.2949e-05
8.317e-05
8.339e-05
8.361e-05
8.3831e-05
8.4051e-05
8.4271e-05
8.4491e-05
8.4712e-05
8.4932e-05
8.5152e-05
8.5373e-05
8.5593e-05
8.5813e-05
8.6034e-05
8.6254e-05
8.6474e-05
8.6694e-05
8.6915e-05
8.7135e-05
8.7355e-05
8.7576e-05
8.7796e-05
8.8016e-05
8.8237e-05
8.8457e-05
8.8677e-05
8.8897e-05
8.9118e-05
8.9338e-05
8.9558e-05
8.9779e-05
8.9999e-05
9.0219e-05
9.044e-05
9.066e-05
9.088e-05
9.11e-05
9.1321e-05
9.1541e-05
9.1761e-05
9.1982e-05
9.2202e-05
9.2422e-05
9.2642e-05
9.2863e-05
9.3083e-05
9.3303e-05
9.3524e-05
9.3744e-05
9.3964e-05
9.4185e-05
9.4405e-05
9.4625e-05
9.4845e-05
9.5066e-05
9.5286e-05
9.5506e-05
9.5727e-05
9.5947e-05
9.6167e-05
9.6388e-05
9.6608e-05
9.6828e-05
9.7048e-05
9.7269e-05
9.7489e-05
9.7709e-05
9.793e-05
9.815e-05
9.837e-05
9.8591e-05
9.8811e-05
9.9031e-05
9.9251e-05
9.9472e-05
9.9692e-05
9.9912e-05
0.00010013
0.00010035
0.00010057
0.00010079
0.00010101
0.00010123
0.00010145
0.00010167
0.0001019
0.00010212
0.00010234
0.00010256
0.00010278
0.000103
0.00010322
0.00010344
0.00010366
0.00010388
0.0001041
0.00010432
0.00010454
0.00010476
0.00010498
0.0001052
0.00010542
0.00010564
0.00010586
0.00010608
0.0001063
0.00010652
0.00010674
0.00010696
0.00010718
0.0001074
0.00010762
0.00010784
0.00010806
0.00010828
0.0001085
0.00010872
0.00010894
0.00010916
0.00010939
0.00010961
0.00010983
0.00011005
0.00011027
0.00011049
0.00011071
0.00011093
0.00011115
0.00011137
0.00011159
0.00011181
0.00011203
0.00011225
0.00011247
0.00011269
0.00011291
0.00011313
0.00011335
0.00011357
0.00011379
0.00011401
0.00011423
0.00011445
0.00011467
0.00011489
0.00011511
0.00011533
0.00011555
0.00011577
0.00011599
0.00011621
0.00011643
0.00011666
0.00011688
0.0001171
0.00011732
0.00011754
0.00011776
0.00011798
0.0001182
0.00011842
0.00011864
0.00011886
0.00011908
0.0001193
0.00011952
0.00011974
0.00011996
0.00012018
0.0001204
0.00012062
0.00012084
0.00012106
0.00012128
0.0001215
0.00012172
0.00012194
0.00012216
0.00012238
0.0001226
0.00012282
0.00012304
0.00012326
0.00012348
0.0001237
0.00012392
0.00012415
0.00012437
0.00012459
0.00012481
0.00012503
0.00012525
0.00012547
0.00012569
0.00012591
0.00012613
0.00012635
0.00012657
0.00012679
0.00012701
0.00012723
0.00012745
0.00012767
0.00012789
0.00012811
0.00012833
0.00012855
0.00012877
0.00012899
0.00012921
0.00012943
0.00012965
0.00012987
0.00013009
0.00013031
0.00013053
0.00013075
0.00013097
0.00013119
0.00013142
0.00013164
0.00013186
0.00013208
0.0001323
0.00013252
0.00013274
0.00013296
0.00013318
0.0001334
0.00013362
0.00013384
0.00013406
0.00013428
0.0001345
0.00013472
0.00013494
0.00013516
0.00013538
0.0001356
0.00013582
0.00013604
0.00013626
0.00013648
0.0001367
0.00013692
0.00013714
0.00013736
0.00013758
0.0001378
0.00013802
0.00013824
0.00013846
0.00013869
0.00013891
0.00013913
0.00013935
0.00013957
0.00013979
0.00014001
0.00014023
0.00014045
0.00014067
0.00014089
0.00014111
0.00014133
0.00014155
0.00014177
0.00014199
0.00014221
0.00014243
0.00014265
0.00014287
0.00014309
0.00014331
0.00014353
0.00014375
0.00014397
0.00014419
0.00014441
0.00014463
0.00014485
0.00014507
0.00014529
0.00014551
0.00014573
0.00014595
0.00014618
0.0001464
0.00014662
0.00014684
0.00014706
0.00014728
0.0001475
0.00014772
0.00014794
0.00014816
0.00014838
0.0001486
0.00014882
0.00014904
0.00014926
0.00014948
0.0001497
0.00014992
0.00015014
0.00015036
0.00015058
0.0001508
0.00015102
0.00015124
0.00015146
0.00015168
0.0001519
0.00015212
0.00015234
0.00015256
0.00015278
0.000153
0.00015322
0.00015345
0.00015367
0.00015389
0.00015411
0.00015433
0.00015455
0.00015477
0.00015499
0.00015521
0.00015543
0.00015565
0.00015587
0.00015609
0.00015631
0.00015653
0.00015675
0.00015697
0.00015719
0.00015741
0.00015763
0.00015785
0.00015807
0.00015829
0.00015851
0.00015873
0.00015895
0.00015917
0.00015939
0.00015961
0.00015983
0.00016005
0.00016027
0.00016049
0.00016071
0.00016094
0.00016116
0.00016138
0.0001616
0.00016182
0.00016204
0.00016226
0.00016248
0.0001627
0.00016292
0.00016314
0.00016336
0.00016358
0.0001638
0.00016402
0.00016424
0.00016446
0.00016468
0.0001649
0.00016512
0.00016534
0.00016556
0.00016578
0.000166
0.00016622
0.00016644
0.00016666
0.00016688
0.0001671
0.00016732
0.00016754
0.00016776
0.00016798
0.00016821
0.00016843
0.00016865
0.00016887
0.00016909
0.00016931
0.00016953
0.00016975
0.00016997
0.00017019
0.00017041
0.00017063
0.00017085
0.00017107
0.00017129
0.00017151
0.00017173
0.00017195
0.00017217
0.00017239
0.00017261
0.00017283
0.00017305
0.00017327
0.00017349
0.00017371
0.00017393
0.00017415
0.00017437
0.00017459
0.00017481
0.00017503
0.00017525
0.00017547
0.0001757
0.00017592
0.00017614
0.00017636
0.00017658
0.0001768
0.00017702
0.00017724
0.00017746
0.00017768
0.0001779
0.00017812
0.00017834
0.00017856
0.00017878
0.000179
0.00017922
0.00017944
0.00017966
0.00017988
0.0001801
0.00018032
0.00018054
0.00018076
0.00018098
0.0001812
0.00018142
0.00018164
0.00018186
0.00018208
0.0001823
0.00018252
0.00018274
0.00018297
0.00018319
0.00018341
0.00018363
0.00018385
0.00018407
0.00018429
0.00018451
0.00018473
0.00018495
0.00018517
0.00018539
0.00018561
0.00018583
0.00018605
0.00018627
0.00018649
0.00018671
0.00018693
0.00018715
0.00018737
0.00018759
0.00018781
0.00018803
0.00018825
0.00018847
0.00018869
0.00018891
0.00018913
0.00018935
0.00018957
0.00018979
0.00019001
0.00019024
0.00019046
0.00019068
0.0001909
0.00019112
0.00019134
0.00019156
0.00019178
0.000192
0.00019222
0.00019244
0.00019266
0.00019288
0.0001931
0.00019332
0.00019354
0.00019376
0.00019398
0.0001942
0.00019442
0.00019464
0.00019486
0.00019508
0.0001953
0.00019552
0.00019574
0.00019596
0.00019618
0.0001964
0.00019662
0.00019684
0.00019706
0.00019728
0.0001975
0.00019773
0.00019795
0.00019817
0.00019839
0.00019861
0.00019883
0.00019905
0.00019927
0.00019949
0.00019971
0.00019993
0.00020015
0.00020037
0.00020059
0.00020081
0.00020103
0.00020125
0.00020147
0.00020169
0.00020191
0.00020213
0.00020235
0.00020257
0.00020279
0.00020301
0.00020323
0.00020345
0.00020367
0.00020389
0.00020411
0.00020433
0.00020455
0.00020477
0.000205
0.00020522
0.00020544
0.00020566
0.00020588
0.0002061
0.00020632
0.00020654
0.00020676
0.00020698
0.0002072
0.00020742
0.00020764
0.00020786
0.00020808
0.0002083
0.00020852
0.00020874
0.00020896
0.00020918
0.0002094
0.00020962
0.00020984
0.00021006
0.00021028
0.0002105
0.00021072
0.00021094
0.00021116
0.00021138
0.0002116
0.00021182
0.00021204
0.00021226
0.00021249
0.00021271
0.00021293
0.00021315
0.00021337
0.00021359
0.00021381
0.00021403
0.00021425
0.00021447
0.00021469
0.00021491
0.00021513
0.00021535
0.00021557
0.00021579
0.00021601
0.00021623
0.00021645
0.00021667
0.00021689
0.00021711
0.00021733
0.00021755
0.00021777
0.00021799
0.00021821
0.00021843
0.00021865
0.00021887
0.00021909
0.00021931
0.00021953
0.00021976
0.00021998
0.0002202
0.00022042
0.00022064
0.00022086
0.00022108
0.0002213
0.00022152
0.00022174
0.00022196
0.00022218
0.0002224
0.00022262
0.00022284
0.00022306
0.00022328
0.0002235
0.00022372
0.00022394
0.00022416
0.00022438
0.0002246
0.00022482
0.00022504
0.00022526
0.00022548
0.0002257
0.00022592
0.00022614
0.00022636
0.00022658
0.0002268
0.00022702
0.00022725
0.00022747
0.00022769
0.00022791
0.00022813
0.00022835
0.00022857
0.00022879
0.00022901
0.00022923
0.00022945
0.00022967
0.00022989
0.00023011
0.00023033
0.00023055
0.00023077
0.00023099
0.00023121
0.00023143
0.00023165
0.00023187
0.00023209
0.00023231
0.00023253
0.00023275
0.00023297
0.00023319
0.00023341
0.00023363
0.00023385
0.00023407
0.00023429
0.00023452
0.00023474
0.00023496
0.00023518
0.0002354
0.00023562
0.00023584
0.00023606
0.00023628
0.0002365
0.00023672
0.00023694
0.00023716
0.00023738
0.0002376
0.00023782
0.00023804
0.00023826
0.00023848
0.0002387
0.00023892
0.00023914
0.00023936
0.00023958
0.0002398
0.00024002
0.00024024
0.00024046
0.00024068
0.0002409
0.00024112
0.00024134
0.00024156
0.00024178
0.00024201
0.00024223
0.00024245
0.00024267
0.00024289
0.00024311
0.00024333
0.00024355
0.00024377
0.00024399
0.00024421
0.00024443
0.00024465
0.00024487
0.00024509
0.00024531
0.00024553
0.00024575
0.00024597
0.00024619
0.00024641
0.00024663
0.00024685
0.00024707
0.00024729
0.00024751
0.00024773
0.00024795
0.00024817
0.00024839
0.00024861
0.00024883
0.00024905
0.00024928
0.0002495
0.00024972
0.00024994
0.00025016
0.00025038
0.0002506
0.00025082
0.00025104
0.00025126
0.00025148
0.0002517
0.00025192
0.00025214
0.00025236
0.00025258
0.0002528
0.00025302
0.00025324
0.00025346
0.00025368
0.0002539
0.00025412
0.00025434
0.00025456
0.00025478
0.000255
0.00025522
0.00025544
0.00025566
0.00025588
0.0002561
0.00025632
0.00025654
0.00025676
0.00025698
0.0002572
0.00025743
0.00025765
0.00025787
0.00025809
0.00025831
0.00025853
0.00025875
0.00025897
0.00025919
0.00025941
0.00025963
0.00025985
0.00026007
0.00026029
0.00026051
0.00026073
0.00026095
0.00026117
0.00026139
0.00026161
0.00026183
0.00026205
0.00026227
0.00026249
0.00026271
0.00026293
0.00026315
0.00026337
0.00026359
0.00026381
0.00026403
0.00026425
0.00026447
0.00026469
0.00026491
0.00026513
0.00026535
0.00026557
0.00026579
0.00026601
0.00026623
0.00026645
0.00026667
0.00026689
0.00026711
0.00026733
0.00026755
0.00026777
0.00026799
0.00026821
0.00026843
0.00026865
0.00026887
0.00026909
0.00026931
0.00026953
0.00026975
0.00026997
0.00027019
0.00027041
0.00027063
0.00027085
0.00027106
0.00027128
0.0002715
0.00027172
0.00027194
0.00027216
0.00027238
0.0002726
0.00027282
0.00027304
0.00027326
0.00027348
0.00027369
0.00027391
0.00027413
0.00027435
0.00027457
0.00027479
0.00027501
0.00027523
0.00027544
0.00027566
0.00027588
0.0002761
0.00027632
0.00027653
0.00027675
0.00027697
0.00027719
0.00027741
0.00027762
0.00027784
0.00027806
0.00027827
0.00027849
0.00027871
0.00027893
0.00027914
0.00027936
0.00027958
0.00027979
0.00028001
0.00028022
0.00028044
0.00028066
0.00028087
0.00028109
0.0002813
0.00028152
0.00028173
0.00028195
0.00028216
0.00028237
0.00028259
0.0002828
0.00028301
0.00028323
0.00028344
0.00028365
0.00028387
0.00028408
0.00028429
0.0002845
0.00028471
0.00028492
0.00028513
0.00028534
0.00028555
0.00028576
0.00028597
0.00028618
0.00028639
0.0002866
0.00028681
0.00028701
0.00028722
0.00028743
0.00028763
0.00028784
0.00028804
0.00028825
0.00028845
0.00028866
0.00028886
0.00028906
0.00028926
0.00028946
0.00028966
0.00028986
0.00029006
0.00029026
0.00029046
0.00029066
0.00029085
0.00029105
0.00029124
0.00029144
0.00029163
0.00029182
0.00029202
0.00029221
0.0002924
0.00029259
0.00029277
0.00029296
0.00029315
0.00029333
0.00029352
0.0002937
0.00029388
0.00029406
0.00029424
0.00029442
0.0002946
0.00029477
0.00029495
0.00029512
0.00029529
0.00029546
0.00029563
0.0002958
0.00029596
0.00029613
0.00029629
0.00029645
0.00029661
0.00029677
0.00029693
0.00029708
0.00029723
0.00029739
0.00029753
0.00029768
0.00029783
0.00029797
0.00029811
0.00029825
0.00029838
0.00029852
0.00029865
0.00029878
0.00029891
0.00029903
0.00029915
0.00029927
0.00029939
0.0002995
0.00029962
0.00029972
0.00029983
0.00029993
0.00030003
0.00030013
0.00030022
0.00030031
0.0003004
0.00030049
0.00030057
0.00030064
0.00030072
0.00030079
0.00030085
0.00030091
0.00030097
0.00030103
0.00030108
0.00030113
0.00030117
0.00030121
0.00030124
0.00030127
0.00030129
0.00030131
0.00030133
0.00030134
0.00030135
0.00030135
0.00030134
0.00030133
0.00030132
0.0003013
0.00030127
0.00030124
0.0003012
0.00030116
0.00030111
0.00030106
0.000301
0.00030093
0.00030086
0.00030078
0.00030069
0.0003006
0.0003005
0.00030039
0.00030028
0.00030016
0.00030003
0.00029989
0.00029975
0.0002996
0.00029944
0.00029928
0.0002991
0.00029892
0.00029873
0.00029853
0.00029832
0.0002981
0.00029788
0.00029764
0.0002974
0.00029714
0.00029688
0.00029661
0.00029633
0.00029604
0.00029573
0.00029542
0.0002951
0.00029476
0.00029442
0.00029406
0.0002937
0.00029332
0.00029293
0.00029253
0.00029212
0.0002917
0.00029126
0.00029081
0.00029035
0.00028988
0.00028939
0.00028889
0.00028838
0.00028786
0.00028732
0.00028676
0.0002862
0.00028562
0.00028502
0.00028441
0.00028379
0.00028315
0.0002825
0.00028183
0.00028114
0.00028044
0.00027973
0.00027899
0.00027825
0.00027748
0.0002767
0.0002759
0.00027509
0.00027425
0.0002734
0.00027254
0.00027165
0.00027075
0.00026982
0.00026888
0.00026792
0.00026694
0.00026594
0.00026493
0.00026389
0.00026283
0.00026176
0.00026066
0.00025954
0.0002584
0.00025724
0.00025606
0.00025485
0.00025363
0.00025238
0.00025111
0.00024982
0.00024851
0.00024717
0.00024581
0.00024442
0.00024301
0.00024158
0.00024013
0.00023864
0.00023714
0.00023561
0.00023405
0.00023247
0.00023086
0.00022923
0.00022757
0.00022589
0.00022417
0.00022243
0.00022067
0.00021887
0.00021705
0.0002152
0.00021332
0.00021142
0.00020948
0.00020752
0.00020552
0.0002035
0.00020145
0.00019936
0.00019725
0.0001951
0.00019293
0.00019072
0.00018848
0.00018621
0.00018391
0.00018157
0.00017921
0.0001768
0.00017438
0.0001719
0.00016942
0.00016686
0.00016432
0.00016169
0.00015908
0.00015638
0.00015371
0.00015092
0.00014819
0.00014532
0.00014253
0.00013958
0.00013672
0.00013369
0.00013077
0.00012764
0.00012467
0.00012145
0.00011841
0.00011509
0.000112
0.00010859
0.00010542
0.00010192
9.8693e-05
9.5097e-05
9.1798e-05
8.8111e-05
8.4737e-05
8.0961e-05
7.7508e-05
7.3646e-05
7.0107e-05
6.6164e-05
6.2534e-05
5.8512e-05
5.4784e-05
5.0688e-05
4.6858e-05
4.269e-05
3.8751e-05
3.4515e-05
3.0464e-05
2.6161e-05
2.1992e-05
1.7626e-05
1.3336e-05
8.9064e-06
4.4925e-06
