-0.04923
-0.062844
-0.069448
-0.073105
-0.075157
-0.076213
-0.076597
-0.076503
-0.076056
-0.07534
-0.074415
-0.073326
-0.072106
-0.07078
-0.06937
-0.067891
-0.066357
-0.064778
-0.063164
-0.061523
-0.05986
-0.058183
-0.056495
-0.054801
-0.053104
-0.051408
-0.049715
-0.048029
-0.046351
-0.044684
-0.043029
-0.041388
-0.039762
-0.038154
-0.036564
-0.034993
-0.033443
-0.031914
-0.030408
-0.028925
-0.027466
-0.026032
-0.024624
-0.023241
-0.021886
-0.020558
-0.019258
-0.017986
-0.016743
-0.01553
-0.014347
-0.013194
-0.012072
-0.010981
-0.0099216
-0.008894
-0.0078986
-0.0069359
-0.006006
-0.0051094
-0.0042463
-0.003417
-0.0026218
-0.001861
-0.0011349
-0.00044369
0.00021231
0.00083287
0.0014177
0.0019667
0.0024794
0.0029558
0.0033955
0.0037984
0.0041641
0.0044926
0.0047836
0.0050369
0.0052522
0.0054294
0.0055682
0.0056685
0.0057302
0.0057526
0.0057365
0.00568
0.0055858
0.0054492
0.0052766
0.0050586
0.0048073
0.0045072
0.0041757
0.0037941
0.0033799
0.0029183
0.0024187
0.0018773
0.0012922
0.00066809
