-0.00034348
-0.00040434
-0.00042604
-0.00043569
-0.00044043
-0.00044284
-0.00044403
-0.00044454
-0.00044465
-0.00044453
-0.00044425
-0.00044388
-0.00044345
-0.00044297
-0.00044247
-0.00044195
-0.00044141
-0.00044087
-0.00044032
-0.00043976
-0.00043921
-0.00043865
-0.00043809
-0.00043753
-0.00043696
-0.0004364
-0.00043584
-0.00043527
-0.00043471
-0.00043415
-0.00043358
-0.00043302
-0.00043245
-0.00043189
-0.00043133
-0.00043076
-0.0004302
-0.00042963
-0.00042907
-0.0004285
-0.00042794
-0.00042738
-0.00042681
-0.00042625
-0.00042568
-0.00042512
-0.00042455
-0.00042399
-0.00042343
-0.00042286
-0.0004223
-0.00042173
-0.00042117
-0.0004206
-0.00042004
-0.00041948
-0.00041891
-0.00041835
-0.00041778
-0.00041722
-0.00041665
-0.00041609
-0.00041553
-0.00041496
-0.0004144
-0.00041383
-0.00041327
-0.0004127
-0.00041214
-0.00041157
-0.00041101
-0.00041045
-0.00040988
-0.00040932
-0.00040875
-0.00040819
-0.00040762
-0.00040706
-0.0004065
-0.00040593
-0.00040537
-0.0004048
-0.00040424
-0.00040367
-0.00040311
-0.00040255
-0.00040198
-0.00040142
-0.00040085
-0.00040029
-0.00039972
-0.00039916
-0.0003986
-0.00039803
-0.00039747
-0.0003969
-0.00039634
-0.00039577
-0.00039521
-0.00039464
-0.00039408
-0.00039352
-0.00039295
-0.00039239
-0.00039182
-0.00039126
-0.00039069
-0.00039013
-0.00038957
-0.000389
-0.00038844
-0.00038787
-0.00038731
-0.00038674
-0.00038618
-0.00038562
-0.00038505
-0.00038449
-0.00038392
-0.00038336
-0.00038279
-0.00038223
-0.00038167
-0.0003811
-0.00038054
-0.00037997
-0.00037941
-0.00037884
-0.00037828
-0.00037771
-0.00037715
-0.00037659
-0.00037602
-0.00037546
-0.00037489
-0.00037433
-0.00037376
-0.0003732
-0.00037264
-0.00037207
-0.00037151
-0.00037094
-0.00037038
-0.00036981
-0.00036925
-0.00036869
-0.00036812
-0.00036756
-0.00036699
-0.00036643
-0.00036586
-0.0003653
-0.00036474
-0.00036417
-0.00036361
-0.00036304
-0.00036248
-0.00036191
-0.00036135
-0.00036078
-0.00036022
-0.00035966
-0.00035909
-0.00035853
-0.00035796
-0.0003574
-0.00035683
-0.00035627
-0.00035571
-0.00035514
-0.00035458
-0.00035401
-0.00035345
-0.00035288
-0.00035232
-0.00035176
-0.00035119
-0.00035063
-0.00035006
-0.0003495
-0.00034893
-0.00034837
-0.00034781
-0.00034724
-0.00034668
-0.00034611
-0.00034555
-0.00034498
-0.00034442
-0.00034385
-0.00034329
-0.00034273
-0.00034216
-0.0003416
-0.00034103
-0.00034047
-0.0003399
-0.00033934
-0.00033878
-0.00033821
-0.00033765
-0.00033708
-0.00033652
-0.00033595
-0.00033539
-0.00033483
-0.00033426
-0.0003337
-0.00033313
-0.00033257
-0.000332
-0.00033144
-0.00033088
-0.00033031
-0.00032975
-0.00032918
-0.00032862
-0.00032805
-0.00032749
-0.00032692
-0.00032636
-0.0003258
-0.00032523
-0.00032467
-0.0003241
-0.00032354
-0.00032297
-0.00032241
-0.00032185
-0.00032128
-0.00032072
-0.00032015
-0.00031959
-0.00031902
-0.00031846
-0.0003179
-0.00031733
-0.00031677
-0.0003162
-0.00031564
-0.00031507
-0.00031451
-0.00031395
-0.00031338
-0.00031282
-0.00031225
-0.00031169
-0.00031112
-0.00031056
-0.00030999
-0.00030943
-0.00030887
-0.0003083
-0.00030774
-0.00030717
-0.00030661
-0.00030604
-0.00030548
-0.00030492
-0.00030435
-0.00030379
-0.00030322
-0.00030266
-0.00030209
-0.00030153
-0.00030097
-0.0003004
-0.00029984
-0.00029927
-0.00029871
-0.00029814
-0.00029758
-0.00029701
-0.00029645
-0.00029589
-0.00029532
-0.00029476
-0.00029419
-0.00029363
-0.00029306
-0.0002925
-0.00029194
-0.00029137
-0.00029081
-0.00029024
-0.00028968
-0.00028911
-0.00028855
-0.00028799
-0.00028742
-0.00028686
-0.00028629
-0.00028573
-0.00028516
-0.0002846
-0.00028404
-0.00028347
-0.00028291
-0.00028234
-0.00028178
-0.00028121
-0.00028065
-0.00028008
-0.00027952
-0.00027896
-0.00027839
-0.00027783
-0.00027726
-0.0002767
-0.00027613
-0.00027557
-0.00027501
-0.00027444
-0.00027388
-0.00027331
-0.00027275
-0.00027218
-0.00027162
-0.00027106
-0.00027049
-0.00026993
-0.00026936
-0.0002688
-0.00026823
-0.00026767
-0.00026711
-0.00026654
-0.00026598
-0.00026541
-0.00026485
-0.00026428
-0.00026372
-0.00026315
-0.00026259
-0.00026203
-0.00026146
-0.0002609
-0.00026033
-0.00025977
-0.0002592
-0.00025864
-0.00025808
-0.00025751
-0.00025695
-0.00025638
-0.00025582
-0.00025525
-0.00025469
-0.00025413
-0.00025356
-0.000253
-0.00025243
-0.00025187
-0.0002513
-0.00025074
-0.00025018
-0.00024961
-0.00024905
-0.00024848
-0.00024792
-0.00024735
-0.00024679
-0.00024622
-0.00024566
-0.0002451
-0.00024453
-0.00024397
-0.0002434
-0.00024284
-0.00024227
-0.00024171
-0.00024115
-0.00024058
-0.00024002
-0.00023945
-0.00023889
-0.00023832
-0.00023776
-0.0002372
-0.00023663
-0.00023607
-0.0002355
-0.00023494
-0.00023437
-0.00023381
-0.00023325
-0.00023268
-0.00023212
-0.00023155
-0.00023099
-0.00023042
-0.00022986
-0.00022929
-0.00022873
-0.00022817
-0.0002276
-0.00022704
-0.00022647
-0.00022591
-0.00022534
-0.00022478
-0.00022422
-0.00022365
-0.00022309
-0.00022252
-0.00022196
-0.00022139
-0.00022083
-0.00022027
-0.0002197
-0.00021914
-0.00021857
-0.00021801
-0.00021744
-0.00021688
-0.00021632
-0.00021575
-0.00021519
-0.00021462
-0.00021406
-0.00021349
-0.00021293
-0.00021236
-0.0002118
-0.00021124
-0.00021067
-0.00021011
-0.00020954
-0.00020898
-0.00020841
-0.00020785
-0.00020729
-0.00020672
-0.00020616
-0.00020559
-0.00020503
-0.00020446
-0.0002039
-0.00020334
-0.00020277
-0.00020221
-0.00020164
-0.00020108
-0.00020051
-0.00019995
-0.00019939
-0.00019882
-0.00019826
-0.00019769
-0.00019713
-0.00019656
-0.000196
-0.00019543
-0.00019487
-0.00019431
-0.00019374
-0.00019318
-0.00019261
-0.00019205
-0.00019148
-0.00019092
-0.00019036
-0.00018979
-0.00018923
-0.00018866
-0.0001881
-0.00018753
-0.00018697
-0.00018641
-0.00018584
-0.00018528
-0.00018471
-0.00018415
-0.00018358
-0.00018302
-0.00018246
-0.00018189
-0.00018133
-0.00018076
-0.0001802
-0.00017963
-0.00017907
-0.0001785
-0.00017794
-0.00017738
-0.00017681
-0.00017625
-0.00017568
-0.00017512
-0.00017455
-0.00017399
-0.00017343
-0.00017286
-0.0001723
-0.00017173
-0.00017117
-0.0001706
-0.00017004
-0.00016948
-0.00016891
-0.00016835
-0.00016778
-0.00016722
-0.00016665
-0.00016609
-0.00016553
-0.00016496
-0.0001644
-0.00016383
-0.00016327
-0.0001627
-0.00016214
-0.00016157
-0.00016101
-0.00016045
-0.00015988
-0.00015932
-0.00015875
-0.00015819
-0.00015762
-0.00015706
-0.0001565
-0.00015593
-0.00015537
-0.0001548
-0.00015424
-0.00015367
-0.00015311
-0.00015255
-0.00015198
-0.00015142
-0.00015085
-0.00015029
-0.00014972
-0.00014916
-0.0001486
-0.00014803
-0.00014747
-0.0001469
-0.00014634
-0.00014577
-0.00014521
-0.00014464
-0.00014408
-0.00014352
-0.00014295
-0.00014239
-0.00014182
-0.00014126
-0.00014069
-0.00014013
-0.00013957
-0.000139
-0.00013844
-0.00013787
-0.00013731
-0.00013674
-0.00013618
-0.00013562
-0.00013505
-0.00013449
-0.00013392
-0.00013336
-0.00013279
-0.00013223
-0.00013167
-0.0001311
-0.00013054
-0.00012997
-0.00012941
-0.00012884
-0.00012828
-0.00012771
-0.00012715
-0.00012659
-0.00012602
-0.00012546
-0.00012489
-0.00012433
-0.00012376
-0.0001232
-0.00012264
-0.00012207
-0.00012151
-0.00012094
-0.00012038
-0.00011981
-0.00011925
-0.00011869
-0.00011812
-0.00011756
-0.00011699
-0.00011643
-0.00011586
-0.0001153
-0.00011474
-0.00011417
-0.00011361
-0.00011304
-0.00011248
-0.00011191
-0.00011135
-0.00011078
-0.00011022
-0.00010966
-0.00010909
-0.00010853
-0.00010796
-0.0001074
-0.00010683
-0.00010627
-0.00010571
-0.00010514
-0.00010458
-0.00010401
-0.00010345
-0.00010288
-0.00010232
-0.00010176
-0.00010119
-0.00010063
-0.00010006
-9.9498e-05
-9.8934e-05
-9.8369e-05
-9.7805e-05
-9.7241e-05
-9.6676e-05
-9.6112e-05
-9.5548e-05
-9.4983e-05
-9.4419e-05
-9.3855e-05
-9.329e-05
-9.2726e-05
-9.2162e-05
-9.1597e-05
-9.1033e-05
-9.0469e-05
-8.9904e-05
-8.934e-05
-8.8776e-05
-8.8211e-05
-8.7647e-05
-8.7083e-05
-8.6518e-05
-8.5954e-05
-8.539e-05
-8.4825e-05
-8.4261e-05
-8.3697e-05
-8.3132e-05
-8.2568e-05
-8.2004e-05
-8.1439e-05
-8.0875e-05
-8.0311e-05
-7.9746e-05
-7.9182e-05
-7.8618e-05
-7.8053e-05
-7.7489e-05
-7.6925e-05
-7.636e-05
-7.5796e-05
-7.5232e-05
-7.4667e-05
-7.4103e-05
-7.3539e-05
-7.2974e-05
-7.241e-05
-7.1846e-05
-7.1281e-05
-7.0717e-05
-7.0153e-05
-6.9588e-05
-6.9024e-05
-6.846e-05
-6.7895e-05
-6.7331e-05
-6.6767e-05
-6.6202e-05
-6.5638e-05
-6.5074e-05
-6.4509e-05
-6.3945e-05
-6.3381e-05
-6.2816e-05
-6.2252e-05
-6.1688e-05
-6.1123e-05
-6.0559e-05
-5.9995e-05
-5.943e-05
-5.8866e-05
-5.8302e-05
-5.7737e-05
-5.7173e-05
-5.6609e-05
-5.6044e-05
-5.548e-05
-5.4916e-05
-5.4351e-05
-5.3787e-05
-5.3223e-05
-5.2658e-05
-5.2094e-05
-5.153e-05
-5.0965e-05
-5.0401e-05
-4.9837e-05
-4.9272e-05
-4.8708e-05
-4.8144e-05
-4.7579e-05
-4.7015e-05
-4.6451e-05
-4.5886e-05
-4.5322e-05
-4.4758e-05
-4.4193e-05
-4.3629e-05
-4.3065e-05
-4.25e-05
-4.1936e-05
-4.1372e-05
-4.0807e-05
-4.0243e-05
-3.9679e-05
-3.9114e-05
-3.855e-05
-3.7986e-05
-3.7421e-05
-3.6857e-05
-3.6293e-05
-3.5728e-05
-3.5164e-05
-3.46e-05
-3.4035e-05
-3.3471e-05
-3.2907e-05
-3.2342e-05
-3.1778e-05
-3.1214e-05
-3.0649e-05
-3.0085e-05
-2.9521e-05
-2.8956e-05
-2.8392e-05
-2.7828e-05
-2.7263e-05
-2.6699e-05
-2.6135e-05
-2.557e-05
-2.5006e-05
-2.4442e-05
-2.3877e-05
-2.3313e-05
-2.2749e-05
-2.2184e-05
-2.162e-05
-2.1056e-05
-2.0491e-05
-1.9927e-05
-1.9363e-05
-1.8798e-05
-1.8234e-05
-1.767e-05
-1.7105e-05
-1.6541e-05
-1.5977e-05
-1.5412e-05
-1.4848e-05
-1.4284e-05
-1.3719e-05
-1.3155e-05
-1.2591e-05
-1.2026e-05
-1.1462e-05
-1.0898e-05
-1.0333e-05
-9.7689e-06
-9.2046e-06
-8.6403e-06
-8.0759e-06
-7.5116e-06
-6.9473e-06
-6.3829e-06
-5.8186e-06
-5.2543e-06
-4.6899e-06
-4.1256e-06
-3.5613e-06
-2.9969e-06
-2.4326e-06
-1.8683e-06
-1.3039e-06
-7.396e-07
-1.7526e-07
3.8907e-07
9.534e-07
1.5177e-06
2.0821e-06
2.6464e-06
3.2107e-06
3.7751e-06
4.3394e-06
4.9037e-06
5.4681e-06
6.0324e-06
6.5967e-06
7.1611e-06
7.7254e-06
8.2897e-06
8.8541e-06
9.4184e-06
9.9827e-06
1.0547e-05
1.1111e-05
1.1676e-05
1.224e-05
1.2804e-05
1.3369e-05
1.3933e-05
1.4497e-05
1.5062e-05
1.5626e-05
1.619e-05
1.6755e-05
1.7319e-05
1.7883e-05
1.8448e-05
1.9012e-05
1.9576e-05
2.0141e-05
2.0705e-05
2.1269e-05
2.1834e-05
2.2398e-05
2.2962e-05
2.3527e-05
2.4091e-05
2.4655e-05
2.522e-05
2.5784e-05
2.6348e-05
2.6913e-05
2.7477e-05
2.8041e-05
2.8606e-05
2.917e-05
2.9734e-05
3.0299e-05
3.0863e-05
3.1427e-05
3.1992e-05
3.2556e-05
3.312e-05
3.3685e-05
3.4249e-05
3.4813e-05
3.5378e-05
3.5942e-05
3.6506e-05
3.7071e-05
3.7635e-05
3.8199e-05
3.8764e-05
3.9328e-05
3.9892e-05
4.0457e-05
4.1021e-05
4.1585e-05
4.215e-05
4.2714e-05
4.3278e-05
4.3843e-05
4.4407e-05
4.4971e-05
4.5536e-05
4.61e-05
4.6664e-05
4.7229e-05
4.7793e-05
4.8357e-05
4.8922e-05
4.9486e-05
5.005e-05
5.0615e-05
5.1179e-05
5.1743e-05
5.2308e-05
5.2872e-05
5.3436e-05
5.4001e-05
5.4565e-05
5.5129e-05
5.5694e-05
5.6258e-05
5.6822e-05
5.7387e-05
5.7951e-05
5.8515e-05
5.908e-05
5.9644e-05
6.0208e-05
6.0773e-05
6.1337e-05
6.1901e-05
6.2466e-05
6.303e-05
6.3594e-05
6.4159e-05
6.4723e-05
6.5287e-05
6.5852e-05
6.6416e-05
6.698e-05
6.7545e-05
6.8109e-05
6.8673e-05
6.9238e-05
6.9802e-05
7.0366e-05
7.0931e-05
7.1495e-05
7.2059e-05
7.2624e-05
7.3188e-05
7.3753e-05
7.4317e-05
7.4881e-05
7.5446e-05
7.601e-05
7.6574e-05
7.7139e-05
7.7703e-05
7.8267e-05
7.8832e-05
7.9396e-05
7.996e-05
8.0525e-05
8.1089e-05
8.1653e-05
8.2218e-05
8.2782e-05
8.3346e-05
8.3911e-05
8.4475e-05
8.5039e-05
8.5604e-05
8.6168e-05
8.6732e-05
8.7297e-05
8.7861e-05
8.8425e-05
8.899e-05
8.9554e-05
9.0118e-05
9.0683e-05
9.1247e-05
9.1811e-05
9.2376e-05
9.294e-05
9.3504e-05
9.4069e-05
9.4633e-05
9.5197e-05
9.5762e-05
9.6326e-05
9.689e-05
9.7455e-05
9.8019e-05
9.8583e-05
9.9148e-05
9.9712e-05
0.00010028
0.00010084
0.0001014
0.00010197
0.00010253
0.0001031
0.00010366
0.00010423
0.00010479
0.00010536
0.00010592
0.00010648
0.00010705
0.00010761
0.00010818
0.00010874
0.00010931
0.00010987
0.00011043
0.000111
0.00011156
0.00011213
0.00011269
0.00011326
0.00011382
0.00011438
0.00011495
0.00011551
0.00011608
0.00011664
0.00011721
0.00011777
0.00011833
0.0001189
0.00011946
0.00012003
0.00012059
0.00012116
0.00012172
0.00012229
0.00012285
0.00012341
0.00012398
0.00012454
0.00012511
0.00012567
0.00012624
0.0001268
0.00012736
0.00012793
0.00012849
0.00012906
0.00012962
0.00013019
0.00013075
0.00013131
0.00013188
0.00013244
0.00013301
0.00013357
0.00013414
0.0001347
0.00013526
0.00013583
0.00013639
0.00013696
0.00013752
0.00013809
0.00013865
0.00013922
0.00013978
0.00014034
0.00014091
0.00014147
0.00014204
0.0001426
0.00014317
0.00014373
0.00014429
0.00014486
0.00014542
0.00014599
0.00014655
0.00014712
0.00014768
0.00014824
0.00014881
0.00014937
0.00014994
0.0001505
0.00015107
0.00015163
0.00015219
0.00015276
0.00015332
0.00015389
0.00015445
0.00015502
0.00015558
0.00015615
0.00015671
0.00015727
0.00015784
0.0001584
0.00015897
0.00015953
0.0001601
0.00016066
0.00016122
0.00016179
0.00016235
0.00016292
0.00016348
0.00016405
0.00016461
0.00016517
0.00016574
0.0001663
0.00016687
0.00016743
0.000168
0.00016856
0.00016912
0.00016969
0.00017025
0.00017082
0.00017138
0.00017195
0.00017251
0.00017308
0.00017364
0.0001742
0.00017477
0.00017533
0.0001759
0.00017646
0.00017703
0.00017759
0.00017815
0.00017872
0.00017928
0.00017985
0.00018041
0.00018098
0.00018154
0.0001821
0.00018267
0.00018323
0.0001838
0.00018436
0.00018493
0.00018549
0.00018605
0.00018662
0.00018718
0.00018775
0.00018831
0.00018888
0.00018944
0.00019001
0.00019057
0.00019113
0.0001917
0.00019226
0.00019283
0.00019339
0.00019396
0.00019452
0.00019508
0.00019565
0.00019621
0.00019678
0.00019734
0.00019791
0.00019847
0.00019903
0.0001996
0.00020016
0.00020073
0.00020129
0.00020186
0.00020242
0.00020298
0.00020355
0.00020411
0.00020468
0.00020524
0.00020581
0.00020637
0.00020694
0.0002075
0.00020806
0.00020863
0.00020919
0.00020976
0.00021032
0.00021089
0.00021145
0.00021201
0.00021258
0.00021314
0.00021371
0.00021427
0.00021484
0.0002154
0.00021596
0.00021653
0.00021709
0.00021766
0.00021822
0.00021879
0.00021935
0.00021991
0.00022048
0.00022104
0.00022161
0.00022217
0.00022274
0.0002233
0.00022386
0.00022443
0.00022499
0.00022556
0.00022612
0.00022669
0.00022725
0.00022781
0.00022838
0.00022894
0.00022951
0.00023007
0.00023064
0.0002312
0.00023176
0.00023233
0.00023289
0.00023346
0.00023402
0.00023459
0.00023515
0.00023571
0.00023628
0.00023684
0.00023741
0.00023797
0.00023854
0.0002391
0.00023966
0.00024023
0.00024079
0.00024136
0.00024192
0.00024249
0.00024305
0.00024361
0.00024418
0.00024474
0.00024531
0.00024587
0.00024643
0.000247
0.00024756
0.00024813
0.00024869
0.00024925
0.00024982
0.00025038
0.00025095
0.00025151
0.00025207
0.00025264
0.0002532
0.00025377
0.00025433
0.00025489
0.00025546
0.00025602
0.00025659
0.00025715
0.00025771
0.00025828
0.00025884
0.0002594
0.00025997
0.00026053
0.0002611
0.00026166
0.00026222
0.00026279
0.00026335
0.00026391
0.00026448
0.00026504
0.0002656
0.00026617
0.00026673
0.00026729
0.00026786
0.00026842
0.00026898
0.00026955
0.00027011
0.00027067
0.00027123
0.0002718
0.00027236
0.00027292
0.00027349
0.00027405
0.00027461
0.00027517
0.00027573
0.0002763
0.00027686
0.00027742
0.00027798
0.00027855
0.00027911
0.00027967
0.00028023
0.00028079
0.00028135
0.00028191
0.00028248
0.00028304
0.0002836
0.00028416
0.00028472
0.00028528
0.00028584
0.0002864
0.00028696
0.00028752
0.00028808
0.00028864
0.0002892
0.00028976
0.00029032
0.00029087
0.00029143
0.00029199
0.00029255
0.00029311
0.00029366
0.00029422
0.00029478
0.00029534
0.00029589
0.00029645
0.000297
0.00029756
0.00029811
0.00029867
0.00029922
0.00029978
0.00030033
0.00030089
0.00030144
0.00030199
0.00030254
0.0003031
0.00030365
0.0003042
0.00030475
0.0003053
0.00030585
0.0003064
0.00030695
0.0003075
0.00030804
0.00030859
0.00030914
0.00030968
0.00031023
0.00031077
0.00031132
0.00031186
0.0003124
0.00031295
0.00031349
0.00031403
0.00031457
0.00031511
0.00031564
0.00031618
0.00031672
0.00031725
0.00031779
0.00031832
0.00031885
0.00031938
0.00031991
0.00032044
0.00032097
0.0003215
0.00032203
0.00032255
0.00032307
0.0003236
0.00032412
0.00032464
0.00032515
0.00032567
0.00032619
0.0003267
0.00032721
0.00032772
0.00032823
0.00032874
0.00032924
0.00032975
0.00033025
0.00033075
0.00033125
0.00033175
0.00033224
0.00033273
0.00033322
0.00033371
0.00033419
0.00033468
0.00033516
0.00033564
0.00033611
0.00033659
0.00033706
0.00033752
0.00033799
0.00033845
0.00033891
0.00033937
0.00033982
0.00034027
0.00034072
0.00034116
0.0003416
0.00034204
0.00034247
0.0003429
0.00034333
0.00034375
0.00034417
0.00034458
0.00034499
0.0003454
0.0003458
0.0003462
0.00034659
0.00034698
0.00034736
0.00034774
0.00034811
0.00034848
0.00034884
0.0003492
0.00034955
0.00034989
0.00035023
0.00035057
0.00035089
0.00035122
0.00035153
0.00035184
0.00035214
0.00035244
0.00035272
0.000353
0.00035328
0.00035354
0.0003538
0.00035405
0.00035429
0.00035453
0.00035475
0.00035497
0.00035518
0.00035538
0.00035557
0.00035575
0.00035592
0.00035608
0.00035623
0.00035637
0.0003565
0.00035662
0.00035672
0.00035682
0.0003569
0.00035698
0.00035704
0.00035709
0.00035712
0.00035714
0.00035715
0.00035715
0.00035713
0.0003571
0.00035705
0.00035699
0.00035691
0.00035682
0.00035671
0.00035659
0.00035645
0.00035629
0.00035612
0.00035593
0.00035572
0.00035549
0.00035524
0.00035497
0.00035469
0.00035438
0.00035406
0.00035371
0.00035334
0.00035295
0.00035254
0.00035211
0.00035165
0.00035117
0.00035066
0.00035013
0.00034957
0.00034899
0.00034839
0.00034775
0.00034709
0.0003464
0.00034568
0.00034493
0.00034416
0.00034335
0.00034251
0.00034164
0.00034074
0.0003398
0.00033884
0.00033783
0.00033679
0.00033572
0.00033461
0.00033346
0.00033228
0.00033105
0.00032979
0.00032848
0.00032714
0.00032575
0.00032432
0.00032285
0.00032133
0.00031976
0.00031815
0.00031649
0.00031478
0.00031303
0.00031122
0.00030936
0.00030745
0.00030549
0.00030347
0.00030139
0.00029926
0.00029707
0.00029482
0.00029251
0.00029014
0.00028771
0.00028521
0.00028265
0.00028002
0.00027732
0.00027455
0.00027172
0.00026881
0.00026583
0.00026277
0.00025963
0.00025642
0.00025313
0.00024976
0.0002463
0.00024276
0.00023914
0.00023542
0.00023162
0.00022773
0.00022374
0.00021966
0.00021548
0.00021121
0.00020683
0.00020235
0.00019776
0.00019308
0.00018827
0.00018337
0.00017834
0.00017321
0.00016795
0.00016258
0.00015707
0.00015147
0.0001457
0.00013985
0.00013381
0.0001277
0.00012139
0.00011501
0.00010841
0.00010174
9.4844e-05
8.7889e-05
8.068e-05
7.3417e-05
6.5892e-05
5.8305e-05
5.0456e-05
4.2527e-05
3.4347e-05
2.6058e-05
1.7537e-05
8.871e-06
