-7.4549e-06
-1.4816e-05
-2.2075e-05
-2.9249e-05
-3.6314e-05
-4.3303e-05
-5.0178e-05
-5.6985e-05
-6.3672e-05
-7.03e-05
-7.6803e-05
-8.3255e-05
-8.9577e-05
-9.5855e-05
-0.000102
-0.00010811
-0.00011408
-0.00012001
-0.00012581
-0.00013159
-0.00013721
-0.00014283
-0.00014829
-0.00015374
-0.00015904
-0.00016434
-0.00016948
-0.00017462
-0.0001796
-0.00018459
-0.00018942
-0.00019426
-0.00019894
-0.00020364
-0.00020817
-0.00021272
-0.00021711
-0.00022152
-0.00022576
-0.00023004
-0.00023414
-0.00023828
-0.00024225
-0.00024625
-0.00025009
-0.00025396
-0.00025767
-0.00026142
-0.000265
-0.00026862
-0.00027207
-0.00027557
-0.0002789
-0.00028228
-0.0002855
-0.00028875
-0.00029185
-0.00029499
-0.00029798
-0.00030101
-0.00030389
-0.0003068
-0.00030957
-0.00031237
-0.00031504
-0.00031774
-0.0003203
-0.00032289
-0.00032536
-0.00032785
-0.00033022
-0.00033261
-0.00033488
-0.00033717
-0.00033936
-0.00034155
-0.00034365
-0.00034574
-0.00034775
-0.00034975
-0.00035168
-0.00035359
-0.00035544
-0.00035726
-0.00035903
-0.00036077
-0.00036246
-0.00036411
-0.00036573
-0.0003673
-0.00036884
-0.00037033
-0.00037181
-0.00037321
-0.00037462
-0.00037595
-0.00037729
-0.00037855
-0.00037983
-0.00038101
-0.00038223
-0.00038334
-0.00038449
-0.00038554
-0.00038663
-0.00038761
-0.00038865
-0.00038956
-0.00039054
-0.00039139
-0.00039232
-0.00039311
-0.00039398
-0.00039471
-0.00039553
-0.00039621
-0.00039698
-0.0003976
-0.00039832
-0.00039889
-0.00039956
-0.00040008
-0.0004007
-0.00040117
-0.00040175
-0.00040217
-0.00040271
-0.00040308
-0.00040358
-0.0004039
-0.00040436
-0.00040464
-0.00040506
-0.0004053
-0.00040567
-0.00040588
-0.00040621
-0.00040638
-0.00040668
-0.00040681
-0.00040707
-0.00040717
-0.00040739
-0.00040746
-0.00040765
-0.00040768
-0.00040783
-0.00040783
-0.00040796
-0.00040793
-0.00040802
-0.00040797
-0.00040803
-0.00040794
-0.00040797
-0.00040787
-0.00040787
-0.00040773
-0.00040771
-0.00040755
-0.0004075
-0.00040732
-0.00040724
-0.00040704
-0.00040693
-0.00040671
-0.00040658
-0.00040634
-0.00040618
-0.00040592
-0.00040574
-0.00040547
-0.00040526
-0.00040497
-0.00040474
-0.00040444
-0.00040419
-0.00040387
-0.00040359
-0.00040326
-0.00040297
-0.00040262
-0.00040231
-0.00040195
-0.00040162
-0.00040124
-0.0004009
-0.00040051
-0.00040015
-0.00039975
-0.00039937
-0.00039896
-0.00039856
-0.00039814
-0.00039773
-0.0003973
-0.00039688
-0.00039643
-0.000396
-0.00039555
-0.00039509
-0.00039463
-0.00039417
-0.0003937
-0.00039323
-0.00039275
-0.00039226
-0.00039178
-0.00039128
-0.00039078
-0.00039028
-0.00038977
-0.00038926
-0.00038875
-0.00038822
-0.00038771
-0.00038717
-0.00038665
-0.00038611
-0.00038558
-0.00038503
-0.00038449
-0.00038394
-0.00038339
-0.00038283
-0.00038228
-0.00038171
-0.00038115
-0.00038058
-0.00038001
-0.00037944
-0.00037887
-0.00037828
-0.00037771
-0.00037712
-0.00037654
-0.00037595
-0.00037536
-0.00037476
-0.00037417
-0.00037357
-0.00037298
-0.00037237
-0.00037177
-0.00037117
-0.00037056
-0.00036995
-0.00036934
-0.00036873
-0.00036812
-0.0003675
-0.00036688
-0.00036626
-0.00036565
-0.00036502
-0.0003644
-0.00036377
-0.00036315
-0.00036252
-0.00036189
-0.00036126
-0.00036063
-0.00036
-0.00035937
-0.00035873
-0.0003581
-0.00035746
-0.00035682
-0.00035618
-0.00035554
-0.0003549
-0.00035426
-0.00035362
-0.00035297
-0.00035233
-0.00035168
-0.00035104
-0.00035039
-0.00034974
-0.00034909
-0.00034844
-0.00034779
-0.00034714
-0.00034649
-0.00034584
-0.00034519
-0.00034453
-0.00034388
-0.00034323
-0.00034257
-0.00034192
-0.00034126
-0.0003406
-0.00033995
-0.00033929
-0.00033863
-0.00033797
-0.00033731
-0.00033665
-0.00033599
-0.00033533
-0.00033467
-0.00033401
-0.00033335
-0.00033269
-0.00033203
-0.00033137
-0.0003307
-0.00033004
-0.00032938
-0.00032871
-0.00032805
-0.00032739
-0.00032672
-0.00032606
-0.00032539
-0.00032473
-0.00032406
-0.0003234
-0.00032273
-0.00032206
-0.0003214
-0.00032073
-0.00032006
-0.0003194
-0.00031873
-0.00031806
-0.0003174
-0.00031673
-0.00031606
-0.00031539
-0.00031473
-0.00031406
-0.00031339
-0.00031272
-0.00031205
-0.00031138
-0.00031071
-0.00031005
-0.00030938
-0.00030871
-0.00030804
-0.00030737
-0.0003067
-0.00030603
-0.00030536
-0.00030469
-0.00030402
-0.00030335
-0.00030268
-0.00030201
-0.00030134
-0.00030067
-0.0003
-0.00029933
-0.00029866
-0.00029799
-0.00029732
-0.00029665
-0.00029598
-0.00029531
-0.00029464
-0.00029397
-0.0002933
-0.00029263
-0.00029195
-0.00029128
-0.00029061
-0.00028994
-0.00028927
-0.0002886
-0.00028793
-0.00028726
-0.00028659
-0.00028592
-0.00028524
-0.00028457
-0.0002839
-0.00028323
-0.00028256
-0.00028189
-0.00028122
-0.00028054
-0.00027987
-0.0002792
-0.00027853
-0.00027786
-0.00027719
-0.00027652
-0.00027584
-0.00027517
-0.0002745
-0.00027383
-0.00027316
-0.00027249
-0.00027181
-0.00027114
-0.00027047
-0.0002698
-0.00026913
-0.00026846
-0.00026778
-0.00026711
-0.00026644
-0.00026577
-0.0002651
-0.00026443
-0.00026375
-0.00026308
-0.00026241
-0.00026174
-0.00026107
-0.00026039
-0.00025972
-0.00025905
-0.00025838
-0.00025771
-0.00025704
-0.00025636
-0.00025569
-0.00025502
-0.00025435
-0.00025368
-0.000253
-0.00025233
-0.00025166
-0.00025099
-0.00025032
-0.00024964
-0.00024897
-0.0002483
-0.00024763
-0.00024696
-0.00024628
-0.00024561
-0.00024494
-0.00024427
-0.0002436
-0.00024293
-0.00024225
-0.00024158
-0.00024091
-0.00024024
-0.00023957
-0.00023889
-0.00023822
-0.00023755
-0.00023688
-0.00023621
-0.00023553
-0.00023486
-0.00023419
-0.00023352
-0.00023285
-0.00023217
-0.0002315
-0.00023083
-0.00023016
-0.00022949
-0.00022881
-0.00022814
-0.00022747
-0.0002268
-0.00022613
-0.00022545
-0.00022478
-0.00022411
-0.00022344
-0.00022277
-0.00022209
-0.00022142
-0.00022075
-0.00022008
-0.00021941
-0.00021873
-0.00021806
-0.00021739
-0.00021672
-0.00021605
-0.00021537
-0.0002147
-0.00021403
-0.00021336
-0.00021269
-0.00021201
-0.00021134
-0.00021067
-0.00021
-0.00020933
-0.00020865
-0.00020798
-0.00020731
-0.00020664
-0.00020597
-0.00020529
-0.00020462
-0.00020395
-0.00020328
-0.00020261
-0.00020193
-0.00020126
-0.00020059
-0.00019992
-0.00019925
-0.00019857
-0.0001979
-0.00019723
-0.00019656
-0.00019589
-0.00019521
-0.00019454
-0.00019387
-0.0001932
-0.00019253
-0.00019185
-0.00019118
-0.00019051
-0.00018984
-0.00018917
-0.00018849
-0.00018782
-0.00018715
-0.00018648
-0.00018581
-0.00018513
-0.00018446
-0.00018379
-0.00018312
-0.00018245
-0.00018177
-0.0001811
-0.00018043
-0.00017976
-0.00017909
-0.00017841
-0.00017774
-0.00017707
-0.0001764
-0.00017573
-0.00017505
-0.00017438
-0.00017371
-0.00017304
-0.00017237
-0.00017169
-0.00017102
-0.00017035
-0.00016968
-0.00016901
-0.00016833
-0.00016766
-0.00016699
-0.00016632
-0.00016565
-0.00016497
-0.0001643
-0.00016363
-0.00016296
-0.00016229
-0.00016161
-0.00016094
-0.00016027
-0.0001596
-0.00015893
-0.00015825
-0.00015758
-0.00015691
-0.00015624
-0.00015557
-0.00015489
-0.00015422
-0.00015355
-0.00015288
-0.00015221
-0.00015153
-0.00015086
-0.00015019
-0.00014952
-0.00014885
-0.00014817
-0.0001475
-0.00014683
-0.00014616
-0.00014549
-0.00014481
-0.00014414
-0.00014347
-0.0001428
-0.00014213
-0.00014145
-0.00014078
-0.00014011
-0.00013944
-0.00013877
-0.00013809
-0.00013742
-0.00013675
-0.00013608
-0.00013541
-0.00013474
-0.00013406
-0.00013339
-0.00013272
-0.00013205
-0.00013138
-0.0001307
-0.00013003
-0.00012936
-0.00012869
-0.00012802
-0.00012734
-0.00012667
-0.000126
-0.00012533
-0.00012466
-0.00012398
-0.00012331
-0.00012264
-0.00012197
-0.0001213
-0.00012062
-0.00011995
-0.00011928
-0.00011861
-0.00011794
-0.00011726
-0.00011659
-0.00011592
-0.00011525
-0.00011458
-0.0001139
-0.00011323
-0.00011256
-0.00011189
-0.00011122
-0.00011054
-0.00010987
-0.0001092
-0.00010853
-0.00010786
-0.00010718
-0.00010651
-0.00010584
-0.00010517
-0.0001045
-0.00010382
-0.00010315
-0.00010248
-0.00010181
-0.00010114
-0.00010046
-9.9791e-05
-9.9119e-05
-9.8447e-05
-9.7775e-05
-9.7103e-05
-9.6431e-05
-9.5759e-05
-9.5087e-05
-9.4415e-05
-9.3743e-05
-9.3071e-05
-9.2399e-05
-9.1727e-05
-9.1055e-05
-9.0383e-05
-8.9711e-05
-8.9039e-05
-8.8367e-05
-8.7695e-05
-8.7023e-05
-8.6351e-05
-8.5679e-05
-8.5007e-05
-8.4335e-05
-8.3663e-05
-8.2991e-05
-8.2319e-05
-8.1647e-05
-8.0975e-05
-8.0303e-05
-7.9631e-05
-7.8959e-05
-7.8287e-05
-7.7615e-05
-7.6943e-05
-7.6271e-05
-7.5599e-05
-7.4927e-05
-7.4255e-05
-7.3583e-05
-7.2911e-05
-7.2239e-05
-7.1567e-05
-7.0895e-05
-7.0223e-05
-6.9551e-05
-6.8879e-05
-6.8207e-05
-6.7536e-05
-6.6864e-05
-6.6192e-05
-6.552e-05
-6.4848e-05
-6.4176e-05
-6.3504e-05
-6.2832e-05
-6.216e-05
-6.1488e-05
-6.0816e-05
-6.0144e-05
-5.9472e-05
-5.88e-05
-5.8128e-05
-5.7456e-05
-5.6784e-05
-5.6112e-05
-5.544e-05
-5.4768e-05
-5.4096e-05
-5.3424e-05
-5.2752e-05
-5.208e-05
-5.1408e-05
-5.0736e-05
-5.0064e-05
-4.9392e-05
-4.872e-05
-4.8048e-05
-4.7376e-05
-4.6704e-05
-4.6032e-05
-4.536e-05
-4.4688e-05
-4.4016e-05
-4.3344e-05
-4.2672e-05
-4.2e-05
-4.1328e-05
-4.0656e-05
-3.9984e-05
-3.9312e-05
-3.864e-05
-3.7968e-05
-3.7296e-05
-3.6624e-05
-3.5952e-05
-3.528e-05
-3.4608e-05
-3.3936e-05
-3.3264e-05
-3.2592e-05
-3.192e-05
-3.1248e-05
-3.0576e-05
-2.9904e-05
-2.9232e-05
-2.856e-05
-2.7888e-05
-2.7216e-05
-2.6544e-05
-2.5872e-05
-2.52e-05
-2.4528e-05
-2.3856e-05
-2.3184e-05
-2.2512e-05
-2.184e-05
-2.1168e-05
-2.0496e-05
-1.9824e-05
-1.9152e-05
-1.848e-05
-1.7808e-05
-1.7136e-05
-1.6464e-05
-1.5792e-05
-1.512e-05
-1.4448e-05
-1.3776e-05
-1.3104e-05
-1.2432e-05
-1.176e-05
-1.1088e-05
-1.0416e-05
-9.7439e-06
-9.0719e-06
-8.3999e-06
-7.7279e-06
-7.0559e-06
-6.384e-06
-5.712e-06
-5.04e-06
-4.368e-06
-3.696e-06
-3.024e-06
-2.352e-06
-1.68e-06
-1.008e-06
-3.36e-07
3.36e-07
1.008e-06
1.68e-06
2.352e-06
3.024e-06
3.696e-06
4.368e-06
5.04e-06
5.712e-06
6.384e-06
7.0559e-06
7.7279e-06
8.3999e-06
9.0719e-06
9.7439e-06
1.0416e-05
1.1088e-05
1.176e-05
1.2432e-05
1.3104e-05
1.3776e-05
1.4448e-05
1.512e-05
1.5792e-05
1.6464e-05
1.7136e-05
1.7808e-05
1.848e-05
1.9152e-05
1.9824e-05
2.0496e-05
2.1168e-05
2.184e-05
2.2512e-05
2.3184e-05
2.3856e-05
2.4528e-05
2.52e-05
2.5872e-05
2.6544e-05
2.7216e-05
2.7888e-05
2.856e-05
2.9232e-05
2.9904e-05
3.0576e-05
3.1248e-05
3.192e-05
3.2592e-05
3.3264e-05
3.3936e-05
3.4608e-05
3.528e-05
3.5952e-05
3.6624e-05
3.7296e-05
3.7968e-05
3.864e-05
3.9312e-05
3.9984e-05
4.0656e-05
4.1328e-05
4.2e-05
4.2672e-05
4.3344e-05
4.4016e-05
4.4688e-05
4.536e-05
4.6032e-05
4.6704e-05
4.7376e-05
4.8048e-05
4.872e-05
4.9392e-05
5.0064e-05
5.0736e-05
5.1408e-05
5.208e-05
5.2752e-05
5.3424e-05
5.4096e-05
5.4768e-05
5.544e-05
5.6112e-05
5.6784e-05
5.7456e-05
5.8128e-05
5.88e-05
5.9472e-05
6.0144e-05
6.0816e-05
6.1488e-05
6.216e-05
6.2832e-05
6.3504e-05
6.4176e-05
6.4848e-05
6.552e-05
6.6192e-05
6.6864e-05
6.7536e-05
6.8207e-05
6.8879e-05
6.9551e-05
7.0223e-05
7.0895e-05
7.1567e-05
7.2239e-05
7.2911e-05
7.3583e-05
7.4255e-05
7.4927e-05
7.5599e-05
7.6271e-05
7.6943e-05
7.7615e-05
7.8287e-05
7.8959e-05
7.9631e-05
8.0303e-05
8.0975e-05
8.1647e-05
8.2319e-05
8.2991e-05
8.3663e-05
8.4335e-05
8.5007e-05
8.5679e-05
8.6351e-05
8.7023e-05
8.7695e-05
8.8367e-05
8.9039e-05
8.9711e-05
9.0383e-05
9.1055e-05
9.1727e-05
9.2399e-05
9.3071e-05
9.3743e-05
9.4415e-05
9.5087e-05
9.5759e-05
9.6431e-05
9.7103e-05
9.7775e-05
9.8447e-05
9.9119e-05
9.9791e-05
0.00010046
0.00010114
0.00010181
0.00010248
0.00010315
0.00010382
0.0001045
0.00010517
0.00010584
0.00010651
0.00010718
0.00010786
0.00010853
0.0001092
0.00010987
0.00011054
0.00011122
0.00011189
0.00011256
0.00011323
0.0001139
0.00011458
0.00011525
0.00011592
0.00011659
0.00011726
0.00011794
0.00011861
0.00011928
0.00011995
0.00012062
0.0001213
0.00012197
0.00012264
0.00012331
0.00012398
0.00012466
0.00012533
0.000126
0.00012667
0.00012734
0.00012802
0.00012869
0.00012936
0.00013003
0.0001307
0.00013138
0.00013205
0.00013272
0.00013339
0.00013406
0.00013474
0.00013541
0.00013608
0.00013675
0.00013742
0.00013809
0.00013877
0.00013944
0.00014011
0.00014078
0.00014145
0.00014213
0.0001428
0.00014347
0.00014414
0.00014481
0.00014549
0.00014616
0.00014683
0.0001475
0.00014817
0.00014885
0.00014952
0.00015019
0.00015086
0.00015153
0.00015221
0.00015288
0.00015355
0.00015422
0.00015489
0.00015557
0.00015624
0.00015691
0.00015758
0.00015825
0.00015893
0.0001596
0.00016027
0.00016094
0.00016161
0.00016229
0.00016296
0.00016363
0.0001643
0.00016497
0.00016565
0.00016632
0.00016699
0.00016766
0.00016833
0.00016901
0.00016968
0.00017035
0.00017102
0.00017169
0.00017237
0.00017304
0.00017371
0.00017438
0.00017505
0.00017573
0.0001764
0.00017707
0.00017774
0.00017841
0.00017909
0.00017976
0.00018043
0.0001811
0.00018177
0.00018245
0.00018312
0.00018379
0.00018446
0.00018513
0.00018581
0.00018648
0.00018715
0.00018782
0.00018849
0.00018917
0.00018984
0.00019051
0.00019118
0.00019185
0.00019253
0.0001932
0.00019387
0.00019454
0.00019521
0.00019589
0.00019656
0.00019723
0.0001979
0.00019857
0.00019925
0.00019992
0.00020059
0.00020126
0.00020193
0.00020261
0.00020328
0.00020395
0.00020462
0.00020529
0.00020597
0.00020664
0.00020731
0.00020798
0.00020865
0.00020933
0.00021
0.00021067
0.00021134
0.00021201
0.00021269
0.00021336
0.00021403
0.0002147
0.00021537
0.00021605
0.00021672
0.00021739
0.00021806
0.00021873
0.00021941
0.00022008
0.00022075
0.00022142
0.00022209
0.00022277
0.00022344
0.00022411
0.00022478
0.00022545
0.00022613
0.0002268
0.00022747
0.00022814
0.00022881
0.00022949
0.00023016
0.00023083
0.0002315
0.00023217
0.00023285
0.00023352
0.00023419
0.00023486
0.00023553
0.00023621
0.00023688
0.00023755
0.00023822
0.00023889
0.00023957
0.00024024
0.00024091
0.00024158
0.00024225
0.00024293
0.0002436
0.00024427
0.00024494
0.00024561
0.00024628
0.00024696
0.00024763
0.0002483
0.00024897
0.00024964
0.00025032
0.00025099
0.00025166
0.00025233
0.000253
0.00025368
0.00025435
0.00025502
0.00025569
0.00025636
0.00025704
0.00025771
0.00025838
0.00025905
0.00025972
0.00026039
0.00026107
0.00026174
0.00026241
0.00026308
0.00026375
0.00026443
0.0002651
0.00026577
0.00026644
0.00026711
0.00026778
0.00026846
0.00026913
0.0002698
0.00027047
0.00027114
0.00027181
0.00027249
0.00027316
0.00027383
0.0002745
0.00027517
0.00027584
0.00027652
0.00027719
0.00027786
0.00027853
0.0002792
0.00027987
0.00028054
0.00028122
0.00028189
0.00028256
0.00028323
0.0002839
0.00028457
0.00028524
0.00028592
0.00028659
0.00028726
0.00028793
0.0002886
0.00028927
0.00028994
0.00029061
0.00029128
0.00029195
0.00029263
0.0002933
0.00029397
0.00029464
0.00029531
0.00029598
0.00029665
0.00029732
0.00029799
0.00029866
0.00029933
0.0003
0.00030067
0.00030134
0.00030201
0.00030268
0.00030335
0.00030402
0.00030469
0.00030536
0.00030603
0.0003067
0.00030737
0.00030804
0.00030871
0.00030938
0.00031005
0.00031071
0.00031138
0.00031205
0.00031272
0.00031339
0.00031406
0.00031473
0.00031539
0.00031606
0.00031673
0.0003174
0.00031806
0.00031873
0.0003194
0.00032006
0.00032073
0.0003214
0.00032206
0.00032273
0.0003234
0.00032406
0.00032473
0.00032539
0.00032606
0.00032672
0.00032739
0.00032805
0.00032871
0.00032938
0.00033004
0.0003307
0.00033137
0.00033203
0.00033269
0.00033335
0.00033401
0.00033467
0.00033533
0.00033599
0.00033665
0.00033731
0.00033797
0.00033863
0.00033929
0.00033995
0.0003406
0.00034126
0.00034192
0.00034257
0.00034323
0.00034388
0.00034453
0.00034519
0.00034584
0.00034649
0.00034714
0.00034779
0.00034844
0.00034909
0.00034974
0.00035039
0.00035104
0.00035168
0.00035233
0.00035297
0.00035362
0.00035426
0.0003549
0.00035554
0.00035618
0.00035682
0.00035746
0.0003581
0.00035873
0.00035937
0.00036
0.00036063
0.00036126
0.00036189
0.00036252
0.00036315
0.00036377
0.0003644
0.00036502
0.00036565
0.00036626
0.00036688
0.0003675
0.00036812
0.00036873
0.00036934
0.00036995
0.00037056
0.00037117
0.00037177
0.00037237
0.00037298
0.00037357
0.00037417
0.00037476
0.00037536
0.00037595
0.00037654
0.00037712
0.00037771
0.00037828
0.00037887
0.00037944
0.00038001
0.00038058
0.00038115
0.00038171
0.00038228
0.00038283
0.00038339
0.00038394
0.00038449
0.00038503
0.00038558
0.00038611
0.00038665
0.00038717
0.00038771
0.00038822
0.00038875
0.00038926
0.00038977
0.00039028
0.00039078
0.00039128
0.00039178
0.00039226
0.00039275
0.00039323
0.0003937
0.00039417
0.00039463
0.00039509
0.00039555
0.000396
0.00039643
0.00039688
0.0003973
0.00039773
0.00039814
0.00039856
0.00039896
0.00039937
0.00039975
0.00040015
0.00040051
0.0004009
0.00040124
0.00040162
0.00040195
0.00040231
0.00040262
0.00040297
0.00040326
0.00040359
0.00040387
0.00040419
0.00040444
0.00040474
0.00040497
0.00040526
0.00040547
0.00040574
0.00040592
0.00040618
0.00040634
0.00040658
0.00040671
0.00040693
0.00040704
0.00040724
0.00040732
0.0004075
0.00040755
0.00040771
0.00040773
0.00040787
0.00040787
0.00040797
0.00040794
0.00040803
0.00040797
0.00040802
0.00040793
0.00040796
0.00040783
0.00040783
0.00040768
0.00040765
0.00040746
0.00040739
0.00040717
0.00040707
0.00040681
0.00040668
0.00040638
0.00040621
0.00040588
0.00040567
0.0004053
0.00040506
0.00040464
0.00040436
0.0004039
0.00040358
0.00040308
0.00040271
0.00040217
0.00040175
0.00040117
0.0004007
0.00040008
0.00039956
0.00039889
0.00039832
0.0003976
0.00039698
0.00039621
0.00039553
0.00039471
0.00039398
0.00039311
0.00039232
0.00039139
0.00039054
0.00038956
0.00038865
0.00038761
0.00038663
0.00038554
0.00038449
0.00038334
0.00038223
0.00038101
0.00037983
0.00037855
0.00037729
0.00037595
0.00037462
0.00037321
0.00037181
0.00037033
0.00036884
0.0003673
0.00036573
0.00036411
0.00036246
0.00036077
0.00035903
0.00035726
0.00035544
0.00035359
0.00035168
0.00034975
0.00034775
0.00034574
0.00034365
0.00034155
0.00033936
0.00033717
0.00033488
0.00033261
0.00033022
0.00032785
0.00032536
0.00032289
0.0003203
0.00031774
0.00031504
0.00031237
0.00030957
0.0003068
0.00030389
0.00030101
0.00029798
0.00029499
0.00029185
0.00028875
0.0002855
0.00028228
0.0002789
0.00027557
0.00027207
0.00026862
0.000265
0.00026142
0.00025767
0.00025396
0.00025009
0.00024625
0.00024225
0.00023828
0.00023414
0.00023004
0.00022576
0.00022152
0.00021711
0.00021272
0.00020817
0.00020364
0.00019894
0.00019426
0.00018942
0.00018459
0.0001796
0.00017462
0.00016948
0.00016434
0.00015904
0.00015374
0.00014829
0.00014283
0.00013721
0.00013159
0.00012581
0.00012001
0.00011408
0.00010811
0.000102
9.5855e-05
8.9577e-05
8.3255e-05
7.6803e-05
7.03e-05
6.3672e-05
5.6985e-05
5.0178e-05
4.3303e-05
3.6314e-05
2.9249e-05
2.2075e-05
1.4816e-05
7.4549e-06
