-2.659e-05
-5.2799e-05
-7.8613e-05
-0.00010406
-0.00012911
-0.00015382
-0.00017812
-0.00020209
-0.00022565
-0.00024889
-0.00027173
-0.00029426
-0.00031638
-0.00033822
-0.00035963
-0.00038079
-0.00040151
-0.00042199
-0.00044203
-0.00046185
-0.00048123
-0.00050039
-0.00051912
-0.00053764
-0.00055572
-0.00057362
-0.00059107
-0.00060835
-0.00062518
-0.00064185
-0.00065809
-0.00067416
-0.0006898
-0.00070529
-0.00072035
-0.00073527
-0.00074976
-0.00076411
-0.00077804
-0.00079185
-0.00080524
-0.0008185
-0.00083135
-0.00084409
-0.00085642
-0.00086863
-0.00088045
-0.00089216
-0.00090348
-0.00091469
-0.00092552
-0.00093624
-0.00094659
-0.00095684
-0.00096673
-0.0009765
-0.00098594
-0.00099525
-0.0010042
-0.0010131
-0.0010217
-0.0010301
-0.0010382
-0.0010462
-0.001054
-0.0010615
-0.0010689
-0.001076
-0.001083
-0.0010897
-0.0010963
-0.0011027
-0.0011089
-0.0011149
-0.0011207
-0.0011263
-0.0011318
-0.001137
-0.0011422
-0.0011471
-0.0011519
-0.0011564
-0.0011609
-0.0011651
-0.0011693
-0.0011732
-0.001177
-0.0011806
-0.0011841
-0.0011874
-0.0011906
-0.0011936
-0.0011966
-0.0011992
-0.001202
-0.0012043
-0.0012068
-0.0012089
-0.001211
-0.0012129
-0.0012148
-0.0012164
-0.001218
-0.0012194
-0.0012208
-0.0012219
-0.0012231
-0.0012239
-0.0012249
-0.0012255
-0.0012262
-0.0012266
-0.0012272
-0.0012273
-0.0012277
-0.0012276
-0.0012278
-0.0012275
-0.0012275
-0.001227
-0.0012268
-0.0012261
-0.0012257
-0.0012249
-0.0012243
-0.0012233
-0.0012225
-0.0012214
-0.0012204
-0.0012191
-0.001218
-0.0012165
-0.0012152
-0.0012136
-0.0012122
-0.0012104
-0.0012088
-0.0012069
-0.0012052
-0.0012031
-0.0012013
-0.0011991
-0.0011971
-0.0011948
-0.0011927
-0.0011903
-0.001188
-0.0011855
-0.0011831
-0.0011805
-0.001178
-0.0011752
-0.0011726
-0.0011698
-0.0011671
-0.0011641
-0.0011613
-0.0011582
-0.0011553
-0.0011522
-0.0011492
-0.0011459
-0.0011428
-0.0011395
-0.0011363
-0.0011329
-0.0011296
-0.0011261
-0.0011228
-0.0011192
-0.0011158
-0.0011122
-0.0011086
-0.0011049
-0.0011013
-0.0010976
-0.0010939
-0.0010901
-0.0010863
-0.0010825
-0.0010786
-0.0010747
-0.0010708
-0.0010668
-0.0010629
-0.0010589
-0.0010548
-0.0010508
-0.0010467
-0.0010426
-0.0010384
-0.0010343
-0.0010301
-0.0010259
-0.0010217
-0.0010174
-0.0010131
-0.0010088
-0.0010045
-0.0010002
-0.00099581
-0.00099144
-0.00098704
-0.00098263
-0.00097819
-0.00097375
-0.00096926
-0.00096479
-0.00096028
-0.00095577
-0.00095122
-0.00094669
-0.0009421
-0.00093754
-0.00093293
-0.00092834
-0.0009237
-0.00091908
-0.00091441
-0.00090977
-0.00090508
-0.0009004
-0.00089569
-0.000891
-0.00088626
-0.00088154
-0.00087678
-0.00087204
-0.00086727
-0.00086251
-0.00085771
-0.00085293
-0.00084811
-0.00084331
-0.00083848
-0.00083366
-0.00082882
-0.00082398
-0.00081912
-0.00081427
-0.00080939
-0.00080452
-0.00079963
-0.00079475
-0.00078984
-0.00078495
-0.00078003
-0.00077512
-0.00077019
-0.00076527
-0.00076033
-0.00075539
-0.00075045
-0.0007455
-0.00074054
-0.00073558
-0.00073062
-0.00072565
-0.00072067
-0.00071569
-0.00071071
-0.00070572
-0.00070073
-0.00069573
-0.00069073
-0.00068573
-0.00068072
-0.00067571
-0.00067069
-0.00066568
-0.00066065
-0.00065563
-0.0006506
-0.00064557
-0.00064054
-0.0006355
-0.00063046
-0.00062542
-0.00062037
-0.00061533
-0.00061028
-0.00060523
-0.00060017
-0.00059511
-0.00059006
-0.00058499
-0.00057993
-0.00057487
-0.0005698
-0.00056473
-0.00055966
-0.00055459
-0.00054951
-0.00054444
-0.00053936
-0.00053428
-0.0005292
-0.00052412
-0.00051904
-0.00051395
-0.00050887
-0.00050378
-0.00049869
-0.0004936
-0.00048851
-0.00048342
-0.00047832
-0.00047323
-0.00046813
-0.00046304
-0.00045794
-0.00045284
-0.00044774
-0.00044264
-0.00043754
-0.00043244
-0.00042734
-0.00042223
-0.00041713
-0.00041202
-0.00040692
-0.00040181
-0.00039671
-0.0003916
-0.00038649
-0.00038138
-0.00037627
-0.00037116
-0.00036605
-0.00036094
-0.00035583
-0.00035072
-0.00034561
-0.00034049
-0.00033538
-0.00033027
-0.00032515
-0.00032004
-0.00031492
-0.00030981
-0.00030469
-0.00029958
-0.00029446
-0.00028935
-0.00028423
-0.00027911
-0.00027399
-0.00026888
-0.00026376
-0.00025864
-0.00025352
-0.0002484
-0.00024329
-0.00023817
-0.00023305
-0.00022793
-0.00022281
-0.00021769
-0.00021257
-0.00020745
-0.00020233
-0.00019721
-0.00019209
-0.00018697
-0.00018184
-0.00017672
-0.0001716
-0.00016648
-0.00016136
-0.00015624
-0.00015112
-0.000146
-0.00014087
-0.00013575
-0.00013063
-0.00012551
-0.00012039
-0.00011526
-0.00011014
-0.00010502
-9.9896e-05
-9.4773e-05
-8.9651e-05
-8.4528e-05
-7.9406e-05
-7.4283e-05
-6.916e-05
-6.4037e-05
-5.8914e-05
-5.3792e-05
-4.8669e-05
-4.3546e-05
-3.8423e-05
-3.33e-05
-2.8177e-05
-2.3054e-05
-1.7931e-05
-1.2808e-05
-7.6846e-06
-2.5615e-06
2.5615e-06
7.6846e-06
1.2808e-05
1.7931e-05
2.3054e-05
2.8177e-05
3.33e-05
3.8423e-05
4.3546e-05
4.8669e-05
5.3792e-05
5.8914e-05
6.4037e-05
6.916e-05
7.4283e-05
7.9406e-05
8.4528e-05
8.9651e-05
9.4773e-05
9.9896e-05
0.00010502
0.00011014
0.00011526
0.00012039
0.00012551
0.00013063
0.00013575
0.00014087
0.000146
0.00015112
0.00015624
0.00016136
0.00016648
0.0001716
0.00017672
0.00018184
0.00018697
0.00019209
0.00019721
0.00020233
0.00020745
0.00021257
0.00021769
0.00022281
0.00022793
0.00023305
0.00023817
0.00024329
0.0002484
0.00025352
0.00025864
0.00026376
0.00026888
0.00027399
0.00027911
0.00028423
0.00028935
0.00029446
0.00029958
0.00030469
0.00030981
0.00031492
0.00032004
0.00032515
0.00033027
0.00033538
0.00034049
0.00034561
0.00035072
0.00035583
0.00036094
0.00036605
0.00037116
0.00037627
0.00038138
0.00038649
0.0003916
0.00039671
0.00040181
0.00040692
0.00041202
0.00041713
0.00042223
0.00042734
0.00043244
0.00043754
0.00044264
0.00044774
0.00045284
0.00045794
0.00046304
0.00046813
0.00047323
0.00047832
0.00048342
0.00048851
0.0004936
0.00049869
0.00050378
0.00050887
0.00051395
0.00051904
0.00052412
0.0005292
0.00053428
0.00053936
0.00054444
0.00054951
0.00055459
0.00055966
0.00056473
0.0005698
0.00057487
0.00057993
0.00058499
0.00059006
0.00059511
0.00060017
0.00060523
0.00061028
0.00061533
0.00062037
0.00062542
0.00063046
0.0006355
0.00064054
0.00064557
0.0006506
0.00065563
0.00066065
0.00066568
0.00067069
0.00067571
0.00068072
0.00068573
0.00069073
0.00069573
0.00070073
0.00070572
0.00071071
0.00071569
0.00072067
0.00072565
0.00073062
0.00073558
0.00074054
0.0007455
0.00075045
0.00075539
0.00076033
0.00076527
0.00077019
0.00077512
0.00078003
0.00078495
0.00078984
0.00079475
0.00079963
0.00080452
0.00080939
0.00081427
0.00081912
0.00082398
0.00082882
0.00083366
0.00083848
0.00084331
0.00084811
0.00085293
0.00085771
0.00086251
0.00086727
0.00087204
0.00087678
0.00088154
0.00088626
0.000891
0.00089569
0.0009004
0.00090508
0.00090977
0.00091441
0.00091908
0.0009237
0.00092834
0.00093293
0.00093754
0.0009421
0.00094669
0.00095122
0.00095577
0.00096028
0.00096479
0.00096926
0.00097375
0.00097819
0.00098263
0.00098704
0.00099144
0.00099581
0.0010002
0.0010045
0.0010088
0.0010131
0.0010174
0.0010217
0.0010259
0.0010301
0.0010343
0.0010384
0.0010426
0.0010467
0.0010508
0.0010548
0.0010589
0.0010629
0.0010668
0.0010708
0.0010747
0.0010786
0.0010825
0.0010863
0.0010901
0.0010939
0.0010976
0.0011013
0.0011049
0.0011086
0.0011122
0.0011158
0.0011192
0.0011228
0.0011261
0.0011296
0.0011329
0.0011363
0.0011395
0.0011428
0.0011459
0.0011492
0.0011522
0.0011553
0.0011582
0.0011613
0.0011641
0.0011671
0.0011698
0.0011726
0.0011752
0.001178
0.0011805
0.0011831
0.0011855
0.001188
0.0011903
0.0011927
0.0011948
0.0011971
0.0011991
0.0012013
0.0012031
0.0012052
0.0012069
0.0012088
0.0012104
0.0012122
0.0012136
0.0012152
0.0012165
0.001218
0.0012191
0.0012204
0.0012214
0.0012225
0.0012233
0.0012243
0.0012249
0.0012257
0.0012261
0.0012268
0.001227
0.0012275
0.0012275
0.0012278
0.0012276
0.0012277
0.0012273
0.0012272
0.0012266
0.0012262
0.0012255
0.0012249
0.0012239
0.0012231
0.0012219
0.0012208
0.0012194
0.001218
0.0012164
0.0012148
0.0012129
0.001211
0.0012089
0.0012068
0.0012043
0.001202
0.0011992
0.0011966
0.0011936
0.0011906
0.0011874
0.0011841
0.0011806
0.001177
0.0011732
0.0011693
0.0011651
0.0011609
0.0011564
0.0011519
0.0011471
0.0011422
0.001137
0.0011318
0.0011263
0.0011207
0.0011149
0.0011089
0.0011027
0.0010963
0.0010897
0.001083
0.001076
0.0010689
0.0010615
0.001054
0.0010462
0.0010382
0.0010301
0.0010217
0.0010131
0.0010042
0.00099525
0.00098594
0.0009765
0.00096673
0.00095684
0.00094659
0.00093624
0.00092552
0.00091469
0.00090348
0.00089216
0.00088045
0.00086863
0.00085642
0.00084409
0.00083135
0.0008185
0.00080524
0.00079185
0.00077804
0.00076411
0.00074976
0.00073527
0.00072035
0.00070529
0.0006898
0.00067416
0.00065809
0.00064185
0.00062518
0.00060835
0.00059107
0.00057362
0.00055572
0.00053764
0.00051912
0.00050039
0.00048123
0.00046185
0.00044203
0.00042199
0.00040151
0.00038079
0.00035963
0.00033822
0.00031638
0.00029426
0.00027173
0.00024889
0.00022565
0.00020209
0.00017812
0.00015382
0.00012911
0.00010406
7.8613e-05
5.2799e-05
2.659e-05
