-0.00025893
-0.0003071
-0.000324
-0.00033115
-0.00033443
-0.00033597
-0.00033668
-0.00033696
-0.00033701
-0.00033695
-0.00033682
-0.00033666
-0.00033647
-0.00033628
-0.00033607
-0.00033587
-0.00033566
-0.00033545
-0.00033523
-0.00033502
-0.00033481
-0.0003346
-0.00033439
-0.00033418
-0.00033396
-0.00033375
-0.00033354
-0.00033333
-0.00033312
-0.0003329
-0.00033269
-0.00033248
-0.00033227
-0.00033205
-0.00033184
-0.00033163
-0.00033142
-0.00033121
-0.00033099
-0.00033078
-0.00033057
-0.00033036
-0.00033015
-0.00032993
-0.00032972
-0.00032951
-0.0003293
-0.00032909
-0.00032887
-0.00032866
-0.00032845
-0.00032824
-0.00032802
-0.00032781
-0.0003276
-0.00032739
-0.00032718
-0.00032696
-0.00032675
-0.00032654
-0.00032633
-0.00032612
-0.0003259
-0.00032569
-0.00032548
-0.00032527
-0.00032506
-0.00032484
-0.00032463
-0.00032442
-0.00032421
-0.00032399
-0.00032378
-0.00032357
-0.00032336
-0.00032315
-0.00032293
-0.00032272
-0.00032251
-0.0003223
-0.00032209
-0.00032187
-0.00032166
-0.00032145
-0.00032124
-0.00032103
-0.00032081
-0.0003206
-0.00032039
-0.00032018
-0.00031996
-0.00031975
-0.00031954
-0.00031933
-0.00031912
-0.0003189
-0.00031869
-0.00031848
-0.00031827
-0.00031806
-0.00031784
-0.00031763
-0.00031742
-0.00031721
-0.00031699
-0.00031678
-0.00031657
-0.00031636
-0.00031615
-0.00031593
-0.00031572
-0.00031551
-0.0003153
-0.00031509
-0.00031487
-0.00031466
-0.00031445
-0.00031424
-0.00031403
-0.00031381
-0.0003136
-0.00031339
-0.00031318
-0.00031296
-0.00031275
-0.00031254
-0.00031233
-0.00031212
-0.0003119
-0.00031169
-0.00031148
-0.00031127
-0.00031106
-0.00031084
-0.00031063
-0.00031042
-0.00031021
-0.00031
-0.00030978
-0.00030957
-0.00030936
-0.00030915
-0.00030893
-0.00030872
-0.00030851
-0.0003083
-0.00030809
-0.00030787
-0.00030766
-0.00030745
-0.00030724
-0.00030703
-0.00030681
-0.0003066
-0.00030639
-0.00030618
-0.00030597
-0.00030575
-0.00030554
-0.00030533
-0.00030512
-0.0003049
-0.00030469
-0.00030448
-0.00030427
-0.00030406
-0.00030384
-0.00030363
-0.00030342
-0.00030321
-0.000303
-0.00030278
-0.00030257
-0.00030236
-0.00030215
-0.00030194
-0.00030172
-0.00030151
-0.0003013
-0.00030109
-0.00030087
-0.00030066
-0.00030045
-0.00030024
-0.00030003
-0.00029981
-0.0002996
-0.00029939
-0.00029918
-0.00029897
-0.00029875
-0.00029854
-0.00029833
-0.00029812
-0.00029791
-0.00029769
-0.00029748
-0.00029727
-0.00029706
-0.00029684
-0.00029663
-0.00029642
-0.00029621
-0.000296
-0.00029578
-0.00029557
-0.00029536
-0.00029515
-0.00029494
-0.00029472
-0.00029451
-0.0002943
-0.00029409
-0.00029387
-0.00029366
-0.00029345
-0.00029324
-0.00029303
-0.00029281
-0.0002926
-0.00029239
-0.00029218
-0.00029197
-0.00029175
-0.00029154
-0.00029133
-0.00029112
-0.00029091
-0.00029069
-0.00029048
-0.00029027
-0.00029006
-0.00028984
-0.00028963
-0.00028942
-0.00028921
-0.000289
-0.00028878
-0.00028857
-0.00028836
-0.00028815
-0.00028794
-0.00028772
-0.00028751
-0.0002873
-0.00028709
-0.00028688
-0.00028666
-0.00028645
-0.00028624
-0.00028603
-0.00028581
-0.0002856
-0.00028539
-0.00028518
-0.00028497
-0.00028475
-0.00028454
-0.00028433
-0.00028412
-0.00028391
-0.00028369
-0.00028348
-0.00028327
-0.00028306
-0.00028285
-0.00028263
-0.00028242
-0.00028221
-0.000282
-0.00028178
-0.00028157
-0.00028136
-0.00028115
-0.00028094
-0.00028072
-0.00028051
-0.0002803
-0.00028009
-0.00027988
-0.00027966
-0.00027945
-0.00027924
-0.00027903
-0.00027882
-0.0002786
-0.00027839
-0.00027818
-0.00027797
-0.00027775
-0.00027754
-0.00027733
-0.00027712
-0.00027691
-0.00027669
-0.00027648
-0.00027627
-0.00027606
-0.00027585
-0.00027563
-0.00027542
-0.00027521
-0.000275
-0.00027479
-0.00027457
-0.00027436
-0.00027415
-0.00027394
-0.00027372
-0.00027351
-0.0002733
-0.00027309
-0.00027288
-0.00027266
-0.00027245
-0.00027224
-0.00027203
-0.00027182
-0.0002716
-0.00027139
-0.00027118
-0.00027097
-0.00027075
-0.00027054
-0.00027033
-0.00027012
-0.00026991
-0.00026969
-0.00026948
-0.00026927
-0.00026906
-0.00026885
-0.00026863
-0.00026842
-0.00026821
-0.000268
-0.00026779
-0.00026757
-0.00026736
-0.00026715
-0.00026694
-0.00026672
-0.00026651
-0.0002663
-0.00026609
-0.00026588
-0.00026566
-0.00026545
-0.00026524
-0.00026503
-0.00026482
-0.0002646
-0.00026439
-0.00026418
-0.00026397
-0.00026376
-0.00026354
-0.00026333
-0.00026312
-0.00026291
-0.00026269
-0.00026248
-0.00026227
-0.00026206
-0.00026185
-0.00026163
-0.00026142
-0.00026121
-0.000261
-0.00026079
-0.00026057
-0.00026036
-0.00026015
-0.00025994
-0.00025973
-0.00025951
-0.0002593
-0.00025909
-0.00025888
-0.00025866
-0.00025845
-0.00025824
-0.00025803
-0.00025782
-0.0002576
-0.00025739
-0.00025718
-0.00025697
-0.00025676
-0.00025654
-0.00025633
-0.00025612
-0.00025591
-0.0002557
-0.00025548
-0.00025527
-0.00025506
-0.00025485
-0.00025463
-0.00025442
-0.00025421
-0.000254
-0.00025379
-0.00025357
-0.00025336
-0.00025315
-0.00025294
-0.00025273
-0.00025251
-0.0002523
-0.00025209
-0.00025188
-0.00025166
-0.00025145
-0.00025124
-0.00025103
-0.00025082
-0.0002506
-0.00025039
-0.00025018
-0.00024997
-0.00024976
-0.00024954
-0.00024933
-0.00024912
-0.00024891
-0.0002487
-0.00024848
-0.00024827
-0.00024806
-0.00024785
-0.00024763
-0.00024742
-0.00024721
-0.000247
-0.00024679
-0.00024657
-0.00024636
-0.00024615
-0.00024594
-0.00024573
-0.00024551
-0.0002453
-0.00024509
-0.00024488
-0.00024467
-0.00024445
-0.00024424
-0.00024403
-0.00024382
-0.0002436
-0.00024339
-0.00024318
-0.00024297
-0.00024276
-0.00024254
-0.00024233
-0.00024212
-0.00024191
-0.0002417
-0.00024148
-0.00024127
-0.00024106
-0.00024085
-0.00024064
-0.00024042
-0.00024021
-0.00024
-0.00023979
-0.00023957
-0.00023936
-0.00023915
-0.00023894
-0.00023873
-0.00023851
-0.0002383
-0.00023809
-0.00023788
-0.00023767
-0.00023745
-0.00023724
-0.00023703
-0.00023682
-0.00023661
-0.00023639
-0.00023618
-0.00023597
-0.00023576
-0.00023554
-0.00023533
-0.00023512
-0.00023491
-0.0002347
-0.00023448
-0.00023427
-0.00023406
-0.00023385
-0.00023364
-0.00023342
-0.00023321
-0.000233
-0.00023279
-0.00023258
-0.00023236
-0.00023215
-0.00023194
-0.00023173
-0.00023151
-0.0002313
-0.00023109
-0.00023088
-0.00023067
-0.00023045
-0.00023024
-0.00023003
-0.00022982
-0.00022961
-0.00022939
-0.00022918
-0.00022897
-0.00022876
-0.00022854
-0.00022833
-0.00022812
-0.00022791
-0.0002277
-0.00022748
-0.00022727
-0.00022706
-0.00022685
-0.00022664
-0.00022642
-0.00022621
-0.000226
-0.00022579
-0.00022558
-0.00022536
-0.00022515
-0.00022494
-0.00022473
-0.00022451
-0.0002243
-0.00022409
-0.00022388
-0.00022367
-0.00022345
-0.00022324
-0.00022303
-0.00022282
-0.00022261
-0.00022239
-0.00022218
-0.00022197
-0.00022176
-0.00022155
-0.00022133
-0.00022112
-0.00022091
-0.0002207
-0.00022048
-0.00022027
-0.00022006
-0.00021985
-0.00021964
-0.00021942
-0.00021921
-0.000219
-0.00021879
-0.00021858
-0.00021836
-0.00021815
-0.00021794
-0.00021773
-0.00021752
-0.0002173
-0.00021709
-0.00021688
-0.00021667
-0.00021645
-0.00021624
-0.00021603
-0.00021582
-0.00021561
-0.00021539
-0.00021518
-0.00021497
-0.00021476
-0.00021455
-0.00021433
-0.00021412
-0.00021391
-0.0002137
-0.00021349
-0.00021327
-0.00021306
-0.00021285
-0.00021264
-0.00021242
-0.00021221
-0.000212
-0.00021179
-0.00021158
-0.00021136
-0.00021115
-0.00021094
-0.00021073
-0.00021052
-0.0002103
-0.00021009
-0.00020988
-0.00020967
-0.00020946
-0.00020924
-0.00020903
-0.00020882
-0.00020861
-0.00020839
-0.00020818
-0.00020797
-0.00020776
-0.00020755
-0.00020733
-0.00020712
-0.00020691
-0.0002067
-0.00020649
-0.00020627
-0.00020606
-0.00020585
-0.00020564
-0.00020542
-0.00020521
-0.000205
-0.00020479
-0.00020458
-0.00020436
-0.00020415
-0.00020394
-0.00020373
-0.00020352
-0.0002033
-0.00020309
-0.00020288
-0.00020267
-0.00020246
-0.00020224
-0.00020203
-0.00020182
-0.00020161
-0.00020139
-0.00020118
-0.00020097
-0.00020076
-0.00020055
-0.00020033
-0.00020012
-0.00019991
-0.0001997
-0.00019949
-0.00019927
-0.00019906
-0.00019885
-0.00019864
-0.00019843
-0.00019821
-0.000198
-0.00019779
-0.00019758
-0.00019736
-0.00019715
-0.00019694
-0.00019673
-0.00019652
-0.0001963
-0.00019609
-0.00019588
-0.00019567
-0.00019546
-0.00019524
-0.00019503
-0.00019482
-0.00019461
-0.0001944
-0.00019418
-0.00019397
-0.00019376
-0.00019355
-0.00019333
-0.00019312
-0.00019291
-0.0001927
-0.00019249
-0.00019227
-0.00019206
-0.00019185
-0.00019164
-0.00019143
-0.00019121
-0.000191
-0.00019079
-0.00019058
-0.00019037
-0.00019015
-0.00018994
-0.00018973
-0.00018952
-0.0001893
-0.00018909
-0.00018888
-0.00018867
-0.00018846
-0.00018824
-0.00018803
-0.00018782
-0.00018761
-0.0001874
-0.00018718
-0.00018697
-0.00018676
-0.00018655
-0.00018634
-0.00018612
-0.00018591
-0.0001857
-0.00018549
-0.00018527
-0.00018506
-0.00018485
-0.00018464
-0.00018443
-0.00018421
-0.000184
-0.00018379
-0.00018358
-0.00018337
-0.00018315
-0.00018294
-0.00018273
-0.00018252
-0.0001823
-0.00018209
-0.00018188
-0.00018167
-0.00018146
-0.00018124
-0.00018103
-0.00018082
-0.00018061
-0.0001804
-0.00018018
-0.00017997
-0.00017976
-0.00017955
-0.00017934
-0.00017912
-0.00017891
-0.0001787
-0.00017849
-0.00017827
-0.00017806
-0.00017785
-0.00017764
-0.00017743
-0.00017721
-0.000177
-0.00017679
-0.00017658
-0.00017637
-0.00017615
-0.00017594
-0.00017573
-0.00017552
-0.00017531
-0.00017509
-0.00017488
-0.00017467
-0.00017446
-0.00017424
-0.00017403
-0.00017382
-0.00017361
-0.0001734
-0.00017318
-0.00017297
-0.00017276
-0.00017255
-0.00017234
-0.00017212
-0.00017191
-0.0001717
-0.00017149
-0.00017128
-0.00017106
-0.00017085
-0.00017064
-0.00017043
-0.00017021
-0.00017
-0.00016979
-0.00016958
-0.00016937
-0.00016915
-0.00016894
-0.00016873
-0.00016852
-0.00016831
-0.00016809
-0.00016788
-0.00016767
-0.00016746
-0.00016725
-0.00016703
-0.00016682
-0.00016661
-0.0001664
-0.00016618
-0.00016597
-0.00016576
-0.00016555
-0.00016534
-0.00016512
-0.00016491
-0.0001647
-0.00016449
-0.00016428
-0.00016406
-0.00016385
-0.00016364
-0.00016343
-0.00016322
-0.000163
-0.00016279
-0.00016258
-0.00016237
-0.00016215
-0.00016194
-0.00016173
-0.00016152
-0.00016131
-0.00016109
-0.00016088
-0.00016067
-0.00016046
-0.00016025
-0.00016003
-0.00015982
-0.00015961
-0.0001594
-0.00015918
-0.00015897
-0.00015876
-0.00015855
-0.00015834
-0.00015812
-0.00015791
-0.0001577
-0.00015749
-0.00015728
-0.00015706
-0.00015685
-0.00015664
-0.00015643
-0.00015622
-0.000156
-0.00015579
-0.00015558
-0.00015537
-0.00015515
-0.00015494
-0.00015473
-0.00015452
-0.00015431
-0.00015409
-0.00015388
-0.00015367
-0.00015346
-0.00015325
-0.00015303
-0.00015282
-0.00015261
-0.0001524
-0.00015219
-0.00015197
-0.00015176
-0.00015155
-0.00015134
-0.00015112
-0.00015091
-0.0001507
-0.00015049
-0.00015028
-0.00015006
-0.00014985
-0.00014964
-0.00014943
-0.00014922
-0.000149
-0.00014879
-0.00014858
-0.00014837
-0.00014816
-0.00014794
-0.00014773
-0.00014752
-0.00014731
-0.00014709
-0.00014688
-0.00014667
-0.00014646
-0.00014625
-0.00014603
-0.00014582
-0.00014561
-0.0001454
-0.00014519
-0.00014497
-0.00014476
-0.00014455
-0.00014434
-0.00014413
-0.00014391
-0.0001437
-0.00014349
-0.00014328
-0.00014306
-0.00014285
-0.00014264
-0.00014243
-0.00014222
-0.000142
-0.00014179
-0.00014158
-0.00014137
-0.00014116
-0.00014094
-0.00014073
-0.00014052
-0.00014031
-0.00014009
-0.00013988
-0.00013967
-0.00013946
-0.00013925
-0.00013903
-0.00013882
-0.00013861
-0.0001384
-0.00013819
-0.00013797
-0.00013776
-0.00013755
-0.00013734
-0.00013713
-0.00013691
-0.0001367
-0.00013649
-0.00013628
-0.00013606
-0.00013585
-0.00013564
-0.00013543
-0.00013522
-0.000135
-0.00013479
-0.00013458
-0.00013437
-0.00013416
-0.00013394
-0.00013373
-0.00013352
-0.00013331
-0.0001331
-0.00013288
-0.00013267
-0.00013246
-0.00013225
-0.00013203
-0.00013182
-0.00013161
-0.0001314
-0.00013119
-0.00013097
-0.00013076
-0.00013055
-0.00013034
-0.00013013
-0.00012991
-0.0001297
-0.00012949
-0.00012928
-0.00012907
-0.00012885
-0.00012864
-0.00012843
-0.00012822
-0.000128
-0.00012779
-0.00012758
-0.00012737
-0.00012716
-0.00012694
-0.00012673
-0.00012652
-0.00012631
-0.0001261
-0.00012588
-0.00012567
-0.00012546
-0.00012525
-0.00012504
-0.00012482
-0.00012461
-0.0001244
-0.00012419
-0.00012397
-0.00012376
-0.00012355
-0.00012334
-0.00012313
-0.00012291
-0.0001227
-0.00012249
-0.00012228
-0.00012207
-0.00012185
-0.00012164
-0.00012143
-0.00012122
-0.00012101
-0.00012079
-0.00012058
-0.00012037
-0.00012016
-0.00011994
-0.00011973
-0.00011952
-0.00011931
-0.0001191
-0.00011888
-0.00011867
-0.00011846
-0.00011825
-0.00011804
-0.00011782
-0.00011761
-0.0001174
-0.00011719
-0.00011697
-0.00011676
-0.00011655
-0.00011634
-0.00011613
-0.00011591
-0.0001157
-0.00011549
-0.00011528
-0.00011507
-0.00011485
-0.00011464
-0.00011443
-0.00011422
-0.00011401
-0.00011379
-0.00011358
-0.00011337
-0.00011316
-0.00011294
-0.00011273
-0.00011252
-0.00011231
-0.0001121
-0.00011188
-0.00011167
-0.00011146
-0.00011125
-0.00011104
-0.00011082
-0.00011061
-0.0001104
-0.00011019
-0.00010998
-0.00010976
-0.00010955
-0.00010934
-0.00010913
-0.00010891
-0.0001087
-0.00010849
-0.00010828
-0.00010807
-0.00010785
-0.00010764
-0.00010743
-0.00010722
-0.00010701
-0.00010679
-0.00010658
-0.00010637
-0.00010616
-0.00010595
-0.00010573
-0.00010552
-0.00010531
-0.0001051
-0.00010488
-0.00010467
-0.00010446
-0.00010425
-0.00010404
-0.00010382
-0.00010361
-0.0001034
-0.00010319
-0.00010298
-0.00010276
-0.00010255
-0.00010234
-0.00010213
-0.00010192
-0.0001017
-0.00010149
-0.00010128
-0.00010107
-0.00010085
-0.00010064
-0.00010043
-0.00010022
-0.00010001
-9.9794e-05
-9.9582e-05
-9.937e-05
-9.9158e-05
-9.8946e-05
-9.8733e-05
-9.8521e-05
-9.8309e-05
-9.8097e-05
-9.7885e-05
-9.7673e-05
-9.7461e-05
-9.7249e-05
-9.7037e-05
-9.6824e-05
-9.6612e-05
-9.64e-05
-9.6188e-05
-9.5976e-05
-9.5764e-05
-9.5552e-05
-9.534e-05
-9.5128e-05
-9.4916e-05
-9.4703e-05
-9.4491e-05
-9.4279e-05
-9.4067e-05
-9.3855e-05
-9.3643e-05
-9.3431e-05
-9.3219e-05
-9.3007e-05
-9.2794e-05
-9.2582e-05
-9.237e-05
-9.2158e-05
-9.1946e-05
-9.1734e-05
-9.1522e-05
-9.131e-05
-9.1098e-05
-9.0885e-05
-9.0673e-05
-9.0461e-05
-9.0249e-05
-9.0037e-05
-8.9825e-05
-8.9613e-05
-8.9401e-05
-8.9189e-05
-8.8976e-05
-8.8764e-05
-8.8552e-05
-8.834e-05
-8.8128e-05
-8.7916e-05
-8.7704e-05
-8.7492e-05
-8.728e-05
-8.7067e-05
-8.6855e-05
-8.6643e-05
-8.6431e-05
-8.6219e-05
-8.6007e-05
-8.5795e-05
-8.5583e-05
-8.5371e-05
-8.5158e-05
-8.4946e-05
-8.4734e-05
-8.4522e-05
-8.431e-05
-8.4098e-05
-8.3886e-05
-8.3674e-05
-8.3462e-05
-8.3249e-05
-8.3037e-05
-8.2825e-05
-8.2613e-05
-8.2401e-05
-8.2189e-05
-8.1977e-05
-8.1765e-05
-8.1553e-05
-8.134e-05
-8.1128e-05
-8.0916e-05
-8.0704e-05
-8.0492e-05
-8.028e-05
-8.0068e-05
-7.9856e-05
-7.9644e-05
-7.9431e-05
-7.9219e-05
-7.9007e-05
-7.8795e-05
-7.8583e-05
-7.8371e-05
-7.8159e-05
-7.7947e-05
-7.7735e-05
-7.7522e-05
-7.731e-05
-7.7098e-05
-7.6886e-05
-7.6674e-05
-7.6462e-05
-7.625e-05
-7.6038e-05
-7.5826e-05
-7.5613e-05
-7.5401e-05
-7.5189e-05
-7.4977e-05
-7.4765e-05
-7.4553e-05
-7.4341e-05
-7.4129e-05
-7.3917e-05
-7.3704e-05
-7.3492e-05
-7.328e-05
-7.3068e-05
-7.2856e-05
-7.2644e-05
-7.2432e-05
-7.222e-05
-7.2008e-05
-7.1795e-05
-7.1583e-05
-7.1371e-05
-7.1159e-05
-7.0947e-05
-7.0735e-05
-7.0523e-05
-7.0311e-05
-7.0099e-05
-6.9886e-05
-6.9674e-05
-6.9462e-05
-6.925e-05
-6.9038e-05
-6.8826e-05
-6.8614e-05
-6.8402e-05
-6.819e-05
-6.7978e-05
-6.7765e-05
-6.7553e-05
-6.7341e-05
-6.7129e-05
-6.6917e-05
-6.6705e-05
-6.6493e-05
-6.6281e-05
-6.6069e-05
-6.5856e-05
-6.5644e-05
-6.5432e-05
-6.522e-05
-6.5008e-05
-6.4796e-05
-6.4584e-05
-6.4372e-05
-6.416e-05
-6.3947e-05
-6.3735e-05
-6.3523e-05
-6.3311e-05
-6.3099e-05
-6.2887e-05
-6.2675e-05
-6.2463e-05
-6.2251e-05
-6.2038e-05
-6.1826e-05
-6.1614e-05
-6.1402e-05
-6.119e-05
-6.0978e-05
-6.0766e-05
-6.0554e-05
-6.0342e-05
-6.0129e-05
-5.9917e-05
-5.9705e-05
-5.9493e-05
-5.9281e-05
-5.9069e-05
-5.8857e-05
-5.8645e-05
-5.8433e-05
-5.822e-05
-5.8008e-05
-5.7796e-05
-5.7584e-05
-5.7372e-05
-5.716e-05
-5.6948e-05
-5.6736e-05
-5.6524e-05
-5.6311e-05
-5.6099e-05
-5.5887e-05
-5.5675e-05
-5.5463e-05
-5.5251e-05
-5.5039e-05
-5.4827e-05
-5.4615e-05
-5.4402e-05
-5.419e-05
-5.3978e-05
-5.3766e-05
-5.3554e-05
-5.3342e-05
-5.313e-05
-5.2918e-05
-5.2706e-05
-5.2493e-05
-5.2281e-05
-5.2069e-05
-5.1857e-05
-5.1645e-05
-5.1433e-05
-5.1221e-05
-5.1009e-05
-5.0797e-05
-5.0584e-05
-5.0372e-05
-5.016e-05
-4.9948e-05
-4.9736e-05
-4.9524e-05
-4.9312e-05
-4.91e-05
-4.8888e-05
-4.8675e-05
-4.8463e-05
-4.8251e-05
-4.8039e-05
-4.7827e-05
-4.7615e-05
-4.7403e-05
-4.7191e-05
-4.6979e-05
-4.6766e-05
-4.6554e-05
-4.6342e-05
-4.613e-05
-4.5918e-05
-4.5706e-05
-4.5494e-05
-4.5282e-05
-4.507e-05
-4.4857e-05
-4.4645e-05
-4.4433e-05
-4.4221e-05
-4.4009e-05
-4.3797e-05
-4.3585e-05
-4.3373e-05
-4.3161e-05
-4.2948e-05
-4.2736e-05
-4.2524e-05
-4.2312e-05
-4.21e-05
-4.1888e-05
-4.1676e-05
-4.1464e-05
-4.1252e-05
-4.1039e-05
-4.0827e-05
-4.0615e-05
-4.0403e-05
-4.0191e-05
-3.9979e-05
-3.9767e-05
-3.9555e-05
-3.9343e-05
-3.9131e-05
-3.8918e-05
-3.8706e-05
-3.8494e-05
-3.8282e-05
-3.807e-05
-3.7858e-05
-3.7646e-05
-3.7434e-05
-3.7222e-05
-3.7009e-05
-3.6797e-05
-3.6585e-05
-3.6373e-05
-3.6161e-05
-3.5949e-05
-3.5737e-05
-3.5525e-05
-3.5313e-05
-3.51e-05
-3.4888e-05
-3.4676e-05
-3.4464e-05
-3.4252e-05
-3.404e-05
-3.3828e-05
-3.3616e-05
-3.3404e-05
-3.3191e-05
-3.2979e-05
-3.2767e-05
-3.2555e-05
-3.2343e-05
-3.2131e-05
-3.1919e-05
-3.1707e-05
-3.1495e-05
-3.1282e-05
-3.107e-05
-3.0858e-05
-3.0646e-05
-3.0434e-05
-3.0222e-05
-3.001e-05
-2.9798e-05
-2.9586e-05
-2.9373e-05
-2.9161e-05
-2.8949e-05
-2.8737e-05
-2.8525e-05
-2.8313e-05
-2.8101e-05
-2.7889e-05
-2.7677e-05
-2.7464e-05
-2.7252e-05
-2.704e-05
-2.6828e-05
-2.6616e-05
-2.6404e-05
-2.6192e-05
-2.598e-05
-2.5768e-05
-2.5555e-05
-2.5343e-05
-2.5131e-05
-2.4919e-05
-2.4707e-05
-2.4495e-05
-2.4283e-05
-2.4071e-05
-2.3859e-05
-2.3646e-05
-2.3434e-05
-2.3222e-05
-2.301e-05
-2.2798e-05
-2.2586e-05
-2.2374e-05
-2.2162e-05
-2.195e-05
-2.1737e-05
-2.1525e-05
-2.1313e-05
-2.1101e-05
-2.0889e-05
-2.0677e-05
-2.0465e-05
-2.0253e-05
-2.0041e-05
-1.9828e-05
-1.9616e-05
-1.9404e-05
-1.9192e-05
-1.898e-05
-1.8768e-05
-1.8556e-05
-1.8344e-05
-1.8132e-05
-1.7919e-05
-1.7707e-05
-1.7495e-05
-1.7283e-05
-1.7071e-05
-1.6859e-05
-1.6647e-05
-1.6435e-05
-1.6223e-05
-1.601e-05
-1.5798e-05
-1.5586e-05
-1.5374e-05
-1.5162e-05
-1.495e-05
-1.4738e-05
-1.4526e-05
-1.4314e-05
-1.4101e-05
-1.3889e-05
-1.3677e-05
-1.3465e-05
-1.3253e-05
-1.3041e-05
-1.2829e-05
-1.2617e-05
-1.2405e-05
-1.2193e-05
-1.198e-05
-1.1768e-05
-1.1556e-05
-1.1344e-05
-1.1132e-05
-1.092e-05
-1.0708e-05
-1.0496e-05
-1.0284e-05
-1.0071e-05
-9.8593e-06
-9.6472e-06
-9.4351e-06
-9.223e-06
-9.0108e-06
-8.7987e-06
-8.5866e-06
-8.3745e-06
-8.1624e-06
-7.9503e-06
-7.7382e-06
-7.5261e-06
-7.314e-06
-7.1019e-06
-6.8897e-06
-6.6776e-06
-6.4655e-06
-6.2534e-06
-6.0413e-06
-5.8292e-06
-5.6171e-06
-5.405e-06
-5.1929e-06
-4.9808e-06
-4.7686e-06
-4.5565e-06
-4.3444e-06
-4.1323e-06
-3.9202e-06
-3.7081e-06
-3.496e-06
-3.2839e-06
-3.0718e-06
-2.8597e-06
-2.6475e-06
-2.4354e-06
-2.2233e-06
-2.0112e-06
-1.7991e-06
-1.587e-06
-1.3749e-06
-1.1628e-06
-9.5066e-07
-7.3855e-07
-5.2644e-07
-3.1433e-07
-1.0222e-07
1.0989e-07
3.22e-07
5.3411e-07
7.4622e-07
9.5833e-07
1.1704e-06
1.3826e-06
1.5947e-06
1.8068e-06
2.0189e-06
2.231e-06
2.4431e-06
2.6552e-06
2.8673e-06
3.0794e-06
3.2915e-06
3.5037e-06
3.7158e-06
3.9279e-06
4.14e-06
4.3521e-06
4.5642e-06
4.7763e-06
4.9884e-06
5.2005e-06
5.4126e-06
5.6248e-06
5.8369e-06
6.049e-06
6.2611e-06
6.4732e-06
6.6853e-06
6.8974e-06
7.1095e-06
7.3216e-06
7.5338e-06
7.7459e-06
7.958e-06
8.1701e-06
8.3822e-06
8.5943e-06
8.8064e-06
9.0185e-06
9.2306e-06
9.4427e-06
9.6549e-06
9.867e-06
1.0079e-05
1.0291e-05
1.0503e-05
1.0715e-05
1.0928e-05
1.114e-05
1.1352e-05
1.1564e-05
1.1776e-05
1.1988e-05
1.22e-05
1.2412e-05
1.2624e-05
1.2837e-05
1.3049e-05
1.3261e-05
1.3473e-05
1.3685e-05
1.3897e-05
1.4109e-05
1.4321e-05
1.4533e-05
1.4745e-05
1.4958e-05
1.517e-05
1.5382e-05
1.5594e-05
1.5806e-05
1.6018e-05
1.623e-05
1.6442e-05
1.6654e-05
1.6867e-05
1.7079e-05
1.7291e-05
1.7503e-05
1.7715e-05
1.7927e-05
1.8139e-05
1.8351e-05
1.8563e-05
1.8776e-05
1.8988e-05
1.92e-05
1.9412e-05
1.9624e-05
1.9836e-05
2.0048e-05
2.026e-05
2.0472e-05
2.0685e-05
2.0897e-05
2.1109e-05
2.1321e-05
2.1533e-05
2.1745e-05
2.1957e-05
2.2169e-05
2.2381e-05
2.2594e-05
2.2806e-05
2.3018e-05
2.323e-05
2.3442e-05
2.3654e-05
2.3866e-05
2.4078e-05
2.429e-05
2.4503e-05
2.4715e-05
2.4927e-05
2.5139e-05
2.5351e-05
2.5563e-05
2.5775e-05
2.5987e-05
2.6199e-05
2.6412e-05
2.6624e-05
2.6836e-05
2.7048e-05
2.726e-05
2.7472e-05
2.7684e-05
2.7896e-05
2.8108e-05
2.8321e-05
2.8533e-05
2.8745e-05
2.8957e-05
2.9169e-05
2.9381e-05
2.9593e-05
2.9805e-05
3.0017e-05
3.023e-05
3.0442e-05
3.0654e-05
3.0866e-05
3.1078e-05
3.129e-05
3.1502e-05
3.1714e-05
3.1926e-05
3.2139e-05
3.2351e-05
3.2563e-05
3.2775e-05
3.2987e-05
3.3199e-05
3.3411e-05
3.3623e-05
3.3835e-05
3.4048e-05
3.426e-05
3.4472e-05
3.4684e-05
3.4896e-05
3.5108e-05
3.532e-05
3.5532e-05
3.5744e-05
3.5957e-05
3.6169e-05
3.6381e-05
3.6593e-05
3.6805e-05
3.7017e-05
3.7229e-05
3.7441e-05
3.7653e-05
3.7866e-05
3.8078e-05
3.829e-05
3.8502e-05
3.8714e-05
3.8926e-05
3.9138e-05
3.935e-05
3.9562e-05
3.9775e-05
3.9987e-05
4.0199e-05
4.0411e-05
4.0623e-05
4.0835e-05
4.1047e-05
4.1259e-05
4.1471e-05
4.1684e-05
4.1896e-05
4.2108e-05
4.232e-05
4.2532e-05
4.2744e-05
4.2956e-05
4.3168e-05
4.338e-05
4.3592e-05
4.3805e-05
4.4017e-05
4.4229e-05
4.4441e-05
4.4653e-05
4.4865e-05
4.5077e-05
4.5289e-05
4.5501e-05
4.5714e-05
4.5926e-05
4.6138e-05
4.635e-05
4.6562e-05
4.6774e-05
4.6986e-05
4.7198e-05
4.741e-05
4.7623e-05
4.7835e-05
4.8047e-05
4.8259e-05
4.8471e-05
4.8683e-05
4.8895e-05
4.9107e-05
4.9319e-05
4.9532e-05
4.9744e-05
4.9956e-05
5.0168e-05
5.038e-05
5.0592e-05
5.0804e-05
5.1016e-05
5.1228e-05
5.1441e-05
5.1653e-05
5.1865e-05
5.2077e-05
5.2289e-05
5.2501e-05
5.2713e-05
5.2925e-05
5.3137e-05
5.335e-05
5.3562e-05
5.3774e-05
5.3986e-05
5.4198e-05
5.441e-05
5.4622e-05
5.4834e-05
5.5046e-05
5.5259e-05
5.5471e-05
5.5683e-05
5.5895e-05
5.6107e-05
5.6319e-05
5.6531e-05
5.6743e-05
5.6955e-05
5.7168e-05
5.738e-05
5.7592e-05
5.7804e-05
5.8016e-05
5.8228e-05
5.844e-05
5.8652e-05
5.8864e-05
5.9077e-05
5.9289e-05
5.9501e-05
5.9713e-05
5.9925e-05
6.0137e-05
6.0349e-05
6.0561e-05
6.0773e-05
6.0986e-05
6.1198e-05
6.141e-05
6.1622e-05
6.1834e-05
6.2046e-05
6.2258e-05
6.247e-05
6.2682e-05
6.2895e-05
6.3107e-05
6.3319e-05
6.3531e-05
6.3743e-05
6.3955e-05
6.4167e-05
6.4379e-05
6.4591e-05
6.4804e-05
6.5016e-05
6.5228e-05
6.544e-05
6.5652e-05
6.5864e-05
6.6076e-05
6.6288e-05
6.65e-05
6.6713e-05
6.6925e-05
6.7137e-05
6.7349e-05
6.7561e-05
6.7773e-05
6.7985e-05
6.8197e-05
6.8409e-05
6.8622e-05
6.8834e-05
6.9046e-05
6.9258e-05
6.947e-05
6.9682e-05
6.9894e-05
7.0106e-05
7.0318e-05
7.053e-05
7.0743e-05
7.0955e-05
7.1167e-05
7.1379e-05
7.1591e-05
7.1803e-05
7.2015e-05
7.2227e-05
7.2439e-05
7.2652e-05
7.2864e-05
7.3076e-05
7.3288e-05
7.35e-05
7.3712e-05
7.3924e-05
7.4136e-05
7.4348e-05
7.4561e-05
7.4773e-05
7.4985e-05
7.5197e-05
7.5409e-05
7.5621e-05
7.5833e-05
7.6045e-05
7.6257e-05
7.647e-05
7.6682e-05
7.6894e-05
7.7106e-05
7.7318e-05
7.753e-05
7.7742e-05
7.7954e-05
7.8166e-05
7.8379e-05
7.8591e-05
7.8803e-05
7.9015e-05
7.9227e-05
7.9439e-05
7.9651e-05
7.9863e-05
8.0075e-05
8.0288e-05
8.05e-05
8.0712e-05
8.0924e-05
8.1136e-05
8.1348e-05
8.156e-05
8.1772e-05
8.1984e-05
8.2197e-05
8.2409e-05
8.2621e-05
8.2833e-05
8.3045e-05
8.3257e-05
8.3469e-05
8.3681e-05
8.3893e-05
8.4106e-05
8.4318e-05
8.453e-05
8.4742e-05
8.4954e-05
8.5166e-05
8.5378e-05
8.559e-05
8.5802e-05
8.6015e-05
8.6227e-05
8.6439e-05
8.6651e-05
8.6863e-05
8.7075e-05
8.7287e-05
8.7499e-05
8.7711e-05
8.7924e-05
8.8136e-05
8.8348e-05
8.856e-05
8.8772e-05
8.8984e-05
8.9196e-05
8.9408e-05
8.962e-05
8.9833e-05
9.0045e-05
9.0257e-05
9.0469e-05
9.0681e-05
9.0893e-05
9.1105e-05
9.1317e-05
9.1529e-05
9.1742e-05
9.1954e-05
9.2166e-05
9.2378e-05
9.259e-05
9.2802e-05
9.3014e-05
9.3226e-05
9.3438e-05
9.3651e-05
9.3863e-05
9.4075e-05
9.4287e-05
9.4499e-05
9.4711e-05
9.4923e-05
9.5135e-05
9.5347e-05
9.556e-05
9.5772e-05
9.5984e-05
9.6196e-05
9.6408e-05
9.662e-05
9.6832e-05
9.7044e-05
9.7256e-05
9.7468e-05
9.7681e-05
9.7893e-05
9.8105e-05
9.8317e-05
9.8529e-05
9.8741e-05
9.8953e-05
9.9165e-05
9.9377e-05
9.959e-05
9.9802e-05
0.00010001
0.00010023
0.00010044
0.00010065
0.00010086
0.00010107
0.00010129
0.0001015
0.00010171
0.00010192
0.00010213
0.00010235
0.00010256
0.00010277
0.00010298
0.0001032
0.00010341
0.00010362
0.00010383
0.00010404
0.00010426
0.00010447
0.00010468
0.00010489
0.0001051
0.00010532
0.00010553
0.00010574
0.00010595
0.00010617
0.00010638
0.00010659
0.0001068
0.00010701
0.00010723
0.00010744
0.00010765
0.00010786
0.00010807
0.00010829
0.0001085
0.00010871
0.00010892
0.00010913
0.00010935
0.00010956
0.00010977
0.00010998
0.0001102
0.00011041
0.00011062
0.00011083
0.00011104
0.00011126
0.00011147
0.00011168
0.00011189
0.0001121
0.00011232
0.00011253
0.00011274
0.00011295
0.00011316
0.00011338
0.00011359
0.0001138
0.00011401
0.00011423
0.00011444
0.00011465
0.00011486
0.00011507
0.00011529
0.0001155
0.00011571
0.00011592
0.00011613
0.00011635
0.00011656
0.00011677
0.00011698
0.00011719
0.00011741
0.00011762
0.00011783
0.00011804
0.00011826
0.00011847
0.00011868
0.00011889
0.0001191
0.00011932
0.00011953
0.00011974
0.00011995
0.00012016
0.00012038
0.00012059
0.0001208
0.00012101
0.00012122
0.00012144
0.00012165
0.00012186
0.00012207
0.00012229
0.0001225
0.00012271
0.00012292
0.00012313
0.00012335
0.00012356
0.00012377
0.00012398
0.00012419
0.00012441
0.00012462
0.00012483
0.00012504
0.00012525
0.00012547
0.00012568
0.00012589
0.0001261
0.00012632
0.00012653
0.00012674
0.00012695
0.00012716
0.00012738
0.00012759
0.0001278
0.00012801
0.00012822
0.00012844
0.00012865
0.00012886
0.00012907
0.00012929
0.0001295
0.00012971
0.00012992
0.00013013
0.00013035
0.00013056
0.00013077
0.00013098
0.00013119
0.00013141
0.00013162
0.00013183
0.00013204
0.00013225
0.00013247
0.00013268
0.00013289
0.0001331
0.00013332
0.00013353
0.00013374
0.00013395
0.00013416
0.00013438
0.00013459
0.0001348
0.00013501
0.00013522
0.00013544
0.00013565
0.00013586
0.00013607
0.00013628
0.0001365
0.00013671
0.00013692
0.00013713
0.00013735
0.00013756
0.00013777
0.00013798
0.00013819
0.00013841
0.00013862
0.00013883
0.00013904
0.00013925
0.00013947
0.00013968
0.00013989
0.0001401
0.00014031
0.00014053
0.00014074
0.00014095
0.00014116
0.00014138
0.00014159
0.0001418
0.00014201
0.00014222
0.00014244
0.00014265
0.00014286
0.00014307
0.00014328
0.0001435
0.00014371
0.00014392
0.00014413
0.00014434
0.00014456
0.00014477
0.00014498
0.00014519
0.00014541
0.00014562
0.00014583
0.00014604
0.00014625
0.00014647
0.00014668
0.00014689
0.0001471
0.00014731
0.00014753
0.00014774
0.00014795
0.00014816
0.00014837
0.00014859
0.0001488
0.00014901
0.00014922
0.00014944
0.00014965
0.00014986
0.00015007
0.00015028
0.0001505
0.00015071
0.00015092
0.00015113
0.00015134
0.00015156
0.00015177
0.00015198
0.00015219
0.00015241
0.00015262
0.00015283
0.00015304
0.00015325
0.00015347
0.00015368
0.00015389
0.0001541
0.00015431
0.00015453
0.00015474
0.00015495
0.00015516
0.00015537
0.00015559
0.0001558
0.00015601
0.00015622
0.00015644
0.00015665
0.00015686
0.00015707
0.00015728
0.0001575
0.00015771
0.00015792
0.00015813
0.00015834
0.00015856
0.00015877
0.00015898
0.00015919
0.0001594
0.00015962
0.00015983
0.00016004
0.00016025
0.00016047
0.00016068
0.00016089
0.0001611
0.00016131
0.00016153
0.00016174
0.00016195
0.00016216
0.00016237
0.00016259
0.0001628
0.00016301
0.00016322
0.00016343
0.00016365
0.00016386
0.00016407
0.00016428
0.0001645
0.00016471
0.00016492
0.00016513
0.00016534
0.00016556
0.00016577
0.00016598
0.00016619
0.0001664
0.00016662
0.00016683
0.00016704
0.00016725
0.00016746
0.00016768
0.00016789
0.0001681
0.00016831
0.00016853
0.00016874
0.00016895
0.00016916
0.00016937
0.00016959
0.0001698
0.00017001
0.00017022
0.00017043
0.00017065
0.00017086
0.00017107
0.00017128
0.00017149
0.00017171
0.00017192
0.00017213
0.00017234
0.00017256
0.00017277
0.00017298
0.00017319
0.0001734
0.00017362
0.00017383
0.00017404
0.00017425
0.00017446
0.00017468
0.00017489
0.0001751
0.00017531
0.00017553
0.00017574
0.00017595
0.00017616
0.00017637
0.00017659
0.0001768
0.00017701
0.00017722
0.00017743
0.00017765
0.00017786
0.00017807
0.00017828
0.00017849
0.00017871
0.00017892
0.00017913
0.00017934
0.00017956
0.00017977
0.00017998
0.00018019
0.0001804
0.00018062
0.00018083
0.00018104
0.00018125
0.00018146
0.00018168
0.00018189
0.0001821
0.00018231
0.00018252
0.00018274
0.00018295
0.00018316
0.00018337
0.00018359
0.0001838
0.00018401
0.00018422
0.00018443
0.00018465
0.00018486
0.00018507
0.00018528
0.00018549
0.00018571
0.00018592
0.00018613
0.00018634
0.00018655
0.00018677
0.00018698
0.00018719
0.0001874
0.00018762
0.00018783
0.00018804
0.00018825
0.00018846
0.00018868
0.00018889
0.0001891
0.00018931
0.00018952
0.00018974
0.00018995
0.00019016
0.00019037
0.00019058
0.0001908
0.00019101
0.00019122
0.00019143
0.00019165
0.00019186
0.00019207
0.00019228
0.00019249
0.00019271
0.00019292
0.00019313
0.00019334
0.00019355
0.00019377
0.00019398
0.00019419
0.0001944
0.00019461
0.00019483
0.00019504
0.00019525
0.00019546
0.00019568
0.00019589
0.0001961
0.00019631
0.00019652
0.00019674
0.00019695
0.00019716
0.00019737
0.00019758
0.0001978
0.00019801
0.00019822
0.00019843
0.00019865
0.00019886
0.00019907
0.00019928
0.00019949
0.00019971
0.00019992
0.00020013
0.00020034
0.00020055
0.00020077
0.00020098
0.00020119
0.0002014
0.00020161
0.00020183
0.00020204
0.00020225
0.00020246
0.00020268
0.00020289
0.0002031
0.00020331
0.00020352
0.00020374
0.00020395
0.00020416
0.00020437
0.00020458
0.0002048
0.00020501
0.00020522
0.00020543
0.00020564
0.00020586
0.00020607
0.00020628
0.00020649
0.00020671
0.00020692
0.00020713
0.00020734
0.00020755
0.00020777
0.00020798
0.00020819
0.0002084
0.00020861
0.00020883
0.00020904
0.00020925
0.00020946
0.00020967
0.00020989
0.0002101
0.00021031
0.00021052
0.00021074
0.00021095
0.00021116
0.00021137
0.00021158
0.0002118
0.00021201
0.00021222
0.00021243
0.00021264
0.00021286
0.00021307
0.00021328
0.00021349
0.0002137
0.00021392
0.00021413
0.00021434
0.00021455
0.00021477
0.00021498
0.00021519
0.0002154
0.00021561
0.00021583
0.00021604
0.00021625
0.00021646
0.00021667
0.00021689
0.0002171
0.00021731
0.00021752
0.00021774
0.00021795
0.00021816
0.00021837
0.00021858
0.0002188
0.00021901
0.00021922
0.00021943
0.00021964
0.00021986
0.00022007
0.00022028
0.00022049
0.0002207
0.00022092
0.00022113
0.00022134
0.00022155
0.00022177
0.00022198
0.00022219
0.0002224
0.00022261
0.00022283
0.00022304
0.00022325
0.00022346
0.00022367
0.00022389
0.0002241
0.00022431
0.00022452
0.00022473
0.00022495
0.00022516
0.00022537
0.00022558
0.0002258
0.00022601
0.00022622
0.00022643
0.00022664
0.00022686
0.00022707
0.00022728
0.00022749
0.0002277
0.00022792
0.00022813
0.00022834
0.00022855
0.00022876
0.00022898
0.00022919
0.0002294
0.00022961
0.00022983
0.00023004
0.00023025
0.00023046
0.00023067
0.00023089
0.0002311
0.00023131
0.00023152
0.00023173
0.00023195
0.00023216
0.00023237
0.00023258
0.00023279
0.00023301
0.00023322
0.00023343
0.00023364
0.00023386
0.00023407
0.00023428
0.00023449
0.0002347
0.00023492
0.00023513
0.00023534
0.00023555
0.00023576
0.00023598
0.00023619
0.0002364
0.00023661
0.00023682
0.00023704
0.00023725
0.00023746
0.00023767
0.00023789
0.0002381
0.00023831
0.00023852
0.00023873
0.00023895
0.00023916
0.00023937
0.00023958
0.00023979
0.00024001
0.00024022
0.00024043
0.00024064
0.00024085
0.00024107
0.00024128
0.00024149
0.0002417
0.00024192
0.00024213
0.00024234
0.00024255
0.00024276
0.00024298
0.00024319
0.0002434
0.00024361
0.00024382
0.00024404
0.00024425
0.00024446
0.00024467
0.00024488
0.0002451
0.00024531
0.00024552
0.00024573
0.00024595
0.00024616
0.00024637
0.00024658
0.00024679
0.00024701
0.00024722
0.00024743
0.00024764
0.00024785
0.00024807
0.00024828
0.00024849
0.0002487
0.00024891
0.00024913
0.00024934
0.00024955
0.00024976
0.00024997
0.00025019
0.0002504
0.00025061
0.00025082
0.00025103
0.00025125
0.00025146
0.00025167
0.00025188
0.00025209
0.00025231
0.00025252
0.00025273
0.00025294
0.00025315
0.00025337
0.00025358
0.00025379
0.000254
0.00025421
0.00025443
0.00025464
0.00025485
0.00025506
0.00025527
0.00025548
0.0002557
0.00025591
0.00025612
0.00025633
0.00025654
0.00025676
0.00025697
0.00025718
0.00025739
0.0002576
0.00025781
0.00025803
0.00025824
0.00025845
0.00025866
0.00025887
0.00025908
0.0002593
0.00025951
0.00025972
0.00025993
0.00026014
0.00026035
0.00026056
0.00026078
0.00026099
0.0002612
0.00026141
0.00026162
0.00026183
0.00026204
0.00026225
0.00026246
0.00026268
0.00026289
0.0002631
0.00026331
0.00026352
0.00026373
0.00026394
0.00026415
0.00026436
0.00026457
0.00026478
0.00026499
0.0002652
0.00026541
0.00026562
0.00026583
0.00026604
0.00026625
0.00026646
0.00026667
0.00026688
0.00026709
0.0002673
0.00026751
0.00026772
0.00026793
0.00026814
0.00026835
0.00026856
0.00026877
0.00026897
0.00026918
0.00026939
0.0002696
0.00026981
0.00027002
0.00027022
0.00027043
0.00027064
0.00027085
0.00027105
0.00027126
0.00027147
0.00027167
0.00027188
0.00027209
0.00027229
0.0002725
0.0002727
0.00027291
0.00027311
0.00027332
0.00027352
0.00027373
0.00027393
0.00027413
0.00027434
0.00027454
0.00027474
0.00027495
0.00027515
0.00027535
0.00027555
0.00027575
0.00027595
0.00027615
0.00027635
0.00027655
0.00027675
0.00027695
0.00027715
0.00027735
0.00027754
0.00027774
0.00027794
0.00027813
0.00027833
0.00027852
0.00027872
0.00027891
0.0002791
0.00027929
0.00027949
0.00027968
0.00027987
0.00028006
0.00028025
0.00028043
0.00028062
0.00028081
0.00028099
0.00028118
0.00028136
0.00028155
0.00028173
0.00028191
0.00028209
0.00028227
0.00028245
0.00028263
0.00028281
0.00028298
0.00028316
0.00028333
0.0002835
0.00028368
0.00028385
0.00028402
0.00028418
0.00028435
0.00028451
0.00028468
0.00028484
0.000285
0.00028516
0.00028532
0.00028548
0.00028563
0.00028579
0.00028594
0.00028609
0.00028624
0.00028638
0.00028653
0.00028667
0.00028681
0.00028695
0.00028709
0.00028722
0.00028736
0.00028749
0.00028762
0.00028774
0.00028787
0.00028799
0.00028811
0.00028822
0.00028834
0.00028845
0.00028856
0.00028867
0.00028877
0.00028887
0.00028897
0.00028907
0.00028916
0.00028925
0.00028934
0.00028942
0.0002895
0.00028958
0.00028965
0.00028972
0.00028979
0.00028985
0.00028991
0.00028997
0.00029002
0.00029007
0.00029011
0.00029015
0.00029019
0.00029022
0.00029025
0.00029027
0.00029029
0.0002903
0.00029031
0.00029032
0.00029032
0.00029031
0.0002903
0.00029029
0.00029026
0.00029024
0.00029021
0.00029017
0.00029013
0.00029008
0.00029003
0.00028997
0.0002899
0.00028983
0.00028975
0.00028967
0.00028958
0.00028948
0.00028938
0.00028927
0.00028915
0.00028902
0.00028889
0.00028875
0.00028861
0.00028845
0.00028829
0.00028812
0.00028794
0.00028776
0.00028756
0.00028736
0.00028715
0.00028693
0.0002867
0.00028647
0.00028622
0.00028597
0.0002857
0.00028543
0.00028514
0.00028485
0.00028455
0.00028423
0.00028391
0.00028358
0.00028323
0.00028288
0.00028251
0.00028213
0.00028175
0.00028135
0.00028093
0.00028051
0.00028008
0.00027963
0.00027917
0.0002787
0.00027822
0.00027772
0.00027721
0.00027669
0.00027615
0.0002756
0.00027504
0.00027446
0.00027387
0.00027326
0.00027264
0.00027201
0.00027136
0.0002707
0.00027002
0.00026932
0.00026861
0.00026789
0.00026714
0.00026639
0.00026561
0.00026482
0.00026401
0.00026319
0.00026234
0.00026148
0.0002606
0.00025971
0.0002588
0.00025786
0.00025691
0.00025594
0.00025496
0.00025395
0.00025292
0.00025187
0.00025081
0.00024972
0.00024861
0.00024749
0.00024634
0.00024517
0.00024398
0.00024276
0.00024153
0.00024027
0.000239
0.0002377
0.00023637
0.00023503
0.00023366
0.00023226
0.00023085
0.00022941
0.00022794
0.00022645
0.00022494
0.0002234
0.00022183
0.00022024
0.00021863
0.00021699
0.00021532
0.00021362
0.0002119
0.00021016
0.00020838
0.00020658
0.00020475
0.00020289
0.000201
0.00019909
0.00019714
0.00019517
0.00019317
0.00019113
0.00018907
0.00018698
0.00018486
0.0001827
0.00018052
0.0001783
0.00017606
0.00017377
0.00017147
0.00016911
0.00016675
0.00016432
0.00016191
0.0001594
0.00015692
0.00015434
0.00015181
0.00014915
0.00014655
0.00014381
0.00014115
0.00013834
0.00013561
0.00013271
0.00012993
0.00012695
0.0001241
0.00012103
0.00011811
0.00011497
0.00011197
0.00010875
0.00010567
0.00010239
9.9216e-05
9.5869e-05
9.2594e-05
8.9193e-05
8.5808e-05
8.2359e-05
7.8854e-05
7.5362e-05
7.1732e-05
6.82e-05
6.444e-05
6.0868e-05
5.698e-05
5.336e-05
4.9351e-05
4.5673e-05
4.1554e-05
3.78e-05
3.3589e-05
2.9738e-05
2.5454e-05
2.1483e-05
1.7148e-05
1.3034e-05
8.6649e-06
4.3927e-06
