-2.3652e-05
-4.692e-05
-6.9804e-05
-9.2314e-05
-0.00011445
-0.00013622
-0.00015761
-0.00017866
-0.00019934
-0.00021967
-0.00023965
-0.00025929
-0.00027858
-0.00029754
-0.00031615
-0.00033445
-0.00035241
-0.00037006
-0.00038738
-0.00040439
-0.00042108
-0.00043747
-0.00045356
-0.00046934
-0.00048483
-0.00050002
-0.00051492
-0.00052953
-0.00054386
-0.00055791
-0.00057168
-0.00058518
-0.00059841
-0.00061137
-0.00062407
-0.0006365
-0.00064869
-0.0006606
-0.00067228
-0.0006837
-0.00069489
-0.00070582
-0.00071653
-0.00072698
-0.00073722
-0.0007472
-0.000757
-0.00076652
-0.00077587
-0.00078496
-0.00079388
-0.00080253
-0.00081103
-0.00081926
-0.00082735
-0.00083517
-0.00084287
-0.00085029
-0.0008576
-0.00086463
-0.00087156
-0.00087821
-0.00088478
-0.00089106
-0.00089727
-0.00090319
-0.00090906
-0.00091463
-0.00092016
-0.00092539
-0.00093059
-0.0009355
-0.00094038
-0.00094496
-0.00094953
-0.0009538
-0.00095808
-0.00096204
-0.00096603
-0.0009697
-0.0009734
-0.00097678
-0.00098021
-0.00098332
-0.00098648
-0.00098931
-0.00099221
-0.00099479
-0.00099744
-0.00099976
-0.0010022
-0.0010042
-0.0010064
-0.0010082
-0.0010102
-0.0010118
-0.0010135
-0.0010149
-0.0010164
-0.0010176
-0.0010189
-0.0010198
-0.0010209
-0.0010217
-0.0010225
-0.0010231
-0.0010238
-0.0010242
-0.0010247
-0.0010249
-0.0010252
-0.0010252
-0.0010254
-0.0010252
-0.0010252
-0.0010249
-0.0010247
-0.0010243
-0.0010239
-0.0010233
-0.0010228
-0.0010221
-0.0010214
-0.0010205
-0.0010197
-0.0010187
-0.0010178
-0.0010166
-0.0010155
-0.0010142
-0.001013
-0.0010116
-0.0010103
-0.0010088
-0.0010073
-0.0010057
-0.0010041
-0.0010024
-0.0010007
-0.00099885
-0.00099707
-0.00099511
-0.00099322
-0.00099117
-0.00098918
-0.00098704
-0.00098495
-0.00098272
-0.00098054
-0.00097822
-0.00097595
-0.00097355
-0.00097119
-0.00096871
-0.00096626
-0.00096372
-0.00096118
-0.00095857
-0.00095595
-0.00095327
-0.00095058
-0.00094783
-0.00094507
-0.00094225
-0.00093942
-0.00093654
-0.00093365
-0.00093071
-0.00092775
-0.00092476
-0.00092173
-0.00091869
-0.00091561
-0.00091251
-0.00090937
-0.00090622
-0.00090303
-0.00089984
-0.00089659
-0.00089335
-0.00089006
-0.00088677
-0.00088343
-0.00088011
-0.00087672
-0.00087335
-0.00086993
-0.00086652
-0.00086305
-0.00085961
-0.0008561
-0.00085262
-0.00084908
-0.00084556
-0.00084199
-0.00083843
-0.00083483
-0.00083124
-0.0008276
-0.00082399
-0.00082032
-0.00081667
-0.00081298
-0.0008093
-0.00080558
-0.00080188
-0.00079813
-0.0007944
-0.00079063
-0.00078688
-0.00078308
-0.00077931
-0.00077549
-0.00077169
-0.00076785
-0.00076403
-0.00076017
-0.00075633
-0.00075245
-0.00074859
-0.0007447
-0.00074082
-0.00073691
-0.00073301
-0.00072908
-0.00072516
-0.00072122
-0.00071729
-0.00071333
-0.00070939
-0.00070542
-0.00070145
-0.00069747
-0.00069349
-0.0006895
-0.00068551
-0.0006815
-0.0006775
-0.00067348
-0.00066947
-0.00066544
-0.00066141
-0.00065738
-0.00065334
-0.00064929
-0.00064524
-0.00064119
-0.00063713
-0.00063307
-0.000629
-0.00062493
-0.00062085
-0.00061677
-0.00061269
-0.0006086
-0.00060451
-0.00060042
-0.00059632
-0.00059222
-0.00058812
-0.00058401
-0.0005799
-0.00057579
-0.00057167
-0.00056755
-0.00056343
-0.0005593
-0.00055518
-0.00055105
-0.00054691
-0.00054278
-0.00053864
-0.00053451
-0.00053036
-0.00052622
-0.00052207
-0.00051793
-0.00051378
-0.00050963
-0.00050547
-0.00050132
-0.00049716
-0.00049301
-0.00048885
-0.00048469
-0.00048052
-0.00047636
-0.00047219
-0.00046803
-0.00046386
-0.00045969
-0.00045552
-0.00045135
-0.00044717
-0.000443
-0.00043882
-0.00043465
-0.00043047
-0.00042629
-0.00042211
-0.00041793
-0.00041375
-0.00040957
-0.00040538
-0.0004012
-0.00039702
-0.00039283
-0.00038864
-0.00038446
-0.00038027
-0.00037608
-0.00037189
-0.0003677
-0.00036351
-0.00035932
-0.00035513
-0.00035094
-0.00034674
-0.00034255
-0.00033836
-0.00033416
-0.00032997
-0.00032577
-0.00032158
-0.00031738
-0.00031318
-0.00030899
-0.00030479
-0.00030059
-0.0002964
-0.0002922
-0.000288
-0.0002838
-0.0002796
-0.0002754
-0.0002712
-0.000267
-0.0002628
-0.0002586
-0.0002544
-0.0002502
-0.000246
-0.00024179
-0.00023759
-0.00023339
-0.00022919
-0.00022499
-0.00022078
-0.00021658
-0.00021238
-0.00020817
-0.00020397
-0.00019977
-0.00019556
-0.00019136
-0.00018716
-0.00018295
-0.00017875
-0.00017454
-0.00017034
-0.00016613
-0.00016193
-0.00015772
-0.00015352
-0.00014931
-0.00014511
-0.0001409
-0.0001367
-0.00013249
-0.00012829
-0.00012408
-0.00011988
-0.00011567
-0.00011147
-0.00010726
-0.00010305
-9.8848e-05
-9.4642e-05
-9.0436e-05
-8.623e-05
-8.2024e-05
-7.7818e-05
-7.3612e-05
-6.9406e-05
-6.52e-05
-6.0993e-05
-5.6787e-05
-5.2581e-05
-4.8374e-05
-4.4168e-05
-3.9961e-05
-3.5755e-05
-3.1549e-05
-2.7342e-05
-2.3136e-05
-1.8929e-05
-1.4723e-05
-1.0516e-05
-6.3098e-06
-2.1033e-06
2.1033e-06
6.3098e-06
1.0516e-05
1.4723e-05
1.8929e-05
2.3136e-05
2.7342e-05
3.1549e-05
3.5755e-05
3.9961e-05
4.4168e-05
4.8374e-05
5.2581e-05
5.6787e-05
6.0993e-05
6.52e-05
6.9406e-05
7.3612e-05
7.7818e-05
8.2024e-05
8.623e-05
9.0436e-05
9.4642e-05
9.8848e-05
0.00010305
0.00010726
0.00011147
0.00011567
0.00011988
0.00012408
0.00012829
0.00013249
0.0001367
0.0001409
0.00014511
0.00014931
0.00015352
0.00015772
0.00016193
0.00016613
0.00017034
0.00017454
0.00017875
0.00018295
0.00018716
0.00019136
0.00019556
0.00019977
0.00020397
0.00020817
0.00021238
0.00021658
0.00022078
0.00022499
0.00022919
0.00023339
0.00023759
0.00024179
0.000246
0.0002502
0.0002544
0.0002586
0.0002628
0.000267
0.0002712
0.0002754
0.0002796
0.0002838
0.000288
0.0002922
0.0002964
0.00030059
0.00030479
0.00030899
0.00031318
0.00031738
0.00032158
0.00032577
0.00032997
0.00033416
0.00033836
0.00034255
0.00034674
0.00035094
0.00035513
0.00035932
0.00036351
0.0003677
0.00037189
0.00037608
0.00038027
0.00038446
0.00038864
0.00039283
0.00039702
0.0004012
0.00040538
0.00040957
0.00041375
0.00041793
0.00042211
0.00042629
0.00043047
0.00043465
0.00043882
0.000443
0.00044717
0.00045135
0.00045552
0.00045969
0.00046386
0.00046803
0.00047219
0.00047636
0.00048052
0.00048469
0.00048885
0.00049301
0.00049716
0.00050132
0.00050547
0.00050963
0.00051378
0.00051793
0.00052207
0.00052622
0.00053036
0.00053451
0.00053864
0.00054278
0.00054691
0.00055105
0.00055518
0.0005593
0.00056343
0.00056755
0.00057167
0.00057579
0.0005799
0.00058401
0.00058812
0.00059222
0.00059632
0.00060042
0.00060451
0.0006086
0.00061269
0.00061677
0.00062085
0.00062493
0.000629
0.00063307
0.00063713
0.00064119
0.00064524
0.00064929
0.00065334
0.00065738
0.00066141
0.00066544
0.00066947
0.00067348
0.0006775
0.0006815
0.00068551
0.0006895
0.00069349
0.00069747
0.00070145
0.00070542
0.00070939
0.00071333
0.00071729
0.00072122
0.00072516
0.00072908
0.00073301
0.00073691
0.00074082
0.0007447
0.00074859
0.00075245
0.00075633
0.00076017
0.00076403
0.00076785
0.00077169
0.00077549
0.00077931
0.00078308
0.00078688
0.00079063
0.0007944
0.00079813
0.00080188
0.00080558
0.0008093
0.00081298
0.00081667
0.00082032
0.00082399
0.0008276
0.00083124
0.00083483
0.00083843
0.00084199
0.00084556
0.00084908
0.00085262
0.0008561
0.00085961
0.00086305
0.00086652
0.00086993
0.00087335
0.00087672
0.00088011
0.00088343
0.00088677
0.00089006
0.00089335
0.00089659
0.00089984
0.00090303
0.00090622
0.00090937
0.00091251
0.00091561
0.00091869
0.00092173
0.00092476
0.00092775
0.00093071
0.00093365
0.00093654
0.00093942
0.00094225
0.00094507
0.00094783
0.00095058
0.00095327
0.00095595
0.00095857
0.00096118
0.00096372
0.00096626
0.00096871
0.00097119
0.00097355
0.00097595
0.00097822
0.00098054
0.00098272
0.00098495
0.00098704
0.00098918
0.00099117
0.00099322
0.00099511
0.00099707
0.00099885
0.0010007
0.0010024
0.0010041
0.0010057
0.0010073
0.0010088
0.0010103
0.0010116
0.001013
0.0010142
0.0010155
0.0010166
0.0010178
0.0010187
0.0010197
0.0010205
0.0010214
0.0010221
0.0010228
0.0010233
0.0010239
0.0010243
0.0010247
0.0010249
0.0010252
0.0010252
0.0010254
0.0010252
0.0010252
0.0010249
0.0010247
0.0010242
0.0010238
0.0010231
0.0010225
0.0010217
0.0010209
0.0010198
0.0010189
0.0010176
0.0010164
0.0010149
0.0010135
0.0010118
0.0010102
0.0010082
0.0010064
0.0010042
0.0010022
0.00099976
0.00099744
0.00099479
0.00099221
0.00098931
0.00098648
0.00098332
0.00098021
0.00097678
0.0009734
0.0009697
0.00096603
0.00096204
0.00095808
0.0009538
0.00094953
0.00094496
0.00094038
0.0009355
0.00093059
0.00092539
0.00092016
0.00091463
0.00090906
0.00090319
0.00089727
0.00089106
0.00088478
0.00087821
0.00087156
0.00086463
0.0008576
0.00085029
0.00084287
0.00083517
0.00082735
0.00081926
0.00081103
0.00080253
0.00079388
0.00078496
0.00077587
0.00076652
0.000757
0.0007472
0.00073722
0.00072698
0.00071653
0.00070582
0.00069489
0.0006837
0.00067228
0.0006606
0.00064869
0.0006365
0.00062407
0.00061137
0.00059841
0.00058518
0.00057168
0.00055791
0.00054386
0.00052953
0.00051492
0.00050002
0.00048483
0.00046934
0.00045356
0.00043747
0.00042108
0.00040439
0.00038738
0.00037006
0.00035241
0.00033445
0.00031615
0.00029754
0.00027858
0.00025929
0.00023965
0.00021967
0.00019934
0.00017866
0.00015761
0.00013622
0.00011445
9.2314e-05
6.9804e-05
4.692e-05
2.3652e-05
