-0.0030336
-0.0037328
-0.0040393
-0.004202
-0.0042957
-0.004351
-0.004383
-0.0044
-0.0044067
-0.0044062
-0.0044006
-0.0043911
-0.0043787
-0.004364
-0.0043476
-0.0043299
-0.0043111
-0.0042914
-0.0042709
-0.0042499
-0.0042285
-0.0042066
-0.0041844
-0.0041619
-0.0041392
-0.0041163
-0.0040933
-0.0040701
-0.0040467
-0.0040233
-0.0039998
-0.0039762
-0.0039525
-0.0039288
-0.003905
-0.0038812
-0.0038574
-0.0038335
-0.0038096
-0.0037857
-0.0037617
-0.0037377
-0.0037138
-0.0036897
-0.0036657
-0.0036417
-0.0036176
-0.0035936
-0.0035695
-0.0035455
-0.0035214
-0.0034973
-0.0034732
-0.0034491
-0.003425
-0.0034009
-0.0033768
-0.0033527
-0.0033286
-0.0033045
-0.0032804
-0.0032563
-0.0032322
-0.0032081
-0.003184
-0.0031598
-0.0031357
-0.0031116
-0.0030875
-0.0030634
-0.0030392
-0.0030151
-0.002991
-0.0029669
-0.0029427
-0.0029186
-0.0028945
-0.0028704
-0.0028462
-0.0028221
-0.002798
-0.0027738
-0.0027497
-0.0027256
-0.0027015
-0.0026773
-0.0026532
-0.0026291
-0.0026049
-0.0025808
-0.0025567
-0.0025326
-0.0025084
-0.0024843
-0.0024602
-0.002436
-0.0024119
-0.0023878
-0.0023637
-0.0023395
-0.0023154
-0.0022913
-0.0022671
-0.002243
-0.0022189
-0.0021948
-0.0021706
-0.0021465
-0.0021224
-0.0020982
-0.0020741
-0.00205
-0.0020259
-0.0020017
-0.0019776
-0.0019535
-0.0019294
-0.0019052
-0.0018811
-0.001857
-0.0018328
-0.0018087
-0.0017846
-0.0017605
-0.0017364
-0.0017122
-0.0016881
-0.001664
-0.0016399
-0.0016157
-0.0015916
-0.0015675
-0.0015434
-0.0015193
-0.0014951
-0.001471
-0.0014469
-0.0014228
-0.0013987
-0.0013746
-0.0013505
-0.0013264
-0.0013022
-0.0012781
-0.001254
-0.0012299
-0.0012058
-0.0011817
-0.0011576
-0.0011335
-0.0011094
-0.0010853
-0.0010612
-0.0010371
-0.001013
-0.00098896
-0.00096487
-0.00094079
-0.00091671
-0.00089263
-0.00086855
-0.00084448
-0.00082041
-0.00079635
-0.00077228
-0.00074822
-0.00072417
-0.00070011
-0.00067607
-0.00065202
-0.00062798
-0.00060395
-0.00057992
-0.00055589
-0.00053187
-0.00050785
-0.00048384
-0.00045984
-0.00043584
-0.00041184
-0.00038786
-0.00036388
-0.0003399
-0.00031594
-0.00029198
-0.00026803
-0.00024408
-0.00022015
-0.00019622
-0.00017231
-0.0001484
-0.0001245
-0.00010062
-7.6738e-05
-5.2872e-05
-2.9017e-05
-5.1736e-06
1.8657e-05
4.2476e-05
6.6281e-05
9.0073e-05
0.00011385
0.00013761
0.00016136
0.0001851
0.00020881
0.00023251
0.00025619
0.00027986
0.0003035
0.00032713
0.00035074
0.00037432
0.00039789
0.00042143
0.00044495
0.00046845
0.00049192
0.00051537
0.00053879
0.00056218
0.00058555
0.00060889
0.0006322
0.00065547
0.00067872
0.00070193
0.00072511
0.00074826
0.00077137
0.00079444
0.00081747
0.00084047
0.00086342
0.00088633
0.0009092
0.00093203
0.0009548
0.00097753
0.0010002
0.0010228
0.0010454
0.001068
0.0010904
0.0011128
0.0011352
0.0011575
0.0011797
0.0012019
0.001224
0.001246
0.001268
0.0012899
0.0013117
0.0013334
0.0013551
0.0013767
0.0013982
0.0014196
0.0014409
0.0014622
0.0014833
0.0015043
0.0015253
0.0015461
0.0015669
0.0015875
0.001608
0.0016284
0.0016487
0.0016689
0.0016889
0.0017089
0.0017287
0.0017483
0.0017678
0.0017872
0.0018065
0.0018255
0.0018445
0.0018632
0.0018819
0.0019003
0.0019186
0.0019367
0.0019546
0.0019723
0.0019899
0.0020072
0.0020244
0.0020413
0.0020581
0.0020746
0.0020909
0.002107
0.0021228
0.0021384
0.0021538
0.0021689
0.0021837
0.0021983
0.0022126
0.0022266
0.0022403
0.0022538
0.0022669
0.0022797
0.0022923
0.0023044
0.0023163
0.0023278
0.002339
0.0023498
0.0023602
0.0023702
0.0023799
0.0023892
0.002398
0.0024065
0.0024145
0.0024221
0.0024292
0.0024358
0.002442
0.0024477
0.0024529
0.0024576
0.0024618
0.0024655
0.0024686
0.0024711
0.0024731
0.0024745
0.0024752
0.0024754
0.0024749
0.0024738
0.002472
0.0024695
0.0024664
0.0024625
0.0024579
0.0024526
0.0024465
0.0024396
0.0024319
0.0024233
0.002414
0.0024038
0.0023927
0.0023807
0.0023678
0.0023539
0.002339
0.0023232
0.0023064
0.0022885
0.0022696
0.0022495
0.0022284
0.0022061
0.0021827
0.0021581
0.0021322
0.0021051
0.0020768
0.0020471
0.0020161
0.0019837
0.0019499
0.0019147
0.001878
0.0018398
0.0018001
0.0017588
0.001716
0.0016714
0.0016252
0.0015773
0.0015276
0.0014762
0.0014229
0.0013677
0.0013106
0.0012515
0.0011905
0.0011273
0.0010621
0.00099473
0.00092512
0.00085337
0.00077916
0.00070282
0.00062382
0.00054266
0.00045867
0.00037245
0.00028328
0.00019172
9.7205e-05
