-0.00012338
-0.00024078
-0.00035242
-0.00045849
-0.00055918
-0.00065469
-0.00074519
-0.00083086
-0.00091185
-0.00098835
-0.0010605
-0.0011284
-0.0011923
-0.0012523
-0.0013085
-0.0013611
-0.0014101
-0.0014558
-0.0014981
-0.0015373
-0.0015735
-0.0016067
-0.001637
-0.0016646
-0.0016896
-0.001712
-0.0017319
-0.0017495
-0.0017648
-0.0017778
-0.0017887
-0.0017975
-0.0018044
-0.0018093
-0.0018123
-0.0018136
-0.0018131
-0.001811
-0.0018073
-0.001802
-0.0017952
-0.001787
-0.0017774
-0.0017664
-0.0017542
-0.0017407
-0.001726
-0.0017102
-0.0016932
-0.0016752
-0.0016561
-0.001636
-0.001615
-0.001593
-0.0015702
-0.0015465
-0.0015219
-0.0014966
-0.0014705
-0.0014437
-0.0014162
-0.0013879
-0.0013591
-0.0013296
-0.0012995
-0.0012688
-0.0012376
-0.0012058
-0.0011735
-0.0011408
-0.0011076
-0.0010739
-0.0010398
-0.0010053
-0.00097041
-0.00093516
-0.00089955
-0.00086361
-0.00082735
-0.00079079
-0.00075395
-0.00071684
-0.00067948
-0.00064188
-0.00060407
-0.00056604
-0.00052782
-0.00048943
-0.00045087
-0.00041216
-0.00037331
-0.00033434
-0.00029526
-0.00025609
-0.00021683
-0.0001775
-0.00013812
-9.8687e-05
-5.9225e-05
-1.9744e-05
1.9744e-05
5.9225e-05
9.8687e-05
0.00013812
0.0001775
0.00021683
0.00025609
0.00029526
0.00033434
0.00037331
0.00041216
0.00045087
0.00048943
0.00052782
0.00056604
0.00060407
0.00064188
0.00067948
0.00071684
0.00075395
0.00079079
0.00082735
0.00086361
0.00089955
0.00093516
0.00097041
0.0010053
0.0010398
0.0010739
0.0011076
0.0011408
0.0011735
0.0012058
0.0012376
0.0012688
0.0012995
0.0013296
0.0013591
0.0013879
0.0014162
0.0014437
0.0014705
0.0014966
0.0015219
0.0015465
0.0015702
0.001593
0.001615
0.001636
0.0016561
0.0016752
0.0016932
0.0017102
0.001726
0.0017407
0.0017542
0.0017664
0.0017774
0.001787
0.0017952
0.001802
0.0018073
0.001811
0.0018131
0.0018136
0.0018123
0.0018093
0.0018044
0.0017975
0.0017887
0.0017778
0.0017648
0.0017495
0.0017319
0.001712
0.0016896
0.0016646
0.001637
0.0016067
0.0015735
0.0015373
0.0014981
0.0014558
0.0014101
0.0013611
0.0013085
0.0012523
0.0011923
0.0011284
0.0010605
0.00098835
0.00091185
0.00083086
0.00074519
0.00065469
0.00055918
0.00045849
0.00035242
0.00024078
0.00012338
