-0.016648
-0.021211
-0.023478
-0.024807
-0.02564
-0.026172
-0.026504
-0.026696
-0.026786
-0.026798
-0.026751
-0.026656
-0.026523
-0.026359
-0.026169
-0.025958
-0.025729
-0.025485
-0.025227
-0.024959
-0.02468
-0.024394
-0.0241
-0.0238
-0.023494
-0.023184
-0.022869
-0.022551
-0.022229
-0.021905
-0.021578
-0.021249
-0.020918
-0.020585
-0.020252
-0.019917
-0.019581
-0.019244
-0.018906
-0.018568
-0.01823
-0.017891
-0.017552
-0.017214
-0.016875
-0.016536
-0.016198
-0.01586
-0.015522
-0.015185
-0.014848
-0.014512
-0.014177
-0.013842
-0.013508
-0.013175
-0.012843
-0.012511
-0.012181
-0.011852
-0.011524
-0.011197
-0.010871
-0.010546
-0.010223
-0.0099012
-0.0095806
-0.0092615
-0.0089438
-0.0086277
-0.0083131
-0.008
-0.0076887
-0.007379
-0.007071
-0.0067648
-0.0064604
-0.0061579
-0.0058572
-0.0055585
-0.0052618
-0.0049671
-0.0046745
-0.004384
-0.0040956
-0.0038095
-0.0035256
-0.003244
-0.0029647
-0.0026878
-0.0024133
-0.0021413
-0.0018718
-0.0016049
-0.0013406
-0.0010789
-0.00081993
-0.00056371
-0.00031029
-5.9717e-05
0.00018796
0.0004327
0.00067445
0.00091316
0.0011488
0.0013813
0.0016105
0.0018366
0.0020594
0.0022788
0.0024948
0.0027073
0.0029164
0.0031219
0.0033238
0.003522
0.0037165
0.0039073
0.0040942
0.0042772
0.0044563
0.0046313
0.0048024
0.0049693
0.005132
0.0052905
0.0054447
0.0055945
0.00574
0.0058809
0.0060174
0.0061492
0.0062764
0.0063988
0.0065165
0.0066293
0.0067372
0.0068401
0.0069379
0.0070307
0.0071183
0.0072006
0.0072776
0.0073492
0.0074154
0.0074761
0.0075311
0.0075805
0.0076242
0.0076621
0.007694
0.0077201
0.0077401
0.007754
0.0077617
0.0077632
0.0077583
0.0077471
0.0077293
0.007705
0.0076741
0.0076364
0.007592
0.0075407
0.0074824
0.007417
0.0073446
0.0072649
0.0071779
0.0070836
0.0069818
0.0068724
0.0067554
0.0066307
0.0064981
0.0063577
0.0062093
0.0060527
0.005888
0.005715
0.0055338
0.0053438
0.0051457
0.0049384
0.0047231
0.004498
0.004265
0.0040218
0.0037708
0.0035093
0.0032393
0.0029597
0.0026699
0.0023721
0.0020617
0.0017455
0.0014144
0.0010785
0.00072744
0.00036999
