-8.4818e-05
-0.00016809
-0.00024984
-0.00033005
-0.00040879
-0.000486
-0.00056177
-0.00063603
-0.00070888
-0.00078023
-0.00085022
-0.00091871
-0.00098588
-0.0010516
-0.001116
-0.0011789
-0.0012406
-0.0013008
-0.0013598
-0.0014174
-0.0014738
-0.0015287
-0.0015825
-0.0016349
-0.0016862
-0.0017361
-0.0017849
-0.0018323
-0.0018787
-0.0019236
-0.0019676
-0.0020102
-0.0020519
-0.0020922
-0.0021316
-0.0021696
-0.0022067
-0.0022425
-0.0022774
-0.002311
-0.0023438
-0.0023752
-0.0024059
-0.0024352
-0.0024639
-0.0024912
-0.0025178
-0.0025431
-0.0025677
-0.002591
-0.0026137
-0.0026351
-0.0026559
-0.0026755
-0.0026945
-0.0027122
-0.0027293
-0.0027453
-0.0027607
-0.0027749
-0.0027885
-0.002801
-0.002813
-0.0028239
-0.0028342
-0.0028435
-0.0028522
-0.0028598
-0.002867
-0.0028731
-0.0028788
-0.0028834
-0.0028876
-0.0028908
-0.0028935
-0.0028952
-0.0028965
-0.0028969
-0.0028968
-0.0028958
-0.0028944
-0.0028921
-0.0028894
-0.0028859
-0.0028819
-0.0028771
-0.0028719
-0.0028659
-0.0028595
-0.0028523
-0.0028447
-0.0028364
-0.0028277
-0.0028183
-0.0028085
-0.002798
-0.0027871
-0.0027756
-0.0027637
-0.0027512
-0.0027383
-0.0027248
-0.0027109
-0.0026964
-0.0026816
-0.0026662
-0.0026505
-0.0026342
-0.0026176
-0.0026005
-0.002583
-0.002565
-0.0025467
-0.002528
-0.0025088
-0.0024893
-0.0024694
-0.0024492
-0.0024285
-0.0024075
-0.0023861
-0.0023644
-0.0023423
-0.00232
-0.0022972
-0.0022742
-0.0022508
-0.0022271
-0.0022031
-0.0021789
-0.0021542
-0.0021294
-0.0021041
-0.0020788
-0.002053
-0.0020271
-0.0020007
-0.0019743
-0.0019474
-0.0019205
-0.0018932
-0.0018658
-0.001838
-0.0018101
-0.0017818
-0.0017535
-0.0017248
-0.0016961
-0.001667
-0.0016379
-0.0016084
-0.0015789
-0.001549
-0.0015192
-0.0014889
-0.0014587
-0.0014281
-0.0013976
-0.0013667
-0.0013359
-0.0013047
-0.0012735
-0.0012421
-0.0012106
-0.0011789
-0.0011472
-0.0011152
-0.0010833
-0.001051
-0.0010189
-0.0009864
-0.00095402
-0.00092136
-0.00088878
-0.00085593
-0.00082316
-0.00079013
-0.00075719
-0.00072401
-0.00069091
-0.00065758
-0.00062434
-0.00059088
-0.00055751
-0.00052394
-0.00049045
-0.00045678
-0.0004232
-0.00038943
-0.00035577
-0.00032193
-0.00028819
-0.0002543
-0.0002205
-0.00018656
-0.00015272
-0.00011874
-8.4877e-05
-5.0882e-05
-1.7001e-05
1.7001e-05
5.0882e-05
8.4877e-05
0.00011874
0.00015272
0.00018656
0.0002205
0.0002543
0.00028819
0.00032193
0.00035577
0.00038943
0.0004232
0.00045678
0.00049045
0.00052394
0.00055751
0.00059088
0.00062434
0.00065758
0.00069091
0.00072401
0.00075719
0.00079013
0.00082316
0.00085593
0.00088878
0.00092136
0.00095402
0.0009864
0.0010189
0.001051
0.0010833
0.0011152
0.0011472
0.0011789
0.0012106
0.0012421
0.0012735
0.0013047
0.0013359
0.0013667
0.0013976
0.0014281
0.0014587
0.0014889
0.0015192
0.001549
0.0015789
0.0016084
0.0016379
0.001667
0.0016961
0.0017248
0.0017535
0.0017818
0.0018101
0.001838
0.0018658
0.0018932
0.0019205
0.0019474
0.0019743
0.0020007
0.0020271
0.002053
0.0020788
0.0021041
0.0021294
0.0021542
0.0021789
0.0022031
0.0022271
0.0022508
0.0022742
0.0022972
0.00232
0.0023423
0.0023644
0.0023861
0.0024075
0.0024285
0.0024492
0.0024694
0.0024893
0.0025088
0.002528
0.0025467
0.002565
0.002583
0.0026005
0.0026176
0.0026342
0.0026505
0.0026662
0.0026816
0.0026964
0.0027109
0.0027248
0.0027383
0.0027512
0.0027637
0.0027756
0.0027871
0.002798
0.0028085
0.0028183
0.0028277
0.0028364
0.0028447
0.0028523
0.0028595
0.0028659
0.0028719
0.0028771
0.0028819
0.0028859
0.0028894
0.0028921
0.0028944
0.0028958
0.0028968
0.0028969
0.0028965
0.0028952
0.0028935
0.0028908
0.0028876
0.0028834
0.0028788
0.0028731
0.002867
0.0028598
0.0028522
0.0028435
0.0028342
0.0028239
0.002813
0.002801
0.0027885
0.0027749
0.0027607
0.0027453
0.0027293
0.0027122
0.0026945
0.0026755
0.0026559
0.0026351
0.0026137
0.002591
0.0025677
0.0025431
0.0025178
0.0024912
0.0024639
0.0024352
0.0024059
0.0023752
0.0023438
0.002311
0.0022774
0.0022425
0.0022067
0.0021696
0.0021316
0.0020922
0.0020519
0.0020102
0.0019676
0.0019236
0.0018787
0.0018323
0.0017849
0.0017361
0.0016862
0.0016349
0.0015825
0.0015287
0.0014738
0.0014174
0.0013598
0.0013008
0.0012406
0.0011789
0.001116
0.0010516
0.00098588
0.00091871
0.00085022
0.00078023
0.00070888
0.00063603
0.00056177
0.000486
0.00040879
0.00033005
0.00024984
0.00016809
8.4818e-05
