-0.0018702
-0.0023178
-0.0025195
-0.0026297
-0.0026955
-0.0027367
-0.0027629
-0.0027795
-0.0027896
-0.0027953
-0.0027978
-0.002798
-0.0027964
-0.0027936
-0.0027898
-0.0027853
-0.0027802
-0.0027747
-0.0027688
-0.0027626
-0.0027562
-0.0027496
-0.0027429
-0.0027361
-0.0027292
-0.0027222
-0.0027151
-0.002708
-0.0027009
-0.0026937
-0.0026865
-0.0026793
-0.002672
-0.0026648
-0.0026575
-0.0026502
-0.002643
-0.0026357
-0.0026284
-0.0026211
-0.0026137
-0.0026064
-0.0025991
-0.0025918
-0.0025845
-0.0025771
-0.0025698
-0.0025625
-0.0025552
-0.0025478
-0.0025405
-0.0025332
-0.0025259
-0.0025185
-0.0025112
-0.0025039
-0.0024965
-0.0024892
-0.0024819
-0.0024745
-0.0024672
-0.0024599
-0.0024525
-0.0024452
-0.0024379
-0.0024306
-0.0024232
-0.0024159
-0.0024086
-0.0024012
-0.0023939
-0.0023866
-0.0023792
-0.0023719
-0.0023646
-0.0023572
-0.0023499
-0.0023426
-0.0023352
-0.0023279
-0.0023206
-0.0023132
-0.0023059
-0.0022986
-0.0022912
-0.0022839
-0.0022766
-0.0022692
-0.0022619
-0.0022546
-0.0022472
-0.0022399
-0.0022326
-0.0022253
-0.0022179
-0.0022106
-0.0022033
-0.0021959
-0.0021886
-0.0021813
-0.0021739
-0.0021666
-0.0021593
-0.0021519
-0.0021446
-0.0021373
-0.0021299
-0.0021226
-0.0021153
-0.0021079
-0.0021006
-0.0020933
-0.0020859
-0.0020786
-0.0020713
-0.0020639
-0.0020566
-0.0020493
-0.0020419
-0.0020346
-0.0020273
-0.00202
-0.0020126
-0.0020053
-0.001998
-0.0019906
-0.0019833
-0.001976
-0.0019686
-0.0019613
-0.001954
-0.0019466
-0.0019393
-0.001932
-0.0019246
-0.0019173
-0.00191
-0.0019026
-0.0018953
-0.001888
-0.0018806
-0.0018733
-0.001866
-0.0018586
-0.0018513
-0.001844
-0.0018366
-0.0018293
-0.001822
-0.0018146
-0.0018073
-0.0018
-0.0017927
-0.0017853
-0.001778
-0.0017707
-0.0017633
-0.001756
-0.0017487
-0.0017413
-0.001734
-0.0017267
-0.0017193
-0.001712
-0.0017047
-0.0016973
-0.00169
-0.0016827
-0.0016753
-0.001668
-0.0016607
-0.0016533
-0.001646
-0.0016387
-0.0016313
-0.001624
-0.0016167
-0.0016093
-0.001602
-0.0015947
-0.0015874
-0.00158
-0.0015727
-0.0015654
-0.001558
-0.0015507
-0.0015434
-0.001536
-0.0015287
-0.0015214
-0.001514
-0.0015067
-0.0014994
-0.001492
-0.0014847
-0.0014774
-0.00147
-0.0014627
-0.0014554
-0.001448
-0.0014407
-0.0014334
-0.001426
-0.0014187
-0.0014114
-0.001404
-0.0013967
-0.0013894
-0.001382
-0.0013747
-0.0013674
-0.0013601
-0.0013527
-0.0013454
-0.0013381
-0.0013307
-0.0013234
-0.0013161
-0.0013087
-0.0013014
-0.0012941
-0.0012867
-0.0012794
-0.0012721
-0.0012647
-0.0012574
-0.0012501
-0.0012427
-0.0012354
-0.0012281
-0.0012207
-0.0012134
-0.0012061
-0.0011987
-0.0011914
-0.0011841
-0.0011767
-0.0011694
-0.0011621
-0.0011548
-0.0011474
-0.0011401
-0.0011328
-0.0011254
-0.0011181
-0.0011108
-0.0011034
-0.0010961
-0.0010888
-0.0010814
-0.0010741
-0.0010668
-0.0010594
-0.0010521
-0.0010448
-0.0010374
-0.0010301
-0.0010228
-0.0010154
-0.0010081
-0.0010008
-0.00099344
-0.00098611
-0.00097878
-0.00097145
-0.00096411
-0.00095678
-0.00094945
-0.00094212
-0.00093478
-0.00092745
-0.00092012
-0.00091279
-0.00090546
-0.00089812
-0.00089079
-0.00088346
-0.00087613
-0.00086879
-0.00086146
-0.00085413
-0.0008468
-0.00083947
-0.00083213
-0.0008248
-0.00081747
-0.00081014
-0.0008028
-0.00079547
-0.00078814
-0.00078081
-0.00077348
-0.00076614
-0.00075881
-0.00075148
-0.00074415
-0.00073682
-0.00072948
-0.00072215
-0.00071482
-0.00070749
-0.00070015
-0.00069282
-0.00068549
-0.00067816
-0.00067083
-0.00066349
-0.00065616
-0.00064883
-0.0006415
-0.00063416
-0.00062683
-0.0006195
-0.00061217
-0.00060484
-0.0005975
-0.00059017
-0.00058284
-0.00057551
-0.00056817
-0.00056084
-0.00055351
-0.00054618
-0.00053885
-0.00053151
-0.00052418
-0.00051685
-0.00050952
-0.00050218
-0.00049485
-0.00048752
-0.00048019
-0.00047286
-0.00046552
-0.00045819
-0.00045086
-0.00044353
-0.00043619
-0.00042886
-0.00042153
-0.0004142
-0.00040687
-0.00039953
-0.0003922
-0.00038487
-0.00037754
-0.00037021
-0.00036287
-0.00035554
-0.00034821
-0.00034088
-0.00033354
-0.00032621
-0.00031888
-0.00031155
-0.00030422
-0.00029688
-0.00028955
-0.00028222
-0.00027489
-0.00026755
-0.00026022
-0.00025289
-0.00024556
-0.00023823
-0.00023089
-0.00022356
-0.00021623
-0.0002089
-0.00020156
-0.00019423
-0.0001869
-0.00017957
-0.00017224
-0.0001649
-0.00015757
-0.00015024
-0.00014291
-0.00013558
-0.00012824
-0.00012091
-0.00011358
-0.00010625
-9.8914e-05
-9.1582e-05
-8.425e-05
-7.6918e-05
-6.9586e-05
-6.2253e-05
-5.4921e-05
-4.7589e-05
-4.0257e-05
-3.2925e-05
-2.5593e-05
-1.8261e-05
-1.0928e-05
-3.5963e-06
3.7358e-06
1.1068e-05
1.84e-05
2.5732e-05
3.3064e-05
4.0396e-05
4.7728e-05
5.506e-05
6.2393e-05
6.9725e-05
7.7057e-05
8.4389e-05
9.1721e-05
9.9053e-05
0.00010638
0.00011372
0.00012105
0.00012838
0.00013571
0.00014304
0.00015038
0.00015771
0.00016504
0.00017237
0.0001797
0.00018704
0.00019437
0.0002017
0.00020903
0.00021636
0.00022369
0.00023103
0.00023836
0.00024569
0.00025302
0.00026035
0.00026768
0.00027501
0.00028235
0.00028968
0.00029701
0.00030434
0.00031167
0.000319
0.00032633
0.00033366
0.00034099
0.00034833
0.00035566
0.00036299
0.00037032
0.00037765
0.00038498
0.00039231
0.00039964
0.00040697
0.0004143
0.00042163
0.00042896
0.00043629
0.00044362
0.00045095
0.00045828
0.0004656
0.00047293
0.00048026
0.00048759
0.00049492
0.00050225
0.00050957
0.0005169
0.00052423
0.00053156
0.00053888
0.00054621
0.00055353
0.00056086
0.00056819
0.00057551
0.00058284
0.00059016
0.00059749
0.00060481
0.00061213
0.00061946
0.00062678
0.0006341
0.00064142
0.00064874
0.00065606
0.00066338
0.0006707
0.00067802
0.00068534
0.00069266
0.00069997
0.00070729
0.0007146
0.00072192
0.00072923
0.00073655
0.00074386
0.00075117
0.00075848
0.00076579
0.0007731
0.0007804
0.00078771
0.00079501
0.00080232
0.00080962
0.00081692
0.00082422
0.00083152
0.00083882
0.00084611
0.00085341
0.0008607
0.00086799
0.00087528
0.00088256
0.00088985
0.00089713
0.00090441
0.00091169
0.00091897
0.00092624
0.00093351
0.00094078
0.00094805
0.00095532
0.00096258
0.00096984
0.00097709
0.00098435
0.0009916
0.00099884
0.0010061
0.0010133
0.0010206
0.0010278
0.001035
0.0010422
0.0010495
0.0010567
0.0010639
0.0010711
0.0010783
0.0010855
0.0010927
0.0010999
0.0011071
0.0011142
0.0011214
0.0011286
0.0011357
0.0011429
0.00115
0.0011572
0.0011643
0.0011714
0.0011786
0.0011857
0.0011928
0.0011999
0.001207
0.001214
0.0012211
0.0012282
0.0012352
0.0012423
0.0012493
0.0012563
0.0012633
0.0012703
0.0012773
0.0012843
0.0012913
0.0012982
0.0013052
0.0013121
0.001319
0.0013259
0.0013328
0.0013397
0.0013465
0.0013534
0.0013602
0.001367
0.0013738
0.0013806
0.0013873
0.0013941
0.0014008
0.0014075
0.0014142
0.0014209
0.0014275
0.0014341
0.0014408
0.0014473
0.0014539
0.0014604
0.0014669
0.0014734
0.0014799
0.0014863
0.0014927
0.0014991
0.0015055
0.0015118
0.0015181
0.0015244
0.0015306
0.0015368
0.001543
0.0015491
0.0015553
0.0015613
0.0015674
0.0015734
0.0015793
0.0015853
0.0015912
0.001597
0.0016028
0.0016086
0.0016143
0.00162
0.0016256
0.0016312
0.0016368
0.0016423
0.0016477
0.0016531
0.0016585
0.0016638
0.001669
0.0016742
0.0016794
0.0016844
0.0016895
0.0016944
0.0016993
0.0017042
0.0017089
0.0017137
0.0017183
0.0017229
0.0017274
0.0017318
0.0017362
0.0017405
0.0017447
0.0017489
0.001753
0.0017569
0.0017609
0.0017647
0.0017684
0.0017721
0.0017757
0.0017792
0.0017826
0.0017859
0.0017891
0.0017922
0.0017952
0.0017981
0.0018009
0.0018036
0.0018063
0.0018088
0.0018111
0.0018134
0.0018156
0.0018176
0.0018196
0.0018214
0.0018231
0.0018246
0.0018261
0.0018274
0.0018286
0.0018296
0.0018305
0.0018313
0.0018319
0.0018324
0.0018328
0.001833
0.001833
0.0018329
0.0018327
0.0018322
0.0018317
0.0018309
0.00183
0.0018289
0.0018277
0.0018262
0.0018246
0.0018228
0.0018209
0.0018187
0.0018164
0.0018138
0.0018111
0.0018082
0.001805
0.0018017
0.0017981
0.0017944
0.0017904
0.0017862
0.0017818
0.0017771
0.0017722
0.0017671
0.0017618
0.0017562
0.0017504
0.0017443
0.001738
0.0017314
0.0017245
0.0017174
0.0017101
0.0017024
0.0016945
0.0016863
0.0016778
0.0016691
0.00166
0.0016507
0.001641
0.0016311
0.0016208
0.0016102
0.0015994
0.0015881
0.0015766
0.0015647
0.0015525
0.00154
0.0015271
0.0015139
0.0015003
0.0014863
0.001472
0.0014573
0.0014423
0.0014268
0.001411
0.0013948
0.0013782
0.0013612
0.0013438
0.001326
0.0013077
0.0012891
0.00127
0.0012505
0.0012305
0.0012101
0.0011892
0.001168
0.0011462
0.001124
0.0011012
0.0010781
0.0010543
0.0010302
0.0010055
0.00098041
0.00095458
0.00092855
0.00090161
0.00087461
0.00084652
0.00081852
0.00078924
0.00076023
0.00072974
0.00069968
0.00066795
0.00063681
0.00060385
0.00057153
0.00053737
0.0005038
0.00046846
0.00043355
0.00039706
0.00036074
0.00032309
0.0002853
0.00024648
0.00020722
0.00016714
0.00012642
8.4996e-05
4.2851e-05
