-8.5522e-05
-0.00016949
-0.00025195
-0.00033287
-0.00041231
-0.00049021
-0.00056668
-0.00064163
-0.00071518
-0.00078721
-0.00085789
-0.00092706
-0.00099491
-0.0010613
-0.0011263
-0.0011899
-0.0012523
-0.0013131
-0.0013728
-0.001431
-0.001488
-0.0015436
-0.001598
-0.001651
-0.0017029
-0.0017534
-0.0018028
-0.0018508
-0.0018978
-0.0019433
-0.0019879
-0.002031
-0.0020732
-0.0021141
-0.002154
-0.0021925
-0.0022301
-0.0022664
-0.0023018
-0.0023359
-0.0023692
-0.0024011
-0.0024322
-0.002462
-0.0024911
-0.0025188
-0.0025458
-0.0025716
-0.0025966
-0.0026203
-0.0026434
-0.0026652
-0.0026864
-0.0027063
-0.0027256
-0.0027436
-0.0027611
-0.0027774
-0.0027931
-0.0028075
-0.0028215
-0.0028343
-0.0028465
-0.0028576
-0.0028682
-0.0028777
-0.0028866
-0.0028945
-0.0029019
-0.0029082
-0.002914
-0.0029188
-0.0029232
-0.0029265
-0.0029294
-0.0029312
-0.0029327
-0.0029331
-0.0029332
-0.0029323
-0.002931
-0.0029287
-0.0029261
-0.0029226
-0.0029187
-0.0029139
-0.0029087
-0.0029027
-0.0028963
-0.0028892
-0.0028816
-0.0028733
-0.0028645
-0.0028551
-0.0028452
-0.0028347
-0.0028238
-0.0028122
-0.0028002
-0.0027876
-0.0027746
-0.002761
-0.002747
-0.0027324
-0.0027175
-0.002702
-0.0026861
-0.0026697
-0.0026529
-0.0026356
-0.0026179
-0.0025998
-0.0025813
-0.0025624
-0.002543
-0.0025233
-0.0025032
-0.0024827
-0.0024618
-0.0024406
-0.002419
-0.002397
-0.0023747
-0.0023521
-0.002329
-0.0023057
-0.002282
-0.0022581
-0.0022338
-0.0022093
-0.0021843
-0.0021592
-0.0021336
-0.0021079
-0.0020818
-0.0020556
-0.0020289
-0.0020021
-0.0019749
-0.0019477
-0.0019199
-0.0018922
-0.001864
-0.0018358
-0.0018071
-0.0017785
-0.0017494
-0.0017203
-0.0016908
-0.0016613
-0.0016314
-0.0016015
-0.0015712
-0.0015409
-0.0015103
-0.0014797
-0.0014487
-0.0014177
-0.0013864
-0.0013551
-0.0013235
-0.0012919
-0.00126
-0.0012281
-0.0011959
-0.0011638
-0.0011313
-0.0010989
-0.0010662
-0.0010336
-0.0010007
-0.00096785
-0.00093472
-0.00090167
-0.00086835
-0.00083511
-0.00080161
-0.00076819
-0.00073453
-0.00070096
-0.00066715
-0.00063342
-0.00059948
-0.00056563
-0.00053157
-0.0004976
-0.00046344
-0.00042937
-0.00039511
-0.00036095
-0.00032663
-0.0002924
-0.00025801
-0.00022372
-0.00018928
-0.00015495
-0.00012048
-8.6117e-05
-5.1624e-05
-1.725e-05
1.725e-05
5.1624e-05
8.6117e-05
0.00012048
0.00015495
0.00018928
0.00022372
0.00025801
0.0002924
0.00032663
0.00036095
0.00039511
0.00042937
0.00046344
0.0004976
0.00053157
0.00056563
0.00059948
0.00063342
0.00066715
0.00070096
0.00073453
0.00076819
0.00080161
0.00083511
0.00086835
0.00090167
0.00093472
0.00096785
0.0010007
0.0010336
0.0010662
0.0010989
0.0011313
0.0011638
0.0011959
0.0012281
0.00126
0.0012919
0.0013235
0.0013551
0.0013864
0.0014177
0.0014487
0.0014797
0.0015103
0.0015409
0.0015712
0.0016015
0.0016314
0.0016613
0.0016908
0.0017203
0.0017494
0.0017785
0.0018071
0.0018358
0.001864
0.0018922
0.0019199
0.0019477
0.0019749
0.0020021
0.0020289
0.0020556
0.0020818
0.0021079
0.0021336
0.0021592
0.0021843
0.0022093
0.0022338
0.0022581
0.002282
0.0023057
0.002329
0.0023521
0.0023747
0.002397
0.002419
0.0024406
0.0024618
0.0024827
0.0025032
0.0025233
0.002543
0.0025624
0.0025813
0.0025998
0.0026179
0.0026356
0.0026529
0.0026697
0.0026861
0.002702
0.0027175
0.0027324
0.002747
0.002761
0.0027746
0.0027876
0.0028002
0.0028122
0.0028238
0.0028347
0.0028452
0.0028551
0.0028645
0.0028733
0.0028816
0.0028892
0.0028963
0.0029027
0.0029087
0.0029139
0.0029187
0.0029226
0.0029261
0.0029287
0.002931
0.0029323
0.0029332
0.0029331
0.0029327
0.0029312
0.0029294
0.0029265
0.0029232
0.0029188
0.002914
0.0029082
0.0029019
0.0028945
0.0028866
0.0028777
0.0028682
0.0028576
0.0028465
0.0028343
0.0028215
0.0028075
0.0027931
0.0027774
0.0027611
0.0027436
0.0027256
0.0027063
0.0026864
0.0026652
0.0026434
0.0026203
0.0025966
0.0025716
0.0025458
0.0025188
0.0024911
0.002462
0.0024322
0.0024011
0.0023692
0.0023359
0.0023018
0.0022664
0.0022301
0.0021925
0.002154
0.0021141
0.0020732
0.002031
0.0019879
0.0019433
0.0018978
0.0018508
0.0018028
0.0017534
0.0017029
0.001651
0.001598
0.0015436
0.001488
0.001431
0.0013728
0.0013131
0.0012523
0.0011899
0.0011263
0.0010613
0.00099491
0.00092706
0.00085789
0.00078721
0.00071518
0.00064163
0.00056668
0.00049021
0.00041231
0.00033287
0.00025195
0.00016949
8.5522e-05
