-6.0996e-05
-0.00012046
-0.00017843
-0.00023493
-0.00028998
-0.0003436
-0.00039584
-0.00044669
-0.00049621
-0.00054439
-0.00059129
-0.0006369
-0.00068127
-0.0007244
-0.00076633
-0.00080706
-0.00084664
-0.00088506
-0.00092238
-0.00095856
-0.0009937
-0.0010277
-0.0010608
-0.0010927
-0.0011237
-0.0011537
-0.0011827
-0.0012108
-0.0012379
-0.0012641
-0.0012894
-0.0013138
-0.0013374
-0.00136
-0.0013819
-0.0014029
-0.0014231
-0.0014426
-0.0014612
-0.0014791
-0.0014962
-0.0015126
-0.0015283
-0.0015432
-0.0015575
-0.0015711
-0.001584
-0.0015962
-0.0016079
-0.0016188
-0.0016292
-0.0016389
-0.001648
-0.0016565
-0.0016645
-0.0016719
-0.0016788
-0.001685
-0.0016908
-0.001696
-0.0017008
-0.001705
-0.0017087
-0.0017119
-0.0017147
-0.001717
-0.0017188
-0.0017202
-0.0017211
-0.0017216
-0.0017217
-0.0017213
-0.0017206
-0.0017194
-0.0017178
-0.0017159
-0.0017136
-0.0017109
-0.0017078
-0.0017044
-0.0017007
-0.0016966
-0.0016921
-0.0016874
-0.0016823
-0.0016768
-0.0016711
-0.0016651
-0.0016588
-0.0016522
-0.0016453
-0.0016381
-0.0016306
-0.0016229
-0.0016149
-0.0016066
-0.0015981
-0.0015894
-0.0015803
-0.0015711
-0.0015616
-0.0015519
-0.001542
-0.0015318
-0.0015215
-0.0015109
-0.0015001
-0.0014891
-0.0014779
-0.0014666
-0.001455
-0.0014432
-0.0014313
-0.0014192
-0.0014069
-0.0013945
-0.0013818
-0.001369
-0.0013561
-0.001343
-0.0013297
-0.0013163
-0.0013027
-0.0012891
-0.0012752
-0.0012613
-0.0012471
-0.0012329
-0.0012185
-0.001204
-0.0011894
-0.0011747
-0.0011598
-0.0011449
-0.0011298
-0.0011146
-0.0010993
-0.0010839
-0.0010684
-0.0010528
-0.0010371
-0.0010214
-0.0010055
-0.00098952
-0.00097343
-0.00095733
-0.00094108
-0.0009248
-0.00090839
-0.00089197
-0.00087541
-0.00085883
-0.00084213
-0.00082541
-0.00080857
-0.00079172
-0.00077476
-0.00075779
-0.0007407
-0.00072361
-0.00070641
-0.00068921
-0.0006719
-0.0006546
-0.00063719
-0.00061979
-0.00060229
-0.00058479
-0.00056721
-0.00054962
-0.00053196
-0.0005143
-0.00049656
-0.00047882
-0.00046102
-0.00044321
-0.00042534
-0.00040747
-0.00038955
-0.00037162
-0.00035364
-0.00033566
-0.00031764
-0.00029961
-0.00028155
-0.00026348
-0.00024538
-0.00022728
-0.00020915
-0.00019101
-0.00017285
-0.0001547
-0.00013652
-0.00011834
-0.00010014
-8.1946e-05
-6.3738e-05
-4.5533e-05
-2.7319e-05
-9.1085e-06
9.1085e-06
2.7319e-05
4.5533e-05
6.3738e-05
8.1946e-05
0.00010014
0.00011834
0.00013652
0.0001547
0.00017285
0.00019101
0.00020915
0.00022728
0.00024538
0.00026348
0.00028155
0.00029961
0.00031764
0.00033566
0.00035364
0.00037162
0.00038955
0.00040747
0.00042534
0.00044321
0.00046102
0.00047882
0.00049656
0.0005143
0.00053196
0.00054962
0.00056721
0.00058479
0.00060229
0.00061979
0.00063719
0.0006546
0.0006719
0.00068921
0.00070641
0.00072361
0.0007407
0.00075779
0.00077476
0.00079172
0.00080857
0.00082541
0.00084213
0.00085883
0.00087541
0.00089197
0.00090839
0.0009248
0.00094108
0.00095733
0.00097343
0.00098952
0.0010055
0.0010214
0.0010371
0.0010528
0.0010684
0.0010839
0.0010993
0.0011146
0.0011298
0.0011449
0.0011598
0.0011747
0.0011894
0.001204
0.0012185
0.0012329
0.0012471
0.0012613
0.0012752
0.0012891
0.0013027
0.0013163
0.0013297
0.001343
0.0013561
0.001369
0.0013818
0.0013945
0.0014069
0.0014192
0.0014313
0.0014432
0.001455
0.0014666
0.0014779
0.0014891
0.0015001
0.0015109
0.0015215
0.0015318
0.001542
0.0015519
0.0015616
0.0015711
0.0015803
0.0015894
0.0015981
0.0016066
0.0016149
0.0016229
0.0016306
0.0016381
0.0016453
0.0016522
0.0016588
0.0016651
0.0016711
0.0016768
0.0016823
0.0016874
0.0016921
0.0016966
0.0017007
0.0017044
0.0017078
0.0017109
0.0017136
0.0017159
0.0017178
0.0017194
0.0017206
0.0017213
0.0017217
0.0017216
0.0017211
0.0017202
0.0017188
0.001717
0.0017147
0.0017119
0.0017087
0.001705
0.0017008
0.001696
0.0016908
0.001685
0.0016788
0.0016719
0.0016645
0.0016565
0.001648
0.0016389
0.0016292
0.0016188
0.0016079
0.0015962
0.001584
0.0015711
0.0015575
0.0015432
0.0015283
0.0015126
0.0014962
0.0014791
0.0014612
0.0014426
0.0014231
0.0014029
0.0013819
0.00136
0.0013374
0.0013138
0.0012894
0.0012641
0.0012379
0.0012108
0.0011827
0.0011537
0.0011237
0.0010927
0.0010608
0.0010277
0.0009937
0.00095856
0.00092238
0.00088506
0.00084664
0.00080706
0.00076633
0.0007244
0.00068127
0.0006369
0.00059129
0.00054439
0.00049621
0.00044669
0.00039584
0.0003436
0.00028998
0.00023493
0.00017843
0.00012046
6.0996e-05
