-7.2274e-06
-1.436e-05
-2.1393e-05
-2.8337e-05
-3.5178e-05
-4.1937e-05
-4.8589e-05
-5.5166e-05
-6.1632e-05
-6.803e-05
-7.4315e-05
-8.0537e-05
-8.6643e-05
-9.2691e-05
-9.8622e-05
-0.0001045
-0.00011026
-0.00011597
-0.00012156
-0.00012711
-0.00013253
-0.00013792
-0.00014318
-0.00014841
-0.00015351
-0.00015858
-0.00016353
-0.00016845
-0.00017324
-0.00017802
-0.00018266
-0.00018728
-0.00019178
-0.00019626
-0.00020061
-0.00020495
-0.00020916
-0.00021337
-0.00021744
-0.0002215
-0.00022544
-0.00022938
-0.00023319
-0.00023699
-0.00024067
-0.00024434
-0.00024789
-0.00025144
-0.00025487
-0.0002583
-0.00026161
-0.00026491
-0.00026811
-0.0002713
-0.00027438
-0.00027745
-0.00028042
-0.00028337
-0.00028624
-0.00028908
-0.00029184
-0.00029458
-0.00029723
-0.00029986
-0.00030242
-0.00030494
-0.0003074
-0.00030982
-0.00031219
-0.00031451
-0.00031678
-0.000319
-0.00032119
-0.00032332
-0.00032541
-0.00032745
-0.00032946
-0.0003314
-0.00033333
-0.00033519
-0.00033703
-0.0003388
-0.00034057
-0.00034226
-0.00034395
-0.00034555
-0.00034717
-0.00034869
-0.00035024
-0.00035168
-0.00035316
-0.00035453
-0.00035594
-0.00035723
-0.00035858
-0.0003598
-0.00036108
-0.00036223
-0.00036345
-0.00036453
-0.00036569
-0.0003667
-0.0003678
-0.00036875
-0.00036979
-0.00037068
-0.00037167
-0.0003725
-0.00037343
-0.0003742
-0.00037508
-0.00037579
-0.00037662
-0.00037728
-0.00037805
-0.00037866
-0.00037939
-0.00037995
-0.00038062
-0.00038113
-0.00038177
-0.00038223
-0.00038281
-0.00038323
-0.00038377
-0.00038415
-0.00038465
-0.00038498
-0.00038544
-0.00038573
-0.00038614
-0.00038639
-0.00038677
-0.00038699
-0.00038733
-0.0003875
-0.00038781
-0.00038795
-0.00038821
-0.00038833
-0.00038856
-0.00038863
-0.00038883
-0.00038888
-0.00038904
-0.00038906
-0.00038919
-0.00038918
-0.00038928
-0.00038924
-0.00038931
-0.00038925
-0.00038929
-0.0003892
-0.00038921
-0.0003891
-0.00038908
-0.00038895
-0.0003889
-0.00038875
-0.00038868
-0.00038851
-0.00038841
-0.00038822
-0.00038809
-0.00038788
-0.00038773
-0.00038751
-0.00038733
-0.00038709
-0.00038689
-0.00038664
-0.00038642
-0.00038614
-0.0003859
-0.00038562
-0.00038536
-0.00038506
-0.00038478
-0.00038446
-0.00038416
-0.00038383
-0.00038352
-0.00038318
-0.00038284
-0.00038249
-0.00038214
-0.00038178
-0.00038141
-0.00038104
-0.00038066
-0.00038027
-0.00037988
-0.00037948
-0.00037907
-0.00037866
-0.00037825
-0.00037783
-0.0003774
-0.00037697
-0.00037653
-0.00037609
-0.00037564
-0.00037519
-0.00037473
-0.00037427
-0.0003738
-0.00037333
-0.00037285
-0.00037238
-0.00037189
-0.00037141
-0.00037091
-0.00037042
-0.00036992
-0.00036942
-0.00036891
-0.00036841
-0.00036789
-0.00036738
-0.00036685
-0.00036633
-0.0003658
-0.00036528
-0.00036474
-0.00036421
-0.00036367
-0.00036313
-0.00036259
-0.00036205
-0.00036149
-0.00036095
-0.00036039
-0.00035984
-0.00035928
-0.00035872
-0.00035815
-0.00035759
-0.00035702
-0.00035646
-0.00035588
-0.00035531
-0.00035474
-0.00035416
-0.00035358
-0.000353
-0.00035242
-0.00035184
-0.00035125
-0.00035067
-0.00035008
-0.00034949
-0.0003489
-0.00034831
-0.00034771
-0.00034712
-0.00034652
-0.00034592
-0.00034533
-0.00034473
-0.00034412
-0.00034352
-0.00034292
-0.00034231
-0.00034171
-0.0003411
-0.00034049
-0.00033988
-0.00033927
-0.00033866
-0.00033805
-0.00033744
-0.00033683
-0.00033621
-0.0003356
-0.00033498
-0.00033437
-0.00033375
-0.00033313
-0.00033251
-0.00033189
-0.00033127
-0.00033065
-0.00033003
-0.00032941
-0.00032879
-0.00032817
-0.00032754
-0.00032692
-0.00032629
-0.00032567
-0.00032504
-0.00032442
-0.00032379
-0.00032317
-0.00032254
-0.00032191
-0.00032128
-0.00032066
-0.00032003
-0.0003194
-0.00031877
-0.00031814
-0.00031751
-0.00031688
-0.00031625
-0.00031562
-0.00031498
-0.00031435
-0.00031372
-0.00031309
-0.00031246
-0.00031182
-0.00031119
-0.00031056
-0.00030992
-0.00030929
-0.00030866
-0.00030802
-0.00030739
-0.00030675
-0.00030612
-0.00030548
-0.00030485
-0.00030421
-0.00030358
-0.00030294
-0.00030231
-0.00030167
-0.00030103
-0.0003004
-0.00029976
-0.00029912
-0.00029849
-0.00029785
-0.00029721
-0.00029658
-0.00029594
-0.0002953
-0.00029467
-0.00029403
-0.00029339
-0.00029275
-0.00029212
-0.00029148
-0.00029084
-0.0002902
-0.00028957
-0.00028893
-0.00028829
-0.00028765
-0.00028701
-0.00028637
-0.00028574
-0.0002851
-0.00028446
-0.00028382
-0.00028318
-0.00028254
-0.0002819
-0.00028127
-0.00028063
-0.00027999
-0.00027935
-0.00027871
-0.00027807
-0.00027743
-0.00027679
-0.00027615
-0.00027551
-0.00027488
-0.00027424
-0.0002736
-0.00027296
-0.00027232
-0.00027168
-0.00027104
-0.0002704
-0.00026976
-0.00026912
-0.00026848
-0.00026784
-0.0002672
-0.00026656
-0.00026592
-0.00026528
-0.00026464
-0.00026401
-0.00026337
-0.00026273
-0.00026209
-0.00026145
-0.00026081
-0.00026017
-0.00025953
-0.00025889
-0.00025825
-0.00025761
-0.00025697
-0.00025633
-0.00025569
-0.00025505
-0.00025441
-0.00025377
-0.00025313
-0.00025249
-0.00025185
-0.00025121
-0.00025057
-0.00024993
-0.00024929
-0.00024865
-0.00024801
-0.00024737
-0.00024673
-0.00024609
-0.00024545
-0.00024481
-0.00024417
-0.00024353
-0.00024289
-0.00024225
-0.00024161
-0.00024097
-0.00024033
-0.00023969
-0.00023905
-0.00023841
-0.00023777
-0.00023713
-0.00023649
-0.00023585
-0.00023521
-0.00023457
-0.00023393
-0.00023329
-0.00023265
-0.00023201
-0.00023137
-0.00023073
-0.00023009
-0.00022945
-0.00022881
-0.00022817
-0.00022753
-0.00022689
-0.00022625
-0.00022561
-0.00022497
-0.00022433
-0.00022369
-0.00022305
-0.00022241
-0.00022177
-0.00022113
-0.00022049
-0.00021985
-0.00021921
-0.00021857
-0.00021793
-0.00021729
-0.00021665
-0.00021601
-0.00021537
-0.00021473
-0.00021409
-0.00021345
-0.00021281
-0.00021217
-0.00021153
-0.00021089
-0.00021025
-0.00020961
-0.00020897
-0.00020833
-0.00020769
-0.00020705
-0.00020641
-0.00020577
-0.00020513
-0.00020449
-0.00020385
-0.00020321
-0.00020257
-0.00020193
-0.00020129
-0.00020065
-0.00020001
-0.00019937
-0.00019873
-0.00019809
-0.00019745
-0.00019681
-0.00019617
-0.00019553
-0.00019489
-0.00019425
-0.00019361
-0.00019297
-0.00019233
-0.00019169
-0.00019105
-0.00019041
-0.00018977
-0.00018913
-0.00018849
-0.00018785
-0.00018721
-0.00018657
-0.00018593
-0.00018529
-0.00018465
-0.00018401
-0.00018337
-0.00018273
-0.00018209
-0.00018145
-0.00018081
-0.00018017
-0.00017953
-0.00017889
-0.00017825
-0.00017761
-0.00017697
-0.00017633
-0.00017569
-0.00017505
-0.00017441
-0.00017377
-0.00017313
-0.00017249
-0.00017185
-0.00017121
-0.00017057
-0.00016993
-0.00016929
-0.00016865
-0.00016801
-0.00016737
-0.00016673
-0.00016609
-0.00016545
-0.00016481
-0.00016417
-0.00016353
-0.00016289
-0.00016225
-0.00016161
-0.00016097
-0.00016033
-0.00015969
-0.00015905
-0.00015841
-0.00015777
-0.00015713
-0.00015649
-0.00015585
-0.00015521
-0.00015457
-0.00015393
-0.00015329
-0.00015265
-0.00015201
-0.00015137
-0.00015073
-0.00015009
-0.00014945
-0.00014881
-0.00014817
-0.00014753
-0.00014689
-0.00014625
-0.00014561
-0.00014497
-0.00014433
-0.00014369
-0.00014305
-0.00014241
-0.00014177
-0.00014113
-0.00014049
-0.00013985
-0.00013921
-0.00013857
-0.00013793
-0.00013729
-0.00013665
-0.00013601
-0.00013537
-0.00013473
-0.00013409
-0.00013345
-0.00013281
-0.00013217
-0.00013153
-0.00013089
-0.00013025
-0.00012961
-0.00012897
-0.00012833
-0.00012769
-0.00012705
-0.00012641
-0.00012577
-0.00012513
-0.00012449
-0.00012385
-0.00012321
-0.00012257
-0.00012193
-0.00012129
-0.00012065
-0.00012001
-0.00011937
-0.00011873
-0.00011809
-0.00011745
-0.00011681
-0.00011617
-0.00011553
-0.00011489
-0.00011425
-0.00011361
-0.00011297
-0.00011233
-0.00011169
-0.00011105
-0.00011041
-0.00010977
-0.00010913
-0.00010849
-0.00010785
-0.00010721
-0.00010657
-0.00010593
-0.00010529
-0.00010465
-0.00010401
-0.00010337
-0.00010273
-0.00010209
-0.00010145
-0.00010081
-0.00010017
-9.9526e-05
-9.8886e-05
-9.8246e-05
-9.7606e-05
-9.6966e-05
-9.6325e-05
-9.5685e-05
-9.5045e-05
-9.4405e-05
-9.3765e-05
-9.3125e-05
-9.2485e-05
-9.1845e-05
-9.1205e-05
-9.0565e-05
-8.9925e-05
-8.9285e-05
-8.8645e-05
-8.8005e-05
-8.7365e-05
-8.6725e-05
-8.6085e-05
-8.5445e-05
-8.4805e-05
-8.4165e-05
-8.3525e-05
-8.2885e-05
-8.2245e-05
-8.1605e-05
-8.0965e-05
-8.0325e-05
-7.9685e-05
-7.9044e-05
-7.8404e-05
-7.7764e-05
-7.7124e-05
-7.6484e-05
-7.5844e-05
-7.5204e-05
-7.4564e-05
-7.3924e-05
-7.3284e-05
-7.2644e-05
-7.2004e-05
-7.1364e-05
-7.0724e-05
-7.0084e-05
-6.9444e-05
-6.8804e-05
-6.8164e-05
-6.7524e-05
-6.6884e-05
-6.6244e-05
-6.5604e-05
-6.4964e-05
-6.4324e-05
-6.3684e-05
-6.3044e-05
-6.2404e-05
-6.1764e-05
-6.1123e-05
-6.0483e-05
-5.9843e-05
-5.9203e-05
-5.8563e-05
-5.7923e-05
-5.7283e-05
-5.6643e-05
-5.6003e-05
-5.5363e-05
-5.4723e-05
-5.4083e-05
-5.3443e-05
-5.2803e-05
-5.2163e-05
-5.1523e-05
-5.0883e-05
-5.0243e-05
-4.9603e-05
-4.8963e-05
-4.8323e-05
-4.7683e-05
-4.7043e-05
-4.6403e-05
-4.5763e-05
-4.5123e-05
-4.4483e-05
-4.3842e-05
-4.3202e-05
-4.2562e-05
-4.1922e-05
-4.1282e-05
-4.0642e-05
-4.0002e-05
-3.9362e-05
-3.8722e-05
-3.8082e-05
-3.7442e-05
-3.6802e-05
-3.6162e-05
-3.5522e-05
-3.4882e-05
-3.4242e-05
-3.3602e-05
-3.2962e-05
-3.2322e-05
-3.1682e-05
-3.1042e-05
-3.0402e-05
-2.9762e-05
-2.9122e-05
-2.8482e-05
-2.7842e-05
-2.7202e-05
-2.6562e-05
-2.5921e-05
-2.5281e-05
-2.4641e-05
-2.4001e-05
-2.3361e-05
-2.2721e-05
-2.2081e-05
-2.1441e-05
-2.0801e-05
-2.0161e-05
-1.9521e-05
-1.8881e-05
-1.8241e-05
-1.7601e-05
-1.6961e-05
-1.6321e-05
-1.5681e-05
-1.5041e-05
-1.4401e-05
-1.3761e-05
-1.3121e-05
-1.2481e-05
-1.1841e-05
-1.1201e-05
-1.0561e-05
-9.9206e-06
-9.2805e-06
-8.6405e-06
-8.0005e-06
-7.3604e-06
-6.7204e-06
-6.0803e-06
-5.4403e-06
-4.8003e-06
-4.1602e-06
-3.5202e-06
-2.8802e-06
-2.2401e-06
-1.6001e-06
-9.6005e-07
-3.2002e-07
3.2002e-07
9.6005e-07
1.6001e-06
2.2401e-06
2.8802e-06
3.5202e-06
4.1602e-06
4.8003e-06
5.4403e-06
6.0803e-06
6.7204e-06
7.3604e-06
8.0005e-06
8.6405e-06
9.2805e-06
9.9206e-06
1.0561e-05
1.1201e-05
1.1841e-05
1.2481e-05
1.3121e-05
1.3761e-05
1.4401e-05
1.5041e-05
1.5681e-05
1.6321e-05
1.6961e-05
1.7601e-05
1.8241e-05
1.8881e-05
1.9521e-05
2.0161e-05
2.0801e-05
2.1441e-05
2.2081e-05
2.2721e-05
2.3361e-05
2.4001e-05
2.4641e-05
2.5281e-05
2.5921e-05
2.6562e-05
2.7202e-05
2.7842e-05
2.8482e-05
2.9122e-05
2.9762e-05
3.0402e-05
3.1042e-05
3.1682e-05
3.2322e-05
3.2962e-05
3.3602e-05
3.4242e-05
3.4882e-05
3.5522e-05
3.6162e-05
3.6802e-05
3.7442e-05
3.8082e-05
3.8722e-05
3.9362e-05
4.0002e-05
4.0642e-05
4.1282e-05
4.1922e-05
4.2562e-05
4.3202e-05
4.3842e-05
4.4483e-05
4.5123e-05
4.5763e-05
4.6403e-05
4.7043e-05
4.7683e-05
4.8323e-05
4.8963e-05
4.9603e-05
5.0243e-05
5.0883e-05
5.1523e-05
5.2163e-05
5.2803e-05
5.3443e-05
5.4083e-05
5.4723e-05
5.5363e-05
5.6003e-05
5.6643e-05
5.7283e-05
5.7923e-05
5.8563e-05
5.9203e-05
5.9843e-05
6.0483e-05
6.1123e-05
6.1764e-05
6.2404e-05
6.3044e-05
6.3684e-05
6.4324e-05
6.4964e-05
6.5604e-05
6.6244e-05
6.6884e-05
6.7524e-05
6.8164e-05
6.8804e-05
6.9444e-05
7.0084e-05
7.0724e-05
7.1364e-05
7.2004e-05
7.2644e-05
7.3284e-05
7.3924e-05
7.4564e-05
7.5204e-05
7.5844e-05
7.6484e-05
7.7124e-05
7.7764e-05
7.8404e-05
7.9044e-05
7.9685e-05
8.0325e-05
8.0965e-05
8.1605e-05
8.2245e-05
8.2885e-05
8.3525e-05
8.4165e-05
8.4805e-05
8.5445e-05
8.6085e-05
8.6725e-05
8.7365e-05
8.8005e-05
8.8645e-05
8.9285e-05
8.9925e-05
9.0565e-05
9.1205e-05
9.1845e-05
9.2485e-05
9.3125e-05
9.3765e-05
9.4405e-05
9.5045e-05
9.5685e-05
9.6325e-05
9.6966e-05
9.7606e-05
9.8246e-05
9.8886e-05
9.9526e-05
0.00010017
0.00010081
0.00010145
0.00010209
0.00010273
0.00010337
0.00010401
0.00010465
0.00010529
0.00010593
0.00010657
0.00010721
0.00010785
0.00010849
0.00010913
0.00010977
0.00011041
0.00011105
0.00011169
0.00011233
0.00011297
0.00011361
0.00011425
0.00011489
0.00011553
0.00011617
0.00011681
0.00011745
0.00011809
0.00011873
0.00011937
0.00012001
0.00012065
0.00012129
0.00012193
0.00012257
0.00012321
0.00012385
0.00012449
0.00012513
0.00012577
0.00012641
0.00012705
0.00012769
0.00012833
0.00012897
0.00012961
0.00013025
0.00013089
0.00013153
0.00013217
0.00013281
0.00013345
0.00013409
0.00013473
0.00013537
0.00013601
0.00013665
0.00013729
0.00013793
0.00013857
0.00013921
0.00013985
0.00014049
0.00014113
0.00014177
0.00014241
0.00014305
0.00014369
0.00014433
0.00014497
0.00014561
0.00014625
0.00014689
0.00014753
0.00014817
0.00014881
0.00014945
0.00015009
0.00015073
0.00015137
0.00015201
0.00015265
0.00015329
0.00015393
0.00015457
0.00015521
0.00015585
0.00015649
0.00015713
0.00015777
0.00015841
0.00015905
0.00015969
0.00016033
0.00016097
0.00016161
0.00016225
0.00016289
0.00016353
0.00016417
0.00016481
0.00016545
0.00016609
0.00016673
0.00016737
0.00016801
0.00016865
0.00016929
0.00016993
0.00017057
0.00017121
0.00017185
0.00017249
0.00017313
0.00017377
0.00017441
0.00017505
0.00017569
0.00017633
0.00017697
0.00017761
0.00017825
0.00017889
0.00017953
0.00018017
0.00018081
0.00018145
0.00018209
0.00018273
0.00018337
0.00018401
0.00018465
0.00018529
0.00018593
0.00018657
0.00018721
0.00018785
0.00018849
0.00018913
0.00018977
0.00019041
0.00019105
0.00019169
0.00019233
0.00019297
0.00019361
0.00019425
0.00019489
0.00019553
0.00019617
0.00019681
0.00019745
0.00019809
0.00019873
0.00019937
0.00020001
0.00020065
0.00020129
0.00020193
0.00020257
0.00020321
0.00020385
0.00020449
0.00020513
0.00020577
0.00020641
0.00020705
0.00020769
0.00020833
0.00020897
0.00020961
0.00021025
0.00021089
0.00021153
0.00021217
0.00021281
0.00021345
0.00021409
0.00021473
0.00021537
0.00021601
0.00021665
0.00021729
0.00021793
0.00021857
0.00021921
0.00021985
0.00022049
0.00022113
0.00022177
0.00022241
0.00022305
0.00022369
0.00022433
0.00022497
0.00022561
0.00022625
0.00022689
0.00022753
0.00022817
0.00022881
0.00022945
0.00023009
0.00023073
0.00023137
0.00023201
0.00023265
0.00023329
0.00023393
0.00023457
0.00023521
0.00023585
0.00023649
0.00023713
0.00023777
0.00023841
0.00023905
0.00023969
0.00024033
0.00024097
0.00024161
0.00024225
0.00024289
0.00024353
0.00024417
0.00024481
0.00024545
0.00024609
0.00024673
0.00024737
0.00024801
0.00024865
0.00024929
0.00024993
0.00025057
0.00025121
0.00025185
0.00025249
0.00025313
0.00025377
0.00025441
0.00025505
0.00025569
0.00025633
0.00025697
0.00025761
0.00025825
0.00025889
0.00025953
0.00026017
0.00026081
0.00026145
0.00026209
0.00026273
0.00026337
0.00026401
0.00026464
0.00026528
0.00026592
0.00026656
0.0002672
0.00026784
0.00026848
0.00026912
0.00026976
0.0002704
0.00027104
0.00027168
0.00027232
0.00027296
0.0002736
0.00027424
0.00027488
0.00027551
0.00027615
0.00027679
0.00027743
0.00027807
0.00027871
0.00027935
0.00027999
0.00028063
0.00028127
0.0002819
0.00028254
0.00028318
0.00028382
0.00028446
0.0002851
0.00028574
0.00028637
0.00028701
0.00028765
0.00028829
0.00028893
0.00028957
0.0002902
0.00029084
0.00029148
0.00029212
0.00029275
0.00029339
0.00029403
0.00029467
0.0002953
0.00029594
0.00029658
0.00029721
0.00029785
0.00029849
0.00029912
0.00029976
0.0003004
0.00030103
0.00030167
0.00030231
0.00030294
0.00030358
0.00030421
0.00030485
0.00030548
0.00030612
0.00030675
0.00030739
0.00030802
0.00030866
0.00030929
0.00030992
0.00031056
0.00031119
0.00031182
0.00031246
0.00031309
0.00031372
0.00031435
0.00031498
0.00031562
0.00031625
0.00031688
0.00031751
0.00031814
0.00031877
0.0003194
0.00032003
0.00032066
0.00032128
0.00032191
0.00032254
0.00032317
0.00032379
0.00032442
0.00032504
0.00032567
0.00032629
0.00032692
0.00032754
0.00032817
0.00032879
0.00032941
0.00033003
0.00033065
0.00033127
0.00033189
0.00033251
0.00033313
0.00033375
0.00033437
0.00033498
0.0003356
0.00033621
0.00033683
0.00033744
0.00033805
0.00033866
0.00033927
0.00033988
0.00034049
0.0003411
0.00034171
0.00034231
0.00034292
0.00034352
0.00034412
0.00034473
0.00034533
0.00034592
0.00034652
0.00034712
0.00034771
0.00034831
0.0003489
0.00034949
0.00035008
0.00035067
0.00035125
0.00035184
0.00035242
0.000353
0.00035358
0.00035416
0.00035474
0.00035531
0.00035588
0.00035646
0.00035702
0.00035759
0.00035815
0.00035872
0.00035928
0.00035984
0.00036039
0.00036095
0.00036149
0.00036205
0.00036259
0.00036313
0.00036367
0.00036421
0.00036474
0.00036528
0.0003658
0.00036633
0.00036685
0.00036738
0.00036789
0.00036841
0.00036891
0.00036942
0.00036992
0.00037042
0.00037091
0.00037141
0.00037189
0.00037238
0.00037285
0.00037333
0.0003738
0.00037427
0.00037473
0.00037519
0.00037564
0.00037609
0.00037653
0.00037697
0.0003774
0.00037783
0.00037825
0.00037866
0.00037907
0.00037948
0.00037988
0.00038027
0.00038066
0.00038104
0.00038141
0.00038178
0.00038214
0.00038249
0.00038284
0.00038318
0.00038352
0.00038383
0.00038416
0.00038446
0.00038478
0.00038506
0.00038536
0.00038562
0.0003859
0.00038614
0.00038642
0.00038664
0.00038689
0.00038709
0.00038733
0.00038751
0.00038773
0.00038788
0.00038809
0.00038822
0.00038841
0.00038851
0.00038868
0.00038875
0.0003889
0.00038895
0.00038908
0.0003891
0.00038921
0.0003892
0.00038929
0.00038925
0.00038931
0.00038924
0.00038928
0.00038918
0.00038919
0.00038906
0.00038904
0.00038888
0.00038883
0.00038863
0.00038856
0.00038833
0.00038821
0.00038795
0.00038781
0.0003875
0.00038733
0.00038699
0.00038677
0.00038639
0.00038614
0.00038573
0.00038544
0.00038498
0.00038465
0.00038415
0.00038377
0.00038323
0.00038281
0.00038223
0.00038177
0.00038113
0.00038062
0.00037995
0.00037939
0.00037866
0.00037805
0.00037728
0.00037662
0.00037579
0.00037508
0.0003742
0.00037343
0.0003725
0.00037167
0.00037068
0.00036979
0.00036875
0.0003678
0.0003667
0.00036569
0.00036453
0.00036345
0.00036223
0.00036108
0.0003598
0.00035858
0.00035723
0.00035594
0.00035453
0.00035316
0.00035168
0.00035024
0.00034869
0.00034717
0.00034555
0.00034395
0.00034226
0.00034057
0.0003388
0.00033703
0.00033519
0.00033333
0.0003314
0.00032946
0.00032745
0.00032541
0.00032332
0.00032119
0.000319
0.00031678
0.00031451
0.00031219
0.00030982
0.0003074
0.00030494
0.00030242
0.00029986
0.00029723
0.00029458
0.00029184
0.00028908
0.00028624
0.00028337
0.00028042
0.00027745
0.00027438
0.0002713
0.00026811
0.00026491
0.00026161
0.0002583
0.00025487
0.00025144
0.00024789
0.00024434
0.00024067
0.00023699
0.00023319
0.00022938
0.00022544
0.0002215
0.00021744
0.00021337
0.00020916
0.00020495
0.00020061
0.00019626
0.00019178
0.00018728
0.00018266
0.00017802
0.00017324
0.00016845
0.00016353
0.00015858
0.00015351
0.00014841
0.00014318
0.00013792
0.00013253
0.00012711
0.00012156
0.00011597
0.00011026
0.0001045
9.8622e-05
9.2691e-05
8.6643e-05
8.0537e-05
7.4315e-05
6.803e-05
6.1632e-05
5.5166e-05
4.8589e-05
4.1937e-05
3.5178e-05
2.8337e-05
2.1393e-05
1.436e-05
7.2274e-06
