-0.00026737
-0.00031747
-0.00033512
-0.00034261
-0.00034606
-0.00034769
-0.00034843
-0.00034873
-0.0003488
-0.00034873
-0.0003486
-0.00034843
-0.00034824
-0.00034804
-0.00034783
-0.00034762
-0.0003474
-0.00034718
-0.00034696
-0.00034675
-0.00034653
-0.00034631
-0.00034609
-0.00034587
-0.00034565
-0.00034543
-0.00034521
-0.00034499
-0.00034477
-0.00034455
-0.00034433
-0.00034411
-0.00034389
-0.00034367
-0.00034345
-0.00034323
-0.00034301
-0.00034279
-0.00034258
-0.00034236
-0.00034214
-0.00034192
-0.0003417
-0.00034148
-0.00034126
-0.00034104
-0.00034082
-0.0003406
-0.00034038
-0.00034016
-0.00033994
-0.00033972
-0.0003395
-0.00033928
-0.00033906
-0.00033884
-0.00033862
-0.0003384
-0.00033818
-0.00033797
-0.00033775
-0.00033753
-0.00033731
-0.00033709
-0.00033687
-0.00033665
-0.00033643
-0.00033621
-0.00033599
-0.00033577
-0.00033555
-0.00033533
-0.00033511
-0.00033489
-0.00033467
-0.00033445
-0.00033423
-0.00033401
-0.00033379
-0.00033357
-0.00033335
-0.00033314
-0.00033292
-0.0003327
-0.00033248
-0.00033226
-0.00033204
-0.00033182
-0.0003316
-0.00033138
-0.00033116
-0.00033094
-0.00033072
-0.0003305
-0.00033028
-0.00033006
-0.00032984
-0.00032962
-0.0003294
-0.00032918
-0.00032896
-0.00032874
-0.00032853
-0.00032831
-0.00032809
-0.00032787
-0.00032765
-0.00032743
-0.00032721
-0.00032699
-0.00032677
-0.00032655
-0.00032633
-0.00032611
-0.00032589
-0.00032567
-0.00032545
-0.00032523
-0.00032501
-0.00032479
-0.00032457
-0.00032435
-0.00032413
-0.00032391
-0.0003237
-0.00032348
-0.00032326
-0.00032304
-0.00032282
-0.0003226
-0.00032238
-0.00032216
-0.00032194
-0.00032172
-0.0003215
-0.00032128
-0.00032106
-0.00032084
-0.00032062
-0.0003204
-0.00032018
-0.00031996
-0.00031974
-0.00031952
-0.0003193
-0.00031909
-0.00031887
-0.00031865
-0.00031843
-0.00031821
-0.00031799
-0.00031777
-0.00031755
-0.00031733
-0.00031711
-0.00031689
-0.00031667
-0.00031645
-0.00031623
-0.00031601
-0.00031579
-0.00031557
-0.00031535
-0.00031513
-0.00031491
-0.00031469
-0.00031447
-0.00031426
-0.00031404
-0.00031382
-0.0003136
-0.00031338
-0.00031316
-0.00031294
-0.00031272
-0.0003125
-0.00031228
-0.00031206
-0.00031184
-0.00031162
-0.0003114
-0.00031118
-0.00031096
-0.00031074
-0.00031052
-0.0003103
-0.00031008
-0.00030986
-0.00030965
-0.00030943
-0.00030921
-0.00030899
-0.00030877
-0.00030855
-0.00030833
-0.00030811
-0.00030789
-0.00030767
-0.00030745
-0.00030723
-0.00030701
-0.00030679
-0.00030657
-0.00030635
-0.00030613
-0.00030591
-0.00030569
-0.00030547
-0.00030525
-0.00030504
-0.00030482
-0.0003046
-0.00030438
-0.00030416
-0.00030394
-0.00030372
-0.0003035
-0.00030328
-0.00030306
-0.00030284
-0.00030262
-0.0003024
-0.00030218
-0.00030196
-0.00030174
-0.00030152
-0.0003013
-0.00030108
-0.00030086
-0.00030064
-0.00030042
-0.00030021
-0.00029999
-0.00029977
-0.00029955
-0.00029933
-0.00029911
-0.00029889
-0.00029867
-0.00029845
-0.00029823
-0.00029801
-0.00029779
-0.00029757
-0.00029735
-0.00029713
-0.00029691
-0.00029669
-0.00029647
-0.00029625
-0.00029603
-0.00029581
-0.0002956
-0.00029538
-0.00029516
-0.00029494
-0.00029472
-0.0002945
-0.00029428
-0.00029406
-0.00029384
-0.00029362
-0.0002934
-0.00029318
-0.00029296
-0.00029274
-0.00029252
-0.0002923
-0.00029208
-0.00029186
-0.00029164
-0.00029142
-0.0002912
-0.00029098
-0.00029077
-0.00029055
-0.00029033
-0.00029011
-0.00028989
-0.00028967
-0.00028945
-0.00028923
-0.00028901
-0.00028879
-0.00028857
-0.00028835
-0.00028813
-0.00028791
-0.00028769
-0.00028747
-0.00028725
-0.00028703
-0.00028681
-0.00028659
-0.00028637
-0.00028616
-0.00028594
-0.00028572
-0.0002855
-0.00028528
-0.00028506
-0.00028484
-0.00028462
-0.0002844
-0.00028418
-0.00028396
-0.00028374
-0.00028352
-0.0002833
-0.00028308
-0.00028286
-0.00028264
-0.00028242
-0.0002822
-0.00028198
-0.00028176
-0.00028154
-0.00028133
-0.00028111
-0.00028089
-0.00028067
-0.00028045
-0.00028023
-0.00028001
-0.00027979
-0.00027957
-0.00027935
-0.00027913
-0.00027891
-0.00027869
-0.00027847
-0.00027825
-0.00027803
-0.00027781
-0.00027759
-0.00027737
-0.00027715
-0.00027693
-0.00027672
-0.0002765
-0.00027628
-0.00027606
-0.00027584
-0.00027562
-0.0002754
-0.00027518
-0.00027496
-0.00027474
-0.00027452
-0.0002743
-0.00027408
-0.00027386
-0.00027364
-0.00027342
-0.0002732
-0.00027298
-0.00027276
-0.00027254
-0.00027232
-0.00027211
-0.00027189
-0.00027167
-0.00027145
-0.00027123
-0.00027101
-0.00027079
-0.00027057
-0.00027035
-0.00027013
-0.00026991
-0.00026969
-0.00026947
-0.00026925
-0.00026903
-0.00026881
-0.00026859
-0.00026837
-0.00026815
-0.00026793
-0.00026771
-0.00026749
-0.00026728
-0.00026706
-0.00026684
-0.00026662
-0.0002664
-0.00026618
-0.00026596
-0.00026574
-0.00026552
-0.0002653
-0.00026508
-0.00026486
-0.00026464
-0.00026442
-0.0002642
-0.00026398
-0.00026376
-0.00026354
-0.00026332
-0.0002631
-0.00026288
-0.00026267
-0.00026245
-0.00026223
-0.00026201
-0.00026179
-0.00026157
-0.00026135
-0.00026113
-0.00026091
-0.00026069
-0.00026047
-0.00026025
-0.00026003
-0.00025981
-0.00025959
-0.00025937
-0.00025915
-0.00025893
-0.00025871
-0.00025849
-0.00025827
-0.00025805
-0.00025784
-0.00025762
-0.0002574
-0.00025718
-0.00025696
-0.00025674
-0.00025652
-0.0002563
-0.00025608
-0.00025586
-0.00025564
-0.00025542
-0.0002552
-0.00025498
-0.00025476
-0.00025454
-0.00025432
-0.0002541
-0.00025388
-0.00025366
-0.00025344
-0.00025323
-0.00025301
-0.00025279
-0.00025257
-0.00025235
-0.00025213
-0.00025191
-0.00025169
-0.00025147
-0.00025125
-0.00025103
-0.00025081
-0.00025059
-0.00025037
-0.00025015
-0.00024993
-0.00024971
-0.00024949
-0.00024927
-0.00024905
-0.00024883
-0.00024861
-0.0002484
-0.00024818
-0.00024796
-0.00024774
-0.00024752
-0.0002473
-0.00024708
-0.00024686
-0.00024664
-0.00024642
-0.0002462
-0.00024598
-0.00024576
-0.00024554
-0.00024532
-0.0002451
-0.00024488
-0.00024466
-0.00024444
-0.00024422
-0.000244
-0.00024379
-0.00024357
-0.00024335
-0.00024313
-0.00024291
-0.00024269
-0.00024247
-0.00024225
-0.00024203
-0.00024181
-0.00024159
-0.00024137
-0.00024115
-0.00024093
-0.00024071
-0.00024049
-0.00024027
-0.00024005
-0.00023983
-0.00023961
-0.00023939
-0.00023918
-0.00023896
-0.00023874
-0.00023852
-0.0002383
-0.00023808
-0.00023786
-0.00023764
-0.00023742
-0.0002372
-0.00023698
-0.00023676
-0.00023654
-0.00023632
-0.0002361
-0.00023588
-0.00023566
-0.00023544
-0.00023522
-0.000235
-0.00023478
-0.00023456
-0.00023435
-0.00023413
-0.00023391
-0.00023369
-0.00023347
-0.00023325
-0.00023303
-0.00023281
-0.00023259
-0.00023237
-0.00023215
-0.00023193
-0.00023171
-0.00023149
-0.00023127
-0.00023105
-0.00023083
-0.00023061
-0.00023039
-0.00023017
-0.00022995
-0.00022974
-0.00022952
-0.0002293
-0.00022908
-0.00022886
-0.00022864
-0.00022842
-0.0002282
-0.00022798
-0.00022776
-0.00022754
-0.00022732
-0.0002271
-0.00022688
-0.00022666
-0.00022644
-0.00022622
-0.000226
-0.00022578
-0.00022556
-0.00022534
-0.00022512
-0.00022491
-0.00022469
-0.00022447
-0.00022425
-0.00022403
-0.00022381
-0.00022359
-0.00022337
-0.00022315
-0.00022293
-0.00022271
-0.00022249
-0.00022227
-0.00022205
-0.00022183
-0.00022161
-0.00022139
-0.00022117
-0.00022095
-0.00022073
-0.00022051
-0.0002203
-0.00022008
-0.00021986
-0.00021964
-0.00021942
-0.0002192
-0.00021898
-0.00021876
-0.00021854
-0.00021832
-0.0002181
-0.00021788
-0.00021766
-0.00021744
-0.00021722
-0.000217
-0.00021678
-0.00021656
-0.00021634
-0.00021612
-0.0002159
-0.00021569
-0.00021547
-0.00021525
-0.00021503
-0.00021481
-0.00021459
-0.00021437
-0.00021415
-0.00021393
-0.00021371
-0.00021349
-0.00021327
-0.00021305
-0.00021283
-0.00021261
-0.00021239
-0.00021217
-0.00021195
-0.00021173
-0.00021151
-0.00021129
-0.00021107
-0.00021086
-0.00021064
-0.00021042
-0.0002102
-0.00020998
-0.00020976
-0.00020954
-0.00020932
-0.0002091
-0.00020888
-0.00020866
-0.00020844
-0.00020822
-0.000208
-0.00020778
-0.00020756
-0.00020734
-0.00020712
-0.0002069
-0.00020668
-0.00020646
-0.00020625
-0.00020603
-0.00020581
-0.00020559
-0.00020537
-0.00020515
-0.00020493
-0.00020471
-0.00020449
-0.00020427
-0.00020405
-0.00020383
-0.00020361
-0.00020339
-0.00020317
-0.00020295
-0.00020273
-0.00020251
-0.00020229
-0.00020207
-0.00020185
-0.00020163
-0.00020142
-0.0002012
-0.00020098
-0.00020076
-0.00020054
-0.00020032
-0.0002001
-0.00019988
-0.00019966
-0.00019944
-0.00019922
-0.000199
-0.00019878
-0.00019856
-0.00019834
-0.00019812
-0.0001979
-0.00019768
-0.00019746
-0.00019724
-0.00019702
-0.00019681
-0.00019659
-0.00019637
-0.00019615
-0.00019593
-0.00019571
-0.00019549
-0.00019527
-0.00019505
-0.00019483
-0.00019461
-0.00019439
-0.00019417
-0.00019395
-0.00019373
-0.00019351
-0.00019329
-0.00019307
-0.00019285
-0.00019263
-0.00019241
-0.00019219
-0.00019198
-0.00019176
-0.00019154
-0.00019132
-0.0001911
-0.00019088
-0.00019066
-0.00019044
-0.00019022
-0.00019
-0.00018978
-0.00018956
-0.00018934
-0.00018912
-0.0001889
-0.00018868
-0.00018846
-0.00018824
-0.00018802
-0.0001878
-0.00018758
-0.00018737
-0.00018715
-0.00018693
-0.00018671
-0.00018649
-0.00018627
-0.00018605
-0.00018583
-0.00018561
-0.00018539
-0.00018517
-0.00018495
-0.00018473
-0.00018451
-0.00018429
-0.00018407
-0.00018385
-0.00018363
-0.00018341
-0.00018319
-0.00018297
-0.00018276
-0.00018254
-0.00018232
-0.0001821
-0.00018188
-0.00018166
-0.00018144
-0.00018122
-0.000181
-0.00018078
-0.00018056
-0.00018034
-0.00018012
-0.0001799
-0.00017968
-0.00017946
-0.00017924
-0.00017902
-0.0001788
-0.00017858
-0.00017836
-0.00017814
-0.00017793
-0.00017771
-0.00017749
-0.00017727
-0.00017705
-0.00017683
-0.00017661
-0.00017639
-0.00017617
-0.00017595
-0.00017573
-0.00017551
-0.00017529
-0.00017507
-0.00017485
-0.00017463
-0.00017441
-0.00017419
-0.00017397
-0.00017375
-0.00017353
-0.00017332
-0.0001731
-0.00017288
-0.00017266
-0.00017244
-0.00017222
-0.000172
-0.00017178
-0.00017156
-0.00017134
-0.00017112
-0.0001709
-0.00017068
-0.00017046
-0.00017024
-0.00017002
-0.0001698
-0.00016958
-0.00016936
-0.00016914
-0.00016892
-0.0001687
-0.00016849
-0.00016827
-0.00016805
-0.00016783
-0.00016761
-0.00016739
-0.00016717
-0.00016695
-0.00016673
-0.00016651
-0.00016629
-0.00016607
-0.00016585
-0.00016563
-0.00016541
-0.00016519
-0.00016497
-0.00016475
-0.00016453
-0.00016431
-0.00016409
-0.00016388
-0.00016366
-0.00016344
-0.00016322
-0.000163
-0.00016278
-0.00016256
-0.00016234
-0.00016212
-0.0001619
-0.00016168
-0.00016146
-0.00016124
-0.00016102
-0.0001608
-0.00016058
-0.00016036
-0.00016014
-0.00015992
-0.0001597
-0.00015948
-0.00015926
-0.00015905
-0.00015883
-0.00015861
-0.00015839
-0.00015817
-0.00015795
-0.00015773
-0.00015751
-0.00015729
-0.00015707
-0.00015685
-0.00015663
-0.00015641
-0.00015619
-0.00015597
-0.00015575
-0.00015553
-0.00015531
-0.00015509
-0.00015487
-0.00015465
-0.00015444
-0.00015422
-0.000154
-0.00015378
-0.00015356
-0.00015334
-0.00015312
-0.0001529
-0.00015268
-0.00015246
-0.00015224
-0.00015202
-0.0001518
-0.00015158
-0.00015136
-0.00015114
-0.00015092
-0.0001507
-0.00015048
-0.00015026
-0.00015004
-0.00014983
-0.00014961
-0.00014939
-0.00014917
-0.00014895
-0.00014873
-0.00014851
-0.00014829
-0.00014807
-0.00014785
-0.00014763
-0.00014741
-0.00014719
-0.00014697
-0.00014675
-0.00014653
-0.00014631
-0.00014609
-0.00014587
-0.00014565
-0.00014543
-0.00014521
-0.000145
-0.00014478
-0.00014456
-0.00014434
-0.00014412
-0.0001439
-0.00014368
-0.00014346
-0.00014324
-0.00014302
-0.0001428
-0.00014258
-0.00014236
-0.00014214
-0.00014192
-0.0001417
-0.00014148
-0.00014126
-0.00014104
-0.00014082
-0.0001406
-0.00014039
-0.00014017
-0.00013995
-0.00013973
-0.00013951
-0.00013929
-0.00013907
-0.00013885
-0.00013863
-0.00013841
-0.00013819
-0.00013797
-0.00013775
-0.00013753
-0.00013731
-0.00013709
-0.00013687
-0.00013665
-0.00013643
-0.00013621
-0.00013599
-0.00013577
-0.00013556
-0.00013534
-0.00013512
-0.0001349
-0.00013468
-0.00013446
-0.00013424
-0.00013402
-0.0001338
-0.00013358
-0.00013336
-0.00013314
-0.00013292
-0.0001327
-0.00013248
-0.00013226
-0.00013204
-0.00013182
-0.0001316
-0.00013138
-0.00013116
-0.00013095
-0.00013073
-0.00013051
-0.00013029
-0.00013007
-0.00012985
-0.00012963
-0.00012941
-0.00012919
-0.00012897
-0.00012875
-0.00012853
-0.00012831
-0.00012809
-0.00012787
-0.00012765
-0.00012743
-0.00012721
-0.00012699
-0.00012677
-0.00012655
-0.00012633
-0.00012612
-0.0001259
-0.00012568
-0.00012546
-0.00012524
-0.00012502
-0.0001248
-0.00012458
-0.00012436
-0.00012414
-0.00012392
-0.0001237
-0.00012348
-0.00012326
-0.00012304
-0.00012282
-0.0001226
-0.00012238
-0.00012216
-0.00012194
-0.00012172
-0.00012151
-0.00012129
-0.00012107
-0.00012085
-0.00012063
-0.00012041
-0.00012019
-0.00011997
-0.00011975
-0.00011953
-0.00011931
-0.00011909
-0.00011887
-0.00011865
-0.00011843
-0.00011821
-0.00011799
-0.00011777
-0.00011755
-0.00011733
-0.00011711
-0.0001169
-0.00011668
-0.00011646
-0.00011624
-0.00011602
-0.0001158
-0.00011558
-0.00011536
-0.00011514
-0.00011492
-0.0001147
-0.00011448
-0.00011426
-0.00011404
-0.00011382
-0.0001136
-0.00011338
-0.00011316
-0.00011294
-0.00011272
-0.0001125
-0.00011228
-0.00011207
-0.00011185
-0.00011163
-0.00011141
-0.00011119
-0.00011097
-0.00011075
-0.00011053
-0.00011031
-0.00011009
-0.00010987
-0.00010965
-0.00010943
-0.00010921
-0.00010899
-0.00010877
-0.00010855
-0.00010833
-0.00010811
-0.00010789
-0.00010767
-0.00010746
-0.00010724
-0.00010702
-0.0001068
-0.00010658
-0.00010636
-0.00010614
-0.00010592
-0.0001057
-0.00010548
-0.00010526
-0.00010504
-0.00010482
-0.0001046
-0.00010438
-0.00010416
-0.00010394
-0.00010372
-0.0001035
-0.00010328
-0.00010306
-0.00010284
-0.00010263
-0.00010241
-0.00010219
-0.00010197
-0.00010175
-0.00010153
-0.00010131
-0.00010109
-0.00010087
-0.00010065
-0.00010043
-0.00010021
-9.9991e-05
-9.9771e-05
-9.9552e-05
-9.9332e-05
-9.9113e-05
-9.8893e-05
-9.8674e-05
-9.8454e-05
-9.8235e-05
-9.8015e-05
-9.7796e-05
-9.7576e-05
-9.7357e-05
-9.7137e-05
-9.6918e-05
-9.6698e-05
-9.6478e-05
-9.6259e-05
-9.6039e-05
-9.582e-05
-9.56e-05
-9.5381e-05
-9.5161e-05
-9.4942e-05
-9.4722e-05
-9.4503e-05
-9.4283e-05
-9.4064e-05
-9.3844e-05
-9.3625e-05
-9.3405e-05
-9.3185e-05
-9.2966e-05
-9.2746e-05
-9.2527e-05
-9.2307e-05
-9.2088e-05
-9.1868e-05
-9.1649e-05
-9.1429e-05
-9.121e-05
-9.099e-05
-9.0771e-05
-9.0551e-05
-9.0332e-05
-9.0112e-05
-8.9892e-05
-8.9673e-05
-8.9453e-05
-8.9234e-05
-8.9014e-05
-8.8795e-05
-8.8575e-05
-8.8356e-05
-8.8136e-05
-8.7917e-05
-8.7697e-05
-8.7478e-05
-8.7258e-05
-8.7039e-05
-8.6819e-05
-8.6599e-05
-8.638e-05
-8.616e-05
-8.5941e-05
-8.5721e-05
-8.5502e-05
-8.5282e-05
-8.5063e-05
-8.4843e-05
-8.4624e-05
-8.4404e-05
-8.4185e-05
-8.3965e-05
-8.3746e-05
-8.3526e-05
-8.3306e-05
-8.3087e-05
-8.2867e-05
-8.2648e-05
-8.2428e-05
-8.2209e-05
-8.1989e-05
-8.177e-05
-8.155e-05
-8.1331e-05
-8.1111e-05
-8.0892e-05
-8.0672e-05
-8.0453e-05
-8.0233e-05
-8.0013e-05
-7.9794e-05
-7.9574e-05
-7.9355e-05
-7.9135e-05
-7.8916e-05
-7.8696e-05
-7.8477e-05
-7.8257e-05
-7.8038e-05
-7.7818e-05
-7.7599e-05
-7.7379e-05
-7.716e-05
-7.694e-05
-7.672e-05
-7.6501e-05
-7.6281e-05
-7.6062e-05
-7.5842e-05
-7.5623e-05
-7.5403e-05
-7.5184e-05
-7.4964e-05
-7.4745e-05
-7.4525e-05
-7.4306e-05
-7.4086e-05
-7.3867e-05
-7.3647e-05
-7.3427e-05
-7.3208e-05
-7.2988e-05
-7.2769e-05
-7.2549e-05
-7.233e-05
-7.211e-05
-7.1891e-05
-7.1671e-05
-7.1452e-05
-7.1232e-05
-7.1013e-05
-7.0793e-05
-7.0574e-05
-7.0354e-05
-7.0134e-05
-6.9915e-05
-6.9695e-05
-6.9476e-05
-6.9256e-05
-6.9037e-05
-6.8817e-05
-6.8598e-05
-6.8378e-05
-6.8159e-05
-6.7939e-05
-6.772e-05
-6.75e-05
-6.7281e-05
-6.7061e-05
-6.6841e-05
-6.6622e-05
-6.6402e-05
-6.6183e-05
-6.5963e-05
-6.5744e-05
-6.5524e-05
-6.5305e-05
-6.5085e-05
-6.4866e-05
-6.4646e-05
-6.4427e-05
-6.4207e-05
-6.3988e-05
-6.3768e-05
-6.3548e-05
-6.3329e-05
-6.3109e-05
-6.289e-05
-6.267e-05
-6.2451e-05
-6.2231e-05
-6.2012e-05
-6.1792e-05
-6.1573e-05
-6.1353e-05
-6.1134e-05
-6.0914e-05
-6.0695e-05
-6.0475e-05
-6.0255e-05
-6.0036e-05
-5.9816e-05
-5.9597e-05
-5.9377e-05
-5.9158e-05
-5.8938e-05
-5.8719e-05
-5.8499e-05
-5.828e-05
-5.806e-05
-5.7841e-05
-5.7621e-05
-5.7402e-05
-5.7182e-05
-5.6962e-05
-5.6743e-05
-5.6523e-05
-5.6304e-05
-5.6084e-05
-5.5865e-05
-5.5645e-05
-5.5426e-05
-5.5206e-05
-5.4987e-05
-5.4767e-05
-5.4548e-05
-5.4328e-05
-5.4109e-05
-5.3889e-05
-5.3669e-05
-5.345e-05
-5.323e-05
-5.3011e-05
-5.2791e-05
-5.2572e-05
-5.2352e-05
-5.2133e-05
-5.1913e-05
-5.1694e-05
-5.1474e-05
-5.1255e-05
-5.1035e-05
-5.0816e-05
-5.0596e-05
-5.0376e-05
-5.0157e-05
-4.9937e-05
-4.9718e-05
-4.9498e-05
-4.9279e-05
-4.9059e-05
-4.884e-05
-4.862e-05
-4.8401e-05
-4.8181e-05
-4.7962e-05
-4.7742e-05
-4.7523e-05
-4.7303e-05
-4.7083e-05
-4.6864e-05
-4.6644e-05
-4.6425e-05
-4.6205e-05
-4.5986e-05
-4.5766e-05
-4.5547e-05
-4.5327e-05
-4.5108e-05
-4.4888e-05
-4.4669e-05
-4.4449e-05
-4.423e-05
-4.401e-05
-4.379e-05
-4.3571e-05
-4.3351e-05
-4.3132e-05
-4.2912e-05
-4.2693e-05
-4.2473e-05
-4.2254e-05
-4.2034e-05
-4.1815e-05
-4.1595e-05
-4.1376e-05
-4.1156e-05
-4.0937e-05
-4.0717e-05
-4.0497e-05
-4.0278e-05
-4.0058e-05
-3.9839e-05
-3.9619e-05
-3.94e-05
-3.918e-05
-3.8961e-05
-3.8741e-05
-3.8522e-05
-3.8302e-05
-3.8083e-05
-3.7863e-05
-3.7644e-05
-3.7424e-05
-3.7204e-05
-3.6985e-05
-3.6765e-05
-3.6546e-05
-3.6326e-05
-3.6107e-05
-3.5887e-05
-3.5668e-05
-3.5448e-05
-3.5229e-05
-3.5009e-05
-3.479e-05
-3.457e-05
-3.4351e-05
-3.4131e-05
-3.3911e-05
-3.3692e-05
-3.3472e-05
-3.3253e-05
-3.3033e-05
-3.2814e-05
-3.2594e-05
-3.2375e-05
-3.2155e-05
-3.1936e-05
-3.1716e-05
-3.1497e-05
-3.1277e-05
-3.1058e-05
-3.0838e-05
-3.0618e-05
-3.0399e-05
-3.0179e-05
-2.996e-05
-2.974e-05
-2.9521e-05
-2.9301e-05
-2.9082e-05
-2.8862e-05
-2.8643e-05
-2.8423e-05
-2.8204e-05
-2.7984e-05
-2.7765e-05
-2.7545e-05
-2.7325e-05
-2.7106e-05
-2.6886e-05
-2.6667e-05
-2.6447e-05
-2.6228e-05
-2.6008e-05
-2.5789e-05
-2.5569e-05
-2.535e-05
-2.513e-05
-2.4911e-05
-2.4691e-05
-2.4472e-05
-2.4252e-05
-2.4032e-05
-2.3813e-05
-2.3593e-05
-2.3374e-05
-2.3154e-05
-2.2935e-05
-2.2715e-05
-2.2496e-05
-2.2276e-05
-2.2057e-05
-2.1837e-05
-2.1618e-05
-2.1398e-05
-2.1179e-05
-2.0959e-05
-2.0739e-05
-2.052e-05
-2.03e-05
-2.0081e-05
-1.9861e-05
-1.9642e-05
-1.9422e-05
-1.9203e-05
-1.8983e-05
-1.8764e-05
-1.8544e-05
-1.8325e-05
-1.8105e-05
-1.7886e-05
-1.7666e-05
-1.7446e-05
-1.7227e-05
-1.7007e-05
-1.6788e-05
-1.6568e-05
-1.6349e-05
-1.6129e-05
-1.591e-05
-1.569e-05
-1.5471e-05
-1.5251e-05
-1.5032e-05
-1.4812e-05
-1.4593e-05
-1.4373e-05
-1.4153e-05
-1.3934e-05
-1.3714e-05
-1.3495e-05
-1.3275e-05
-1.3056e-05
-1.2836e-05
-1.2617e-05
-1.2397e-05
-1.2178e-05
-1.1958e-05
-1.1739e-05
-1.1519e-05
-1.13e-05
-1.108e-05
-1.086e-05
-1.0641e-05
-1.0421e-05
-1.0202e-05
-9.9823e-06
-9.7628e-06
-9.5433e-06
-9.3237e-06
-9.1042e-06
-8.8847e-06
-8.6651e-06
-8.4456e-06
-8.2261e-06
-8.0065e-06
-7.787e-06
-7.5675e-06
-7.3479e-06
-7.1284e-06
-6.9089e-06
-6.6893e-06
-6.4698e-06
-6.2503e-06
-6.0307e-06
-5.8112e-06
-5.5917e-06
-5.3721e-06
-5.1526e-06
-4.9331e-06
-4.7135e-06
-4.494e-06
-4.2745e-06
-4.0549e-06
-3.8354e-06
-3.6159e-06
-3.3963e-06
-3.1768e-06
-2.9573e-06
-2.7377e-06
-2.5182e-06
-2.2987e-06
-2.0791e-06
-1.8596e-06
-1.6401e-06
-1.4205e-06
-1.201e-06
-9.8146e-07
-7.6193e-07
-5.4239e-07
-3.2286e-07
-1.0333e-07
1.1621e-07
3.3574e-07
5.5527e-07
7.7481e-07
9.9434e-07
1.2139e-06
1.4334e-06
1.6529e-06
1.8725e-06
2.092e-06
2.3115e-06
2.5311e-06
2.7506e-06
2.9701e-06
3.1897e-06
3.4092e-06
3.6287e-06
3.8483e-06
4.0678e-06
4.2873e-06
4.5069e-06
4.7264e-06
4.9459e-06
5.1655e-06
5.385e-06
5.6045e-06
5.8241e-06
6.0436e-06
6.2631e-06
6.4827e-06
6.7022e-06
6.9217e-06
7.1413e-06
7.3608e-06
7.5803e-06
7.7999e-06
8.0194e-06
8.2389e-06
8.4585e-06
8.678e-06
8.8975e-06
9.1171e-06
9.3366e-06
9.5561e-06
9.7757e-06
9.9952e-06
1.0215e-05
1.0434e-05
1.0654e-05
1.0873e-05
1.1093e-05
1.1312e-05
1.1532e-05
1.1751e-05
1.1971e-05
1.2191e-05
1.241e-05
1.263e-05
1.2849e-05
1.3069e-05
1.3288e-05
1.3508e-05
1.3727e-05
1.3947e-05
1.4166e-05
1.4386e-05
1.4605e-05
1.4825e-05
1.5044e-05
1.5264e-05
1.5484e-05
1.5703e-05
1.5923e-05
1.6142e-05
1.6362e-05
1.6581e-05
1.6801e-05
1.702e-05
1.724e-05
1.7459e-05
1.7679e-05
1.7898e-05
1.8118e-05
1.8337e-05
1.8557e-05
1.8777e-05
1.8996e-05
1.9216e-05
1.9435e-05
1.9655e-05
1.9874e-05
2.0094e-05
2.0313e-05
2.0533e-05
2.0752e-05
2.0972e-05
2.1191e-05
2.1411e-05
2.163e-05
2.185e-05
2.207e-05
2.2289e-05
2.2509e-05
2.2728e-05
2.2948e-05
2.3167e-05
2.3387e-05
2.3606e-05
2.3826e-05
2.4045e-05
2.4265e-05
2.4484e-05
2.4704e-05
2.4923e-05
2.5143e-05
2.5363e-05
2.5582e-05
2.5802e-05
2.6021e-05
2.6241e-05
2.646e-05
2.668e-05
2.6899e-05
2.7119e-05
2.7338e-05
2.7558e-05
2.7777e-05
2.7997e-05
2.8216e-05
2.8436e-05
2.8656e-05
2.8875e-05
2.9095e-05
2.9314e-05
2.9534e-05
2.9753e-05
2.9973e-05
3.0192e-05
3.0412e-05
3.0631e-05
3.0851e-05
3.107e-05
3.129e-05
3.1509e-05
3.1729e-05
3.1949e-05
3.2168e-05
3.2388e-05
3.2607e-05
3.2827e-05
3.3046e-05
3.3266e-05
3.3485e-05
3.3705e-05
3.3924e-05
3.4144e-05
3.4363e-05
3.4583e-05
3.4802e-05
3.5022e-05
3.5242e-05
3.5461e-05
3.5681e-05
3.59e-05
3.612e-05
3.6339e-05
3.6559e-05
3.6778e-05
3.6998e-05
3.7217e-05
3.7437e-05
3.7656e-05
3.7876e-05
3.8095e-05
3.8315e-05
3.8535e-05
3.8754e-05
3.8974e-05
3.9193e-05
3.9413e-05
3.9632e-05
3.9852e-05
4.0071e-05
4.0291e-05
4.051e-05
4.073e-05
4.0949e-05
4.1169e-05
4.1388e-05
4.1608e-05
4.1828e-05
4.2047e-05
4.2267e-05
4.2486e-05
4.2706e-05
4.2925e-05
4.3145e-05
4.3364e-05
4.3584e-05
4.3803e-05
4.4023e-05
4.4242e-05
4.4462e-05
4.4681e-05
4.4901e-05
4.5121e-05
4.534e-05
4.556e-05
4.5779e-05
4.5999e-05
4.6218e-05
4.6438e-05
4.6657e-05
4.6877e-05
4.7096e-05
4.7316e-05
4.7535e-05
4.7755e-05
4.7974e-05
4.8194e-05
4.8414e-05
4.8633e-05
4.8853e-05
4.9072e-05
4.9292e-05
4.9511e-05
4.9731e-05
4.995e-05
5.017e-05
5.0389e-05
5.0609e-05
5.0828e-05
5.1048e-05
5.1267e-05
5.1487e-05
5.1707e-05
5.1926e-05
5.2146e-05
5.2365e-05
5.2585e-05
5.2804e-05
5.3024e-05
5.3243e-05
5.3463e-05
5.3682e-05
5.3902e-05
5.4121e-05
5.4341e-05
5.456e-05
5.478e-05
5.5e-05
5.5219e-05
5.5439e-05
5.5658e-05
5.5878e-05
5.6097e-05
5.6317e-05
5.6536e-05
5.6756e-05
5.6975e-05
5.7195e-05
5.7414e-05
5.7634e-05
5.7853e-05
5.8073e-05
5.8293e-05
5.8512e-05
5.8732e-05
5.8951e-05
5.9171e-05
5.939e-05
5.961e-05
5.9829e-05
6.0049e-05
6.0268e-05
6.0488e-05
6.0707e-05
6.0927e-05
6.1146e-05
6.1366e-05
6.1586e-05
6.1805e-05
6.2025e-05
6.2244e-05
6.2464e-05
6.2683e-05
6.2903e-05
6.3122e-05
6.3342e-05
6.3561e-05
6.3781e-05
6.4e-05
6.422e-05
6.4439e-05
6.4659e-05
6.4879e-05
6.5098e-05
6.5318e-05
6.5537e-05
6.5757e-05
6.5976e-05
6.6196e-05
6.6415e-05
6.6635e-05
6.6854e-05
6.7074e-05
6.7293e-05
6.7513e-05
6.7732e-05
6.7952e-05
6.8172e-05
6.8391e-05
6.8611e-05
6.883e-05
6.905e-05
6.9269e-05
6.9489e-05
6.9708e-05
6.9928e-05
7.0147e-05
7.0367e-05
7.0586e-05
7.0806e-05
7.1025e-05
7.1245e-05
7.1465e-05
7.1684e-05
7.1904e-05
7.2123e-05
7.2343e-05
7.2562e-05
7.2782e-05
7.3001e-05
7.3221e-05
7.344e-05
7.366e-05
7.3879e-05
7.4099e-05
7.4318e-05
7.4538e-05
7.4758e-05
7.4977e-05
7.5197e-05
7.5416e-05
7.5636e-05
7.5855e-05
7.6075e-05
7.6294e-05
7.6514e-05
7.6733e-05
7.6953e-05
7.7172e-05
7.7392e-05
7.7611e-05
7.7831e-05
7.8051e-05
7.827e-05
7.849e-05
7.8709e-05
7.8929e-05
7.9148e-05
7.9368e-05
7.9587e-05
7.9807e-05
8.0026e-05
8.0246e-05
8.0465e-05
8.0685e-05
8.0904e-05
8.1124e-05
8.1344e-05
8.1563e-05
8.1783e-05
8.2002e-05
8.2222e-05
8.2441e-05
8.2661e-05
8.288e-05
8.31e-05
8.3319e-05
8.3539e-05
8.3758e-05
8.3978e-05
8.4197e-05
8.4417e-05
8.4637e-05
8.4856e-05
8.5076e-05
8.5295e-05
8.5515e-05
8.5734e-05
8.5954e-05
8.6173e-05
8.6393e-05
8.6612e-05
8.6832e-05
8.7051e-05
8.7271e-05
8.749e-05
8.771e-05
8.793e-05
8.8149e-05
8.8369e-05
8.8588e-05
8.8808e-05
8.9027e-05
8.9247e-05
8.9466e-05
8.9686e-05
8.9905e-05
9.0125e-05
9.0344e-05
9.0564e-05
9.0783e-05
9.1003e-05
9.1223e-05
9.1442e-05
9.1662e-05
9.1881e-05
9.2101e-05
9.232e-05
9.254e-05
9.2759e-05
9.2979e-05
9.3198e-05
9.3418e-05
9.3637e-05
9.3857e-05
9.4076e-05
9.4296e-05
9.4516e-05
9.4735e-05
9.4955e-05
9.5174e-05
9.5394e-05
9.5613e-05
9.5833e-05
9.6052e-05
9.6272e-05
9.6491e-05
9.6711e-05
9.693e-05
9.715e-05
9.7369e-05
9.7589e-05
9.7809e-05
9.8028e-05
9.8248e-05
9.8467e-05
9.8687e-05
9.8906e-05
9.9126e-05
9.9345e-05
9.9565e-05
9.9784e-05
0.0001
0.00010022
0.00010044
0.00010066
0.00010088
0.0001011
0.00010132
0.00010154
0.00010176
0.00010198
0.0001022
0.00010242
0.00010264
0.00010286
0.00010308
0.0001033
0.00010352
0.00010374
0.00010396
0.00010417
0.00010439
0.00010461
0.00010483
0.00010505
0.00010527
0.00010549
0.00010571
0.00010593
0.00010615
0.00010637
0.00010659
0.00010681
0.00010703
0.00010725
0.00010747
0.00010769
0.00010791
0.00010813
0.00010835
0.00010857
0.00010879
0.000109
0.00010922
0.00010944
0.00010966
0.00010988
0.0001101
0.00011032
0.00011054
0.00011076
0.00011098
0.0001112
0.00011142
0.00011164
0.00011186
0.00011208
0.0001123
0.00011252
0.00011274
0.00011296
0.00011318
0.0001134
0.00011361
0.00011383
0.00011405
0.00011427
0.00011449
0.00011471
0.00011493
0.00011515
0.00011537
0.00011559
0.00011581
0.00011603
0.00011625
0.00011647
0.00011669
0.00011691
0.00011713
0.00011735
0.00011757
0.00011779
0.00011801
0.00011823
0.00011844
0.00011866
0.00011888
0.0001191
0.00011932
0.00011954
0.00011976
0.00011998
0.0001202
0.00012042
0.00012064
0.00012086
0.00012108
0.0001213
0.00012152
0.00012174
0.00012196
0.00012218
0.0001224
0.00012262
0.00012284
0.00012305
0.00012327
0.00012349
0.00012371
0.00012393
0.00012415
0.00012437
0.00012459
0.00012481
0.00012503
0.00012525
0.00012547
0.00012569
0.00012591
0.00012613
0.00012635
0.00012657
0.00012679
0.00012701
0.00012723
0.00012745
0.00012767
0.00012788
0.0001281
0.00012832
0.00012854
0.00012876
0.00012898
0.0001292
0.00012942
0.00012964
0.00012986
0.00013008
0.0001303
0.00013052
0.00013074
0.00013096
0.00013118
0.0001314
0.00013162
0.00013184
0.00013206
0.00013228
0.00013249
0.00013271
0.00013293
0.00013315
0.00013337
0.00013359
0.00013381
0.00013403
0.00013425
0.00013447
0.00013469
0.00013491
0.00013513
0.00013535
0.00013557
0.00013579
0.00013601
0.00013623
0.00013645
0.00013667
0.00013689
0.0001371
0.00013732
0.00013754
0.00013776
0.00013798
0.0001382
0.00013842
0.00013864
0.00013886
0.00013908
0.0001393
0.00013952
0.00013974
0.00013996
0.00014018
0.0001404
0.00014062
0.00014084
0.00014106
0.00014128
0.0001415
0.00014172
0.00014193
0.00014215
0.00014237
0.00014259
0.00014281
0.00014303
0.00014325
0.00014347
0.00014369
0.00014391
0.00014413
0.00014435
0.00014457
0.00014479
0.00014501
0.00014523
0.00014545
0.00014567
0.00014589
0.00014611
0.00014633
0.00014654
0.00014676
0.00014698
0.0001472
0.00014742
0.00014764
0.00014786
0.00014808
0.0001483
0.00014852
0.00014874
0.00014896
0.00014918
0.0001494
0.00014962
0.00014984
0.00015006
0.00015028
0.0001505
0.00015072
0.00015094
0.00015116
0.00015137
0.00015159
0.00015181
0.00015203
0.00015225
0.00015247
0.00015269
0.00015291
0.00015313
0.00015335
0.00015357
0.00015379
0.00015401
0.00015423
0.00015445
0.00015467
0.00015489
0.00015511
0.00015533
0.00015555
0.00015577
0.00015598
0.0001562
0.00015642
0.00015664
0.00015686
0.00015708
0.0001573
0.00015752
0.00015774
0.00015796
0.00015818
0.0001584
0.00015862
0.00015884
0.00015906
0.00015928
0.0001595
0.00015972
0.00015994
0.00016016
0.00016038
0.0001606
0.00016081
0.00016103
0.00016125
0.00016147
0.00016169
0.00016191
0.00016213
0.00016235
0.00016257
0.00016279
0.00016301
0.00016323
0.00016345
0.00016367
0.00016389
0.00016411
0.00016433
0.00016455
0.00016477
0.00016499
0.00016521
0.00016542
0.00016564
0.00016586
0.00016608
0.0001663
0.00016652
0.00016674
0.00016696
0.00016718
0.0001674
0.00016762
0.00016784
0.00016806
0.00016828
0.0001685
0.00016872
0.00016894
0.00016916
0.00016938
0.0001696
0.00016982
0.00017003
0.00017025
0.00017047
0.00017069
0.00017091
0.00017113
0.00017135
0.00017157
0.00017179
0.00017201
0.00017223
0.00017245
0.00017267
0.00017289
0.00017311
0.00017333
0.00017355
0.00017377
0.00017399
0.00017421
0.00017443
0.00017465
0.00017486
0.00017508
0.0001753
0.00017552
0.00017574
0.00017596
0.00017618
0.0001764
0.00017662
0.00017684
0.00017706
0.00017728
0.0001775
0.00017772
0.00017794
0.00017816
0.00017838
0.0001786
0.00017882
0.00017904
0.00017926
0.00017947
0.00017969
0.00017991
0.00018013
0.00018035
0.00018057
0.00018079
0.00018101
0.00018123
0.00018145
0.00018167
0.00018189
0.00018211
0.00018233
0.00018255
0.00018277
0.00018299
0.00018321
0.00018343
0.00018365
0.00018387
0.00018409
0.0001843
0.00018452
0.00018474
0.00018496
0.00018518
0.0001854
0.00018562
0.00018584
0.00018606
0.00018628
0.0001865
0.00018672
0.00018694
0.00018716
0.00018738
0.0001876
0.00018782
0.00018804
0.00018826
0.00018848
0.0001887
0.00018891
0.00018913
0.00018935
0.00018957
0.00018979
0.00019001
0.00019023
0.00019045
0.00019067
0.00019089
0.00019111
0.00019133
0.00019155
0.00019177
0.00019199
0.00019221
0.00019243
0.00019265
0.00019287
0.00019309
0.00019331
0.00019353
0.00019374
0.00019396
0.00019418
0.0001944
0.00019462
0.00019484
0.00019506
0.00019528
0.0001955
0.00019572
0.00019594
0.00019616
0.00019638
0.0001966
0.00019682
0.00019704
0.00019726
0.00019748
0.0001977
0.00019792
0.00019814
0.00019835
0.00019857
0.00019879
0.00019901
0.00019923
0.00019945
0.00019967
0.00019989
0.00020011
0.00020033
0.00020055
0.00020077
0.00020099
0.00020121
0.00020143
0.00020165
0.00020187
0.00020209
0.00020231
0.00020253
0.00020275
0.00020296
0.00020318
0.0002034
0.00020362
0.00020384
0.00020406
0.00020428
0.0002045
0.00020472
0.00020494
0.00020516
0.00020538
0.0002056
0.00020582
0.00020604
0.00020626
0.00020648
0.0002067
0.00020692
0.00020714
0.00020736
0.00020758
0.00020779
0.00020801
0.00020823
0.00020845
0.00020867
0.00020889
0.00020911
0.00020933
0.00020955
0.00020977
0.00020999
0.00021021
0.00021043
0.00021065
0.00021087
0.00021109
0.00021131
0.00021153
0.00021175
0.00021197
0.00021219
0.0002124
0.00021262
0.00021284
0.00021306
0.00021328
0.0002135
0.00021372
0.00021394
0.00021416
0.00021438
0.0002146
0.00021482
0.00021504
0.00021526
0.00021548
0.0002157
0.00021592
0.00021614
0.00021636
0.00021658
0.0002168
0.00021702
0.00021723
0.00021745
0.00021767
0.00021789
0.00021811
0.00021833
0.00021855
0.00021877
0.00021899
0.00021921
0.00021943
0.00021965
0.00021987
0.00022009
0.00022031
0.00022053
0.00022075
0.00022097
0.00022119
0.00022141
0.00022163
0.00022184
0.00022206
0.00022228
0.0002225
0.00022272
0.00022294
0.00022316
0.00022338
0.0002236
0.00022382
0.00022404
0.00022426
0.00022448
0.0002247
0.00022492
0.00022514
0.00022536
0.00022558
0.0002258
0.00022602
0.00022624
0.00022646
0.00022667
0.00022689
0.00022711
0.00022733
0.00022755
0.00022777
0.00022799
0.00022821
0.00022843
0.00022865
0.00022887
0.00022909
0.00022931
0.00022953
0.00022975
0.00022997
0.00023019
0.00023041
0.00023063
0.00023085
0.00023107
0.00023128
0.0002315
0.00023172
0.00023194
0.00023216
0.00023238
0.0002326
0.00023282
0.00023304
0.00023326
0.00023348
0.0002337
0.00023392
0.00023414
0.00023436
0.00023458
0.0002348
0.00023502
0.00023524
0.00023546
0.00023568
0.00023589
0.00023611
0.00023633
0.00023655
0.00023677
0.00023699
0.00023721
0.00023743
0.00023765
0.00023787
0.00023809
0.00023831
0.00023853
0.00023875
0.00023897
0.00023919
0.00023941
0.00023963
0.00023985
0.00024007
0.00024029
0.00024051
0.00024072
0.00024094
0.00024116
0.00024138
0.0002416
0.00024182
0.00024204
0.00024226
0.00024248
0.0002427
0.00024292
0.00024314
0.00024336
0.00024358
0.0002438
0.00024402
0.00024424
0.00024446
0.00024468
0.0002449
0.00024512
0.00024533
0.00024555
0.00024577
0.00024599
0.00024621
0.00024643
0.00024665
0.00024687
0.00024709
0.00024731
0.00024753
0.00024775
0.00024797
0.00024819
0.00024841
0.00024863
0.00024885
0.00024907
0.00024929
0.00024951
0.00024973
0.00024994
0.00025016
0.00025038
0.0002506
0.00025082
0.00025104
0.00025126
0.00025148
0.0002517
0.00025192
0.00025214
0.00025236
0.00025258
0.0002528
0.00025302
0.00025324
0.00025346
0.00025368
0.0002539
0.00025412
0.00025434
0.00025455
0.00025477
0.00025499
0.00025521
0.00025543
0.00025565
0.00025587
0.00025609
0.00025631
0.00025653
0.00025675
0.00025697
0.00025719
0.00025741
0.00025763
0.00025785
0.00025807
0.00025829
0.00025851
0.00025872
0.00025894
0.00025916
0.00025938
0.0002596
0.00025982
0.00026004
0.00026026
0.00026048
0.0002607
0.00026092
0.00026114
0.00026136
0.00026158
0.0002618
0.00026202
0.00026223
0.00026245
0.00026267
0.00026289
0.00026311
0.00026333
0.00026355
0.00026377
0.00026399
0.00026421
0.00026443
0.00026465
0.00026487
0.00026509
0.0002653
0.00026552
0.00026574
0.00026596
0.00026618
0.0002664
0.00026662
0.00026684
0.00026706
0.00026728
0.0002675
0.00026771
0.00026793
0.00026815
0.00026837
0.00026859
0.00026881
0.00026903
0.00026925
0.00026947
0.00026968
0.0002699
0.00027012
0.00027034
0.00027056
0.00027078
0.000271
0.00027121
0.00027143
0.00027165
0.00027187
0.00027209
0.00027231
0.00027252
0.00027274
0.00027296
0.00027318
0.0002734
0.00027361
0.00027383
0.00027405
0.00027427
0.00027449
0.0002747
0.00027492
0.00027514
0.00027536
0.00027557
0.00027579
0.00027601
0.00027622
0.00027644
0.00027666
0.00027687
0.00027709
0.00027731
0.00027752
0.00027774
0.00027796
0.00027817
0.00027839
0.0002786
0.00027882
0.00027903
0.00027925
0.00027946
0.00027968
0.00027989
0.00028011
0.00028032
0.00028054
0.00028075
0.00028097
0.00028118
0.00028139
0.00028161
0.00028182
0.00028203
0.00028224
0.00028246
0.00028267
0.00028288
0.00028309
0.0002833
0.00028351
0.00028372
0.00028393
0.00028414
0.00028435
0.00028456
0.00028477
0.00028498
0.00028519
0.0002854
0.0002856
0.00028581
0.00028602
0.00028622
0.00028643
0.00028663
0.00028684
0.00028704
0.00028725
0.00028745
0.00028765
0.00028786
0.00028806
0.00028826
0.00028846
0.00028866
0.00028886
0.00028906
0.00028925
0.00028945
0.00028965
0.00028984
0.00029004
0.00029023
0.00029043
0.00029062
0.00029081
0.000291
0.00029119
0.00029138
0.00029157
0.00029176
0.00029194
0.00029213
0.00029231
0.0002925
0.00029268
0.00029286
0.00029304
0.00029322
0.0002934
0.00029358
0.00029375
0.00029392
0.0002941
0.00029427
0.00029444
0.00029461
0.00029477
0.00029494
0.0002951
0.00029527
0.00029543
0.00029559
0.00029574
0.0002959
0.00029605
0.00029621
0.00029636
0.0002965
0.00029665
0.0002968
0.00029694
0.00029708
0.00029722
0.00029735
0.00029749
0.00029762
0.00029775
0.00029787
0.000298
0.00029812
0.00029824
0.00029836
0.00029847
0.00029858
0.00029869
0.0002988
0.0002989
0.000299
0.0002991
0.00029919
0.00029928
0.00029937
0.00029945
0.00029953
0.00029961
0.00029968
0.00029975
0.00029982
0.00029988
0.00029994
0.00029999
0.00030004
0.00030009
0.00030013
0.00030017
0.00030021
0.00030024
0.00030026
0.00030028
0.0003003
0.00030031
0.00030031
0.00030031
0.00030031
0.0003003
0.00030029
0.00030027
0.00030024
0.00030021
0.00030018
0.00030013
0.00030009
0.00030003
0.00029997
0.00029991
0.00029983
0.00029975
0.00029967
0.00029958
0.00029948
0.00029937
0.00029926
0.00029914
0.00029901
0.00029888
0.00029874
0.00029859
0.00029843
0.00029826
0.00029809
0.00029791
0.00029772
0.00029752
0.00029731
0.0002971
0.00029687
0.00029664
0.0002964
0.00029615
0.00029589
0.00029561
0.00029533
0.00029504
0.00029474
0.00029443
0.00029411
0.00029378
0.00029344
0.00029308
0.00029272
0.00029235
0.00029196
0.00029156
0.00029115
0.00029073
0.0002903
0.00028985
0.00028939
0.00028892
0.00028844
0.00028794
0.00028743
0.00028691
0.00028637
0.00028582
0.00028526
0.00028468
0.00028409
0.00028348
0.00028286
0.00028223
0.00028158
0.00028091
0.00028023
0.00027953
0.00027882
0.00027809
0.00027735
0.00027658
0.00027581
0.00027501
0.0002742
0.00027337
0.00027253
0.00027166
0.00027078
0.00026988
0.00026896
0.00026803
0.00026707
0.0002661
0.0002651
0.00026409
0.00026306
0.000262
0.00026093
0.00025984
0.00025872
0.00025759
0.00025643
0.00025526
0.00025406
0.00025284
0.0002516
0.00025033
0.00024905
0.00024774
0.00024641
0.00024505
0.00024367
0.00024227
0.00024084
0.00023939
0.00023792
0.00023642
0.00023489
0.00023334
0.00023177
0.00023017
0.00022854
0.00022689
0.00022521
0.0002235
0.00022177
0.00022001
0.00021822
0.00021641
0.00021457
0.00021269
0.00021079
0.00020887
0.00020691
0.00020492
0.0002029
0.00020086
0.00019878
0.00019668
0.00019454
0.00019237
0.00019017
0.00018794
0.00018568
0.00018339
0.00018106
0.0001787
0.00017631
0.00017389
0.00017142
0.00016894
0.0001664
0.00016386
0.00016125
0.00015864
0.00015595
0.00015328
0.00015052
0.00014778
0.00014494
0.00014214
0.00013921
0.00013635
0.00013334
0.00013041
0.00012731
0.00012432
0.00012114
0.00011808
0.00011481
0.00011169
0.00010832
0.00010514
0.00010167
9.8429e-05
9.4864e-05
9.1556e-05
8.7895e-05
8.4518e-05
8.0761e-05
7.7313e-05
7.3462e-05
6.9937e-05
6.5995e-05
6.2388e-05
5.8359e-05
5.4663e-05
5.0551e-05
4.676e-05
4.2571e-05
3.8675e-05
3.4417e-05
3.0408e-05
2.6085e-05
2.1954e-05
1.7573e-05
1.3314e-05
8.8796e-06
4.4853e-06
