-2.0494e-06
-4.0736e-06
-6.0756e-06
-8.051e-06
-1.0006e-05
-1.1934e-05
-1.3843e-05
-1.5723e-05
-1.7587e-05
-1.942e-05
-2.124e-05
-2.3026e-05
-2.4802e-05
-2.6544e-05
-2.8276e-05
-2.9973e-05
-3.1663e-05
-3.3316e-05
-3.4964e-05
-3.6574e-05
-3.8181e-05
-3.9748e-05
-4.1315e-05
-4.284e-05
-4.4367e-05
-4.585e-05
-4.7339e-05
-4.8782e-05
-5.0231e-05
-5.1634e-05
-5.3047e-05
-5.441e-05
-5.5786e-05
-5.7111e-05
-5.8449e-05
-5.9737e-05
-6.104e-05
-6.229e-05
-6.3558e-05
-6.4771e-05
-6.6005e-05
-6.7182e-05
-6.8383e-05
-6.9525e-05
-7.0692e-05
-7.1799e-05
-7.2934e-05
-7.4007e-05
-7.511e-05
-7.615e-05
-7.7222e-05
-7.823e-05
-7.9271e-05
-8.0246e-05
-8.1257e-05
-8.2202e-05
-8.3183e-05
-8.4097e-05
-8.505e-05
-8.5933e-05
-8.6858e-05
-8.7712e-05
-8.8609e-05
-8.9434e-05
-9.0304e-05
-9.1102e-05
-9.1944e-05
-9.2715e-05
-9.3531e-05
-9.4275e-05
-9.5066e-05
-9.5783e-05
-9.6549e-05
-9.7241e-05
-9.7982e-05
-9.865e-05
-9.9366e-05
-0.00010001
-0.0001007
-0.00010132
-0.00010199
-0.00010259
-0.00010324
-0.00010381
-0.00010444
-0.00010499
-0.00010559
-0.00010612
-0.00010671
-0.00010722
-0.00010778
-0.00010827
-0.00010881
-0.00010928
-0.0001098
-0.00011026
-0.00011075
-0.00011119
-0.00011167
-0.00011209
-0.00011255
-0.00011295
-0.00011339
-0.00011378
-0.0001142
-0.00011458
-0.00011498
-0.00011534
-0.00011572
-0.00011606
-0.00011643
-0.00011676
-0.00011711
-0.00011743
-0.00011776
-0.00011806
-0.00011838
-0.00011867
-0.00011898
-0.00011925
-0.00011954
-0.0001198
-0.00012008
-0.00012033
-0.00012059
-0.00012083
-0.00012108
-0.0001213
-0.00012154
-0.00012176
-0.00012197
-0.00012218
-0.00012239
-0.00012259
-0.00012278
-0.00012297
-0.00012315
-0.00012333
-0.0001235
-0.00012367
-0.00012383
-0.00012399
-0.00012414
-0.00012429
-0.00012443
-0.00012457
-0.0001247
-0.00012483
-0.00012495
-0.00012508
-0.00012519
-0.00012531
-0.00012541
-0.00012552
-0.00012561
-0.00012572
-0.0001258
-0.0001259
-0.00012597
-0.00012606
-0.00012613
-0.00012621
-0.00012627
-0.00012635
-0.0001264
-0.00012647
-0.00012652
-0.00012658
-0.00012662
-0.00012668
-0.00012671
-0.00012677
-0.00012679
-0.00012684
-0.00012686
-0.0001269
-0.00012692
-0.00012696
-0.00012697
-0.000127
-0.000127
-0.00012703
-0.00012703
-0.00012705
-0.00012705
-0.00012706
-0.00012706
-0.00012707
-0.00012706
-0.00012706
-0.00012705
-0.00012705
-0.00012703
-0.00012703
-0.00012701
-0.000127
-0.00012698
-0.00012697
-0.00012694
-0.00012692
-0.00012689
-0.00012687
-0.00012684
-0.00012682
-0.00012678
-0.00012676
-0.00012672
-0.00012669
-0.00012665
-0.00012662
-0.00012657
-0.00012654
-0.00012649
-0.00012645
-0.00012641
-0.00012636
-0.00012632
-0.00012627
-0.00012622
-0.00012617
-0.00012612
-0.00012607
-0.00012602
-0.00012596
-0.00012591
-0.00012585
-0.0001258
-0.00012574
-0.00012568
-0.00012562
-0.00012556
-0.0001255
-0.00012544
-0.00012538
-0.00012531
-0.00012525
-0.00012518
-0.00012512
-0.00012505
-0.00012498
-0.00012492
-0.00012485
-0.00012478
-0.00012471
-0.00012464
-0.00012457
-0.0001245
-0.00012442
-0.00012435
-0.00012428
-0.0001242
-0.00012413
-0.00012405
-0.00012398
-0.0001239
-0.00012383
-0.00012375
-0.00012367
-0.0001236
-0.00012352
-0.00012344
-0.00012336
-0.00012328
-0.0001232
-0.00012312
-0.00012304
-0.00012296
-0.00012288
-0.0001228
-0.00012272
-0.00012263
-0.00012255
-0.00012247
-0.00012239
-0.0001223
-0.00012222
-0.00012214
-0.00012205
-0.00012197
-0.00012188
-0.0001218
-0.00012171
-0.00012163
-0.00012154
-0.00012146
-0.00012137
-0.00012129
-0.0001212
-0.00012111
-0.00012103
-0.00012094
-0.00012085
-0.00012077
-0.00012068
-0.00012059
-0.0001205
-0.00012042
-0.00012033
-0.00012024
-0.00012015
-0.00012006
-0.00011997
-0.00011989
-0.0001198
-0.00011971
-0.00011962
-0.00011953
-0.00011944
-0.00011935
-0.00011926
-0.00011917
-0.00011908
-0.00011899
-0.0001189
-0.00011881
-0.00011872
-0.00011863
-0.00011854
-0.00011845
-0.00011836
-0.00011827
-0.00011818
-0.00011809
-0.000118
-0.00011791
-0.00011782
-0.00011773
-0.00011764
-0.00011755
-0.00011746
-0.00011737
-0.00011727
-0.00011718
-0.00011709
-0.000117
-0.00011691
-0.00011682
-0.00011673
-0.00011664
-0.00011654
-0.00011645
-0.00011636
-0.00011627
-0.00011618
-0.00011609
-0.000116
-0.0001159
-0.00011581
-0.00011572
-0.00011563
-0.00011554
-0.00011545
-0.00011535
-0.00011526
-0.00011517
-0.00011508
-0.00011499
-0.00011489
-0.0001148
-0.00011471
-0.00011462
-0.00011453
-0.00011443
-0.00011434
-0.00011425
-0.00011416
-0.00011407
-0.00011397
-0.00011388
-0.00011379
-0.0001137
-0.00011361
-0.00011351
-0.00011342
-0.00011333
-0.00011324
-0.00011314
-0.00011305
-0.00011296
-0.00011287
-0.00011278
-0.00011268
-0.00011259
-0.0001125
-0.00011241
-0.00011231
-0.00011222
-0.00011213
-0.00011204
-0.00011194
-0.00011185
-0.00011176
-0.00011167
-0.00011158
-0.00011148
-0.00011139
-0.0001113
-0.00011121
-0.00011111
-0.00011102
-0.00011093
-0.00011084
-0.00011074
-0.00011065
-0.00011056
-0.00011047
-0.00011037
-0.00011028
-0.00011019
-0.0001101
-0.00011001
-0.00010991
-0.00010982
-0.00010973
-0.00010964
-0.00010954
-0.00010945
-0.00010936
-0.00010927
-0.00010917
-0.00010908
-0.00010899
-0.0001089
-0.0001088
-0.00010871
-0.00010862
-0.00010853
-0.00010843
-0.00010834
-0.00010825
-0.00010816
-0.00010806
-0.00010797
-0.00010788
-0.00010779
-0.00010769
-0.0001076
-0.00010751
-0.00010742
-0.00010732
-0.00010723
-0.00010714
-0.00010705
-0.00010695
-0.00010686
-0.00010677
-0.00010668
-0.00010658
-0.00010649
-0.0001064
-0.00010631
-0.00010621
-0.00010612
-0.00010603
-0.00010594
-0.00010584
-0.00010575
-0.00010566
-0.00010557
-0.00010547
-0.00010538
-0.00010529
-0.0001052
-0.0001051
-0.00010501
-0.00010492
-0.00010483
-0.00010474
-0.00010464
-0.00010455
-0.00010446
-0.00010437
-0.00010427
-0.00010418
-0.00010409
-0.000104
-0.0001039
-0.00010381
-0.00010372
-0.00010363
-0.00010353
-0.00010344
-0.00010335
-0.00010326
-0.00010316
-0.00010307
-0.00010298
-0.00010289
-0.00010279
-0.0001027
-0.00010261
-0.00010252
-0.00010242
-0.00010233
-0.00010224
-0.00010215
-0.00010205
-0.00010196
-0.00010187
-0.00010178
-0.00010168
-0.00010159
-0.0001015
-0.00010141
-0.00010131
-0.00010122
-0.00010113
-0.00010104
-0.00010094
-0.00010085
-0.00010076
-0.00010067
-0.00010057
-0.00010048
-0.00010039
-0.0001003
-0.0001002
-0.00010011
-0.00010002
-9.9926e-05
-9.9834e-05
-9.9741e-05
-9.9649e-05
-9.9556e-05
-9.9464e-05
-9.9371e-05
-9.9279e-05
-9.9186e-05
-9.9094e-05
-9.9001e-05
-9.8909e-05
-9.8816e-05
-9.8724e-05
-9.8631e-05
-9.8539e-05
-9.8446e-05
-9.8354e-05
-9.8261e-05
-9.8169e-05
-9.8076e-05
-9.7984e-05
-9.7892e-05
-9.7799e-05
-9.7707e-05
-9.7614e-05
-9.7522e-05
-9.7429e-05
-9.7337e-05
-9.7244e-05
-9.7152e-05
-9.7059e-05
-9.6967e-05
-9.6874e-05
-9.6782e-05
-9.6689e-05
-9.6597e-05
-9.6504e-05
-9.6412e-05
-9.6319e-05
-9.6227e-05
-9.6134e-05
-9.6042e-05
-9.5949e-05
-9.5857e-05
-9.5764e-05
-9.5672e-05
-9.5579e-05
-9.5487e-05
-9.5395e-05
-9.5302e-05
-9.521e-05
-9.5117e-05
-9.5025e-05
-9.4932e-05
-9.484e-05
-9.4747e-05
-9.4655e-05
-9.4562e-05
-9.447e-05
-9.4377e-05
-9.4285e-05
-9.4192e-05
-9.41e-05
-9.4007e-05
-9.3915e-05
-9.3822e-05
-9.373e-05
-9.3637e-05
-9.3545e-05
-9.3452e-05
-9.336e-05
-9.3267e-05
-9.3175e-05
-9.3082e-05
-9.299e-05
-9.2898e-05
-9.2805e-05
-9.2713e-05
-9.262e-05
-9.2528e-05
-9.2435e-05
-9.2343e-05
-9.225e-05
-9.2158e-05
-9.2065e-05
-9.1973e-05
-9.188e-05
-9.1788e-05
-9.1695e-05
-9.1603e-05
-9.151e-05
-9.1418e-05
-9.1325e-05
-9.1233e-05
-9.114e-05
-9.1048e-05
-9.0955e-05
-9.0863e-05
-9.077e-05
-9.0678e-05
-9.0585e-05
-9.0493e-05
-9.0401e-05
-9.0308e-05
-9.0216e-05
-9.0123e-05
-9.0031e-05
-8.9938e-05
-8.9846e-05
-8.9753e-05
-8.9661e-05
-8.9568e-05
-8.9476e-05
-8.9383e-05
-8.9291e-05
-8.9198e-05
-8.9106e-05
-8.9013e-05
-8.8921e-05
-8.8828e-05
-8.8736e-05
-8.8643e-05
-8.8551e-05
-8.8458e-05
-8.8366e-05
-8.8273e-05
-8.8181e-05
-8.8088e-05
-8.7996e-05
-8.7904e-05
-8.7811e-05
-8.7719e-05
-8.7626e-05
-8.7534e-05
-8.7441e-05
-8.7349e-05
-8.7256e-05
-8.7164e-05
-8.7071e-05
-8.6979e-05
-8.6886e-05
-8.6794e-05
-8.6701e-05
-8.6609e-05
-8.6516e-05
-8.6424e-05
-8.6331e-05
-8.6239e-05
-8.6146e-05
-8.6054e-05
-8.5961e-05
-8.5869e-05
-8.5776e-05
-8.5684e-05
-8.5591e-05
-8.5499e-05
-8.5407e-05
-8.5314e-05
-8.5222e-05
-8.5129e-05
-8.5037e-05
-8.4944e-05
-8.4852e-05
-8.4759e-05
-8.4667e-05
-8.4574e-05
-8.4482e-05
-8.4389e-05
-8.4297e-05
-8.4204e-05
-8.4112e-05
-8.4019e-05
-8.3927e-05
-8.3834e-05
-8.3742e-05
-8.3649e-05
-8.3557e-05
-8.3464e-05
-8.3372e-05
-8.3279e-05
-8.3187e-05
-8.3094e-05
-8.3002e-05
-8.291e-05
-8.2817e-05
-8.2725e-05
-8.2632e-05
-8.254e-05
-8.2447e-05
-8.2355e-05
-8.2262e-05
-8.217e-05
-8.2077e-05
-8.1985e-05
-8.1892e-05
-8.18e-05
-8.1707e-05
-8.1615e-05
-8.1522e-05
-8.143e-05
-8.1337e-05
-8.1245e-05
-8.1152e-05
-8.106e-05
-8.0967e-05
-8.0875e-05
-8.0782e-05
-8.069e-05
-8.0597e-05
-8.0505e-05
-8.0413e-05
-8.032e-05
-8.0228e-05
-8.0135e-05
-8.0043e-05
-7.995e-05
-7.9858e-05
-7.9765e-05
-7.9673e-05
-7.958e-05
-7.9488e-05
-7.9395e-05
-7.9303e-05
-7.921e-05
-7.9118e-05
-7.9025e-05
-7.8933e-05
-7.884e-05
-7.8748e-05
-7.8655e-05
-7.8563e-05
-7.847e-05
-7.8378e-05
-7.8285e-05
-7.8193e-05
-7.81e-05
-7.8008e-05
-7.7916e-05
-7.7823e-05
-7.7731e-05
-7.7638e-05
-7.7546e-05
-7.7453e-05
-7.7361e-05
-7.7268e-05
-7.7176e-05
-7.7083e-05
-7.6991e-05
-7.6898e-05
-7.6806e-05
-7.6713e-05
-7.6621e-05
-7.6528e-05
-7.6436e-05
-7.6343e-05
-7.6251e-05
-7.6158e-05
-7.6066e-05
-7.5973e-05
-7.5881e-05
-7.5788e-05
-7.5696e-05
-7.5604e-05
-7.5511e-05
-7.5419e-05
-7.5326e-05
-7.5234e-05
-7.5141e-05
-7.5049e-05
-7.4956e-05
-7.4864e-05
-7.4771e-05
-7.4679e-05
-7.4586e-05
-7.4494e-05
-7.4401e-05
-7.4309e-05
-7.4216e-05
-7.4124e-05
-7.4031e-05
-7.3939e-05
-7.3846e-05
-7.3754e-05
-7.3661e-05
-7.3569e-05
-7.3476e-05
-7.3384e-05
-7.3291e-05
-7.3199e-05
-7.3107e-05
-7.3014e-05
-7.2922e-05
-7.2829e-05
-7.2737e-05
-7.2644e-05
-7.2552e-05
-7.2459e-05
-7.2367e-05
-7.2274e-05
-7.2182e-05
-7.2089e-05
-7.1997e-05
-7.1904e-05
-7.1812e-05
-7.1719e-05
-7.1627e-05
-7.1534e-05
-7.1442e-05
-7.1349e-05
-7.1257e-05
-7.1164e-05
-7.1072e-05
-7.0979e-05
-7.0887e-05
-7.0794e-05
-7.0702e-05
-7.061e-05
-7.0517e-05
-7.0425e-05
-7.0332e-05
-7.024e-05
-7.0147e-05
-7.0055e-05
-6.9962e-05
-6.987e-05
-6.9777e-05
-6.9685e-05
-6.9592e-05
-6.95e-05
-6.9407e-05
-6.9315e-05
-6.9222e-05
-6.913e-05
-6.9037e-05
-6.8945e-05
-6.8852e-05
-6.876e-05
-6.8667e-05
-6.8575e-05
-6.8482e-05
-6.839e-05
-6.8297e-05
-6.8205e-05
-6.8113e-05
-6.802e-05
-6.7928e-05
-6.7835e-05
-6.7743e-05
-6.765e-05
-6.7558e-05
-6.7465e-05
-6.7373e-05
-6.728e-05
-6.7188e-05
-6.7095e-05
-6.7003e-05
-6.691e-05
-6.6818e-05
-6.6725e-05
-6.6633e-05
-6.654e-05
-6.6448e-05
-6.6355e-05
-6.6263e-05
-6.617e-05
-6.6078e-05
-6.5985e-05
-6.5893e-05
-6.58e-05
-6.5708e-05
-6.5616e-05
-6.5523e-05
-6.5431e-05
-6.5338e-05
-6.5246e-05
-6.5153e-05
-6.5061e-05
-6.4968e-05
-6.4876e-05
-6.4783e-05
-6.4691e-05
-6.4598e-05
-6.4506e-05
-6.4413e-05
-6.4321e-05
-6.4228e-05
-6.4136e-05
-6.4043e-05
-6.3951e-05
-6.3858e-05
-6.3766e-05
-6.3673e-05
-6.3581e-05
-6.3488e-05
-6.3396e-05
-6.3303e-05
-6.3211e-05
-6.3119e-05
-6.3026e-05
-6.2934e-05
-6.2841e-05
-6.2749e-05
-6.2656e-05
-6.2564e-05
-6.2471e-05
-6.2379e-05
-6.2286e-05
-6.2194e-05
-6.2101e-05
-6.2009e-05
-6.1916e-05
-6.1824e-05
-6.1731e-05
-6.1639e-05
-6.1546e-05
-6.1454e-05
-6.1361e-05
-6.1269e-05
-6.1176e-05
-6.1084e-05
-6.0991e-05
-6.0899e-05
-6.0806e-05
-6.0714e-05
-6.0622e-05
-6.0529e-05
-6.0437e-05
-6.0344e-05
-6.0252e-05
-6.0159e-05
-6.0067e-05
-5.9974e-05
-5.9882e-05
-5.9789e-05
-5.9697e-05
-5.9604e-05
-5.9512e-05
-5.9419e-05
-5.9327e-05
-5.9234e-05
-5.9142e-05
-5.9049e-05
-5.8957e-05
-5.8864e-05
-5.8772e-05
-5.8679e-05
-5.8587e-05
-5.8494e-05
-5.8402e-05
-5.8309e-05
-5.8217e-05
-5.8125e-05
-5.8032e-05
-5.794e-05
-5.7847e-05
-5.7755e-05
-5.7662e-05
-5.757e-05
-5.7477e-05
-5.7385e-05
-5.7292e-05
-5.72e-05
-5.7107e-05
-5.7015e-05
-5.6922e-05
-5.683e-05
-5.6737e-05
-5.6645e-05
-5.6552e-05
-5.646e-05
-5.6367e-05
-5.6275e-05
-5.6182e-05
-5.609e-05
-5.5997e-05
-5.5905e-05
-5.5812e-05
-5.572e-05
-5.5628e-05
-5.5535e-05
-5.5443e-05
-5.535e-05
-5.5258e-05
-5.5165e-05
-5.5073e-05
-5.498e-05
-5.4888e-05
-5.4795e-05
-5.4703e-05
-5.461e-05
-5.4518e-05
-5.4425e-05
-5.4333e-05
-5.424e-05
-5.4148e-05
-5.4055e-05
-5.3963e-05
-5.387e-05
-5.3778e-05
-5.3685e-05
-5.3593e-05
-5.35e-05
-5.3408e-05
-5.3315e-05
-5.3223e-05
-5.3131e-05
-5.3038e-05
-5.2946e-05
-5.2853e-05
-5.2761e-05
-5.2668e-05
-5.2576e-05
-5.2483e-05
-5.2391e-05
-5.2298e-05
-5.2206e-05
-5.2113e-05
-5.2021e-05
-5.1928e-05
-5.1836e-05
-5.1743e-05
-5.1651e-05
-5.1558e-05
-5.1466e-05
-5.1373e-05
-5.1281e-05
-5.1188e-05
-5.1096e-05
-5.1003e-05
-5.0911e-05
-5.0819e-05
-5.0726e-05
-5.0634e-05
-5.0541e-05
-5.0449e-05
-5.0356e-05
-5.0264e-05
-5.0171e-05
-5.0079e-05
-4.9986e-05
-4.9894e-05
-4.9801e-05
-4.9709e-05
-4.9616e-05
-4.9524e-05
-4.9431e-05
-4.9339e-05
-4.9246e-05
-4.9154e-05
-4.9061e-05
-4.8969e-05
-4.8876e-05
-4.8784e-05
-4.8691e-05
-4.8599e-05
-4.8506e-05
-4.8414e-05
-4.8322e-05
-4.8229e-05
-4.8137e-05
-4.8044e-05
-4.7952e-05
-4.7859e-05
-4.7767e-05
-4.7674e-05
-4.7582e-05
-4.7489e-05
-4.7397e-05
-4.7304e-05
-4.7212e-05
-4.7119e-05
-4.7027e-05
-4.6934e-05
-4.6842e-05
-4.6749e-05
-4.6657e-05
-4.6564e-05
-4.6472e-05
-4.6379e-05
-4.6287e-05
-4.6194e-05
-4.6102e-05
-4.6009e-05
-4.5917e-05
-4.5825e-05
-4.5732e-05
-4.564e-05
-4.5547e-05
-4.5455e-05
-4.5362e-05
-4.527e-05
-4.5177e-05
-4.5085e-05
-4.4992e-05
-4.49e-05
-4.4807e-05
-4.4715e-05
-4.4622e-05
-4.453e-05
-4.4437e-05
-4.4345e-05
-4.4252e-05
-4.416e-05
-4.4067e-05
-4.3975e-05
-4.3882e-05
-4.379e-05
-4.3697e-05
-4.3605e-05
-4.3512e-05
-4.342e-05
-4.3328e-05
-4.3235e-05
-4.3143e-05
-4.305e-05
-4.2958e-05
-4.2865e-05
-4.2773e-05
-4.268e-05
-4.2588e-05
-4.2495e-05
-4.2403e-05
-4.231e-05
-4.2218e-05
-4.2125e-05
-4.2033e-05
-4.194e-05
-4.1848e-05
-4.1755e-05
-4.1663e-05
-4.157e-05
-4.1478e-05
-4.1385e-05
-4.1293e-05
-4.12e-05
-4.1108e-05
-4.1015e-05
-4.0923e-05
-4.0831e-05
-4.0738e-05
-4.0646e-05
-4.0553e-05
-4.0461e-05
-4.0368e-05
-4.0276e-05
-4.0183e-05
-4.0091e-05
-3.9998e-05
-3.9906e-05
-3.9813e-05
-3.9721e-05
-3.9628e-05
-3.9536e-05
-3.9443e-05
-3.9351e-05
-3.9258e-05
-3.9166e-05
-3.9073e-05
-3.8981e-05
-3.8888e-05
-3.8796e-05
-3.8703e-05
-3.8611e-05
-3.8518e-05
-3.8426e-05
-3.8334e-05
-3.8241e-05
-3.8149e-05
-3.8056e-05
-3.7964e-05
-3.7871e-05
-3.7779e-05
-3.7686e-05
-3.7594e-05
-3.7501e-05
-3.7409e-05
-3.7316e-05
-3.7224e-05
-3.7131e-05
-3.7039e-05
-3.6946e-05
-3.6854e-05
-3.6761e-05
-3.6669e-05
-3.6576e-05
-3.6484e-05
-3.6391e-05
-3.6299e-05
-3.6206e-05
-3.6114e-05
-3.6021e-05
-3.5929e-05
-3.5837e-05
-3.5744e-05
-3.5652e-05
-3.5559e-05
-3.5467e-05
-3.5374e-05
-3.5282e-05
-3.5189e-05
-3.5097e-05
-3.5004e-05
-3.4912e-05
-3.4819e-05
-3.4727e-05
-3.4634e-05
-3.4542e-05
-3.4449e-05
-3.4357e-05
-3.4264e-05
-3.4172e-05
-3.4079e-05
-3.3987e-05
-3.3894e-05
-3.3802e-05
-3.3709e-05
-3.3617e-05
-3.3524e-05
-3.3432e-05
-3.334e-05
-3.3247e-05
-3.3155e-05
-3.3062e-05
-3.297e-05
-3.2877e-05
-3.2785e-05
-3.2692e-05
-3.26e-05
-3.2507e-05
-3.2415e-05
-3.2322e-05
-3.223e-05
-3.2137e-05
-3.2045e-05
-3.1952e-05
-3.186e-05
-3.1767e-05
-3.1675e-05
-3.1582e-05
-3.149e-05
-3.1397e-05
-3.1305e-05
-3.1212e-05
-3.112e-05
-3.1027e-05
-3.0935e-05
-3.0843e-05
-3.075e-05
-3.0658e-05
-3.0565e-05
-3.0473e-05
-3.038e-05
-3.0288e-05
-3.0195e-05
-3.0103e-05
-3.001e-05
-2.9918e-05
-2.9825e-05
-2.9733e-05
-2.964e-05
-2.9548e-05
-2.9455e-05
-2.9363e-05
-2.927e-05
-2.9178e-05
-2.9085e-05
-2.8993e-05
-2.89e-05
-2.8808e-05
-2.8715e-05
-2.8623e-05
-2.853e-05
-2.8438e-05
-2.8346e-05
-2.8253e-05
-2.8161e-05
-2.8068e-05
-2.7976e-05
-2.7883e-05
-2.7791e-05
-2.7698e-05
-2.7606e-05
-2.7513e-05
-2.7421e-05
-2.7328e-05
-2.7236e-05
-2.7143e-05
-2.7051e-05
-2.6958e-05
-2.6866e-05
-2.6773e-05
-2.6681e-05
-2.6588e-05
-2.6496e-05
-2.6403e-05
-2.6311e-05
-2.6218e-05
-2.6126e-05
-2.6033e-05
-2.5941e-05
-2.5849e-05
-2.5756e-05
-2.5664e-05
-2.5571e-05
-2.5479e-05
-2.5386e-05
-2.5294e-05
-2.5201e-05
-2.5109e-05
-2.5016e-05
-2.4924e-05
-2.4831e-05
-2.4739e-05
-2.4646e-05
-2.4554e-05
-2.4461e-05
-2.4369e-05
-2.4276e-05
-2.4184e-05
-2.4091e-05
-2.3999e-05
-2.3906e-05
-2.3814e-05
-2.3721e-05
-2.3629e-05
-2.3537e-05
-2.3444e-05
-2.3352e-05
-2.3259e-05
-2.3167e-05
-2.3074e-05
-2.2982e-05
-2.2889e-05
-2.2797e-05
-2.2704e-05
-2.2612e-05
-2.2519e-05
-2.2427e-05
-2.2334e-05
-2.2242e-05
-2.2149e-05
-2.2057e-05
-2.1964e-05
-2.1872e-05
-2.1779e-05
-2.1687e-05
-2.1594e-05
-2.1502e-05
-2.1409e-05
-2.1317e-05
-2.1224e-05
-2.1132e-05
-2.104e-05
-2.0947e-05
-2.0855e-05
-2.0762e-05
-2.067e-05
-2.0577e-05
-2.0485e-05
-2.0392e-05
-2.03e-05
-2.0207e-05
-2.0115e-05
-2.0022e-05
-1.993e-05
-1.9837e-05
-1.9745e-05
-1.9652e-05
-1.956e-05
-1.9467e-05
-1.9375e-05
-1.9282e-05
-1.919e-05
-1.9097e-05
-1.9005e-05
-1.8912e-05
-1.882e-05
-1.8727e-05
-1.8635e-05
-1.8543e-05
-1.845e-05
-1.8358e-05
-1.8265e-05
-1.8173e-05
-1.808e-05
-1.7988e-05
-1.7895e-05
-1.7803e-05
-1.771e-05
-1.7618e-05
-1.7525e-05
-1.7433e-05
-1.734e-05
-1.7248e-05
-1.7155e-05
-1.7063e-05
-1.697e-05
-1.6878e-05
-1.6785e-05
-1.6693e-05
-1.66e-05
-1.6508e-05
-1.6415e-05
-1.6323e-05
-1.623e-05
-1.6138e-05
-1.6046e-05
-1.5953e-05
-1.5861e-05
-1.5768e-05
-1.5676e-05
-1.5583e-05
-1.5491e-05
-1.5398e-05
-1.5306e-05
-1.5213e-05
-1.5121e-05
-1.5028e-05
-1.4936e-05
-1.4843e-05
-1.4751e-05
-1.4658e-05
-1.4566e-05
-1.4473e-05
-1.4381e-05
-1.4288e-05
-1.4196e-05
-1.4103e-05
-1.4011e-05
-1.3918e-05
-1.3826e-05
-1.3733e-05
-1.3641e-05
-1.3549e-05
-1.3456e-05
-1.3364e-05
-1.3271e-05
-1.3179e-05
-1.3086e-05
-1.2994e-05
-1.2901e-05
-1.2809e-05
-1.2716e-05
-1.2624e-05
-1.2531e-05
-1.2439e-05
-1.2346e-05
-1.2254e-05
-1.2161e-05
-1.2069e-05
-1.1976e-05
-1.1884e-05
-1.1791e-05
-1.1699e-05
-1.1606e-05
-1.1514e-05
-1.1421e-05
-1.1329e-05
-1.1236e-05
-1.1144e-05
-1.1052e-05
-1.0959e-05
-1.0867e-05
-1.0774e-05
-1.0682e-05
-1.0589e-05
-1.0497e-05
-1.0404e-05
-1.0312e-05
-1.0219e-05
-1.0127e-05
-1.0034e-05
-9.9417e-06
-9.8493e-06
-9.7568e-06
-9.6643e-06
-9.5718e-06
-9.4793e-06
-9.3869e-06
-9.2944e-06
-9.2019e-06
-9.1094e-06
-9.0169e-06
-8.9245e-06
-8.832e-06
-8.7395e-06
-8.647e-06
-8.5545e-06
-8.462e-06
-8.3696e-06
-8.2771e-06
-8.1846e-06
-8.0921e-06
-7.9996e-06
-7.9072e-06
-7.8147e-06
-7.7222e-06
-7.6297e-06
-7.5372e-06
-7.4447e-06
-7.3523e-06
-7.2598e-06
-7.1673e-06
-7.0748e-06
-6.9823e-06
-6.8899e-06
-6.7974e-06
-6.7049e-06
-6.6124e-06
-6.5199e-06
-6.4275e-06
-6.335e-06
-6.2425e-06
-6.15e-06
-6.0575e-06
-5.965e-06
-5.8726e-06
-5.7801e-06
-5.6876e-06
-5.5951e-06
-5.5026e-06
-5.4102e-06
-5.3177e-06
-5.2252e-06
-5.1327e-06
-5.0402e-06
-4.9478e-06
-4.8553e-06
-4.7628e-06
-4.6703e-06
-4.5778e-06
-4.4853e-06
-4.3929e-06
-4.3004e-06
-4.2079e-06
-4.1154e-06
-4.0229e-06
-3.9305e-06
-3.838e-06
-3.7455e-06
-3.653e-06
-3.5605e-06
-3.4681e-06
-3.3756e-06
-3.2831e-06
-3.1906e-06
-3.0981e-06
-3.0056e-06
-2.9132e-06
-2.8207e-06
-2.7282e-06
-2.6357e-06
-2.5432e-06
-2.4508e-06
-2.3583e-06
-2.2658e-06
-2.1733e-06
-2.0808e-06
-1.9883e-06
-1.8959e-06
-1.8034e-06
-1.7109e-06
-1.6184e-06
-1.5259e-06
-1.4335e-06
-1.341e-06
-1.2485e-06
-1.156e-06
-1.0635e-06
-9.7105e-07
-8.7857e-07
-7.8609e-07
-6.9361e-07
-6.0113e-07
-5.0865e-07
-4.1617e-07
-3.2368e-07
-2.312e-07
-1.3872e-07
-4.6241e-08
4.6241e-08
1.3872e-07
2.312e-07
3.2368e-07
4.1617e-07
5.0865e-07
6.0113e-07
6.9361e-07
7.8609e-07
8.7857e-07
9.7105e-07
1.0635e-06
1.156e-06
1.2485e-06
1.341e-06
1.4335e-06
1.5259e-06
1.6184e-06
1.7109e-06
1.8034e-06
1.8959e-06
1.9883e-06
2.0808e-06
2.1733e-06
2.2658e-06
2.3583e-06
2.4508e-06
2.5432e-06
2.6357e-06
2.7282e-06
2.8207e-06
2.9132e-06
3.0056e-06
3.0981e-06
3.1906e-06
3.2831e-06
3.3756e-06
3.4681e-06
3.5605e-06
3.653e-06
3.7455e-06
3.838e-06
3.9305e-06
4.0229e-06
4.1154e-06
4.2079e-06
4.3004e-06
4.3929e-06
4.4853e-06
4.5778e-06
4.6703e-06
4.7628e-06
4.8553e-06
4.9478e-06
5.0402e-06
5.1327e-06
5.2252e-06
5.3177e-06
5.4102e-06
5.5026e-06
5.5951e-06
5.6876e-06
5.7801e-06
5.8726e-06
5.965e-06
6.0575e-06
6.15e-06
6.2425e-06
6.335e-06
6.4275e-06
6.5199e-06
6.6124e-06
6.7049e-06
6.7974e-06
6.8899e-06
6.9823e-06
7.0748e-06
7.1673e-06
7.2598e-06
7.3523e-06
7.4447e-06
7.5372e-06
7.6297e-06
7.7222e-06
7.8147e-06
7.9072e-06
7.9996e-06
8.0921e-06
8.1846e-06
8.2771e-06
8.3696e-06
8.462e-06
8.5545e-06
8.647e-06
8.7395e-06
8.832e-06
8.9245e-06
9.0169e-06
9.1094e-06
9.2019e-06
9.2944e-06
9.3869e-06
9.4793e-06
9.5718e-06
9.6643e-06
9.7568e-06
9.8493e-06
9.9417e-06
1.0034e-05
1.0127e-05
1.0219e-05
1.0312e-05
1.0404e-05
1.0497e-05
1.0589e-05
1.0682e-05
1.0774e-05
1.0867e-05
1.0959e-05
1.1052e-05
1.1144e-05
1.1236e-05
1.1329e-05
1.1421e-05
1.1514e-05
1.1606e-05
1.1699e-05
1.1791e-05
1.1884e-05
1.1976e-05
1.2069e-05
1.2161e-05
1.2254e-05
1.2346e-05
1.2439e-05
1.2531e-05
1.2624e-05
1.2716e-05
1.2809e-05
1.2901e-05
1.2994e-05
1.3086e-05
1.3179e-05
1.3271e-05
1.3364e-05
1.3456e-05
1.3549e-05
1.3641e-05
1.3733e-05
1.3826e-05
1.3918e-05
1.4011e-05
1.4103e-05
1.4196e-05
1.4288e-05
1.4381e-05
1.4473e-05
1.4566e-05
1.4658e-05
1.4751e-05
1.4843e-05
1.4936e-05
1.5028e-05
1.5121e-05
1.5213e-05
1.5306e-05
1.5398e-05
1.5491e-05
1.5583e-05
1.5676e-05
1.5768e-05
1.5861e-05
1.5953e-05
1.6046e-05
1.6138e-05
1.623e-05
1.6323e-05
1.6415e-05
1.6508e-05
1.66e-05
1.6693e-05
1.6785e-05
1.6878e-05
1.697e-05
1.7063e-05
1.7155e-05
1.7248e-05
1.734e-05
1.7433e-05
1.7525e-05
1.7618e-05
1.771e-05
1.7803e-05
1.7895e-05
1.7988e-05
1.808e-05
1.8173e-05
1.8265e-05
1.8358e-05
1.845e-05
1.8543e-05
1.8635e-05
1.8727e-05
1.882e-05
1.8912e-05
1.9005e-05
1.9097e-05
1.919e-05
1.9282e-05
1.9375e-05
1.9467e-05
1.956e-05
1.9652e-05
1.9745e-05
1.9837e-05
1.993e-05
2.0022e-05
2.0115e-05
2.0207e-05
2.03e-05
2.0392e-05
2.0485e-05
2.0577e-05
2.067e-05
2.0762e-05
2.0855e-05
2.0947e-05
2.104e-05
2.1132e-05
2.1224e-05
2.1317e-05
2.1409e-05
2.1502e-05
2.1594e-05
2.1687e-05
2.1779e-05
2.1872e-05
2.1964e-05
2.2057e-05
2.2149e-05
2.2242e-05
2.2334e-05
2.2427e-05
2.2519e-05
2.2612e-05
2.2704e-05
2.2797e-05
2.2889e-05
2.2982e-05
2.3074e-05
2.3167e-05
2.3259e-05
2.3352e-05
2.3444e-05
2.3537e-05
2.3629e-05
2.3721e-05
2.3814e-05
2.3906e-05
2.3999e-05
2.4091e-05
2.4184e-05
2.4276e-05
2.4369e-05
2.4461e-05
2.4554e-05
2.4646e-05
2.4739e-05
2.4831e-05
2.4924e-05
2.5016e-05
2.5109e-05
2.5201e-05
2.5294e-05
2.5386e-05
2.5479e-05
2.5571e-05
2.5664e-05
2.5756e-05
2.5849e-05
2.5941e-05
2.6033e-05
2.6126e-05
2.6218e-05
2.6311e-05
2.6403e-05
2.6496e-05
2.6588e-05
2.6681e-05
2.6773e-05
2.6866e-05
2.6958e-05
2.7051e-05
2.7143e-05
2.7236e-05
2.7328e-05
2.7421e-05
2.7513e-05
2.7606e-05
2.7698e-05
2.7791e-05
2.7883e-05
2.7976e-05
2.8068e-05
2.8161e-05
2.8253e-05
2.8346e-05
2.8438e-05
2.853e-05
2.8623e-05
2.8715e-05
2.8808e-05
2.89e-05
2.8993e-05
2.9085e-05
2.9178e-05
2.927e-05
2.9363e-05
2.9455e-05
2.9548e-05
2.964e-05
2.9733e-05
2.9825e-05
2.9918e-05
3.001e-05
3.0103e-05
3.0195e-05
3.0288e-05
3.038e-05
3.0473e-05
3.0565e-05
3.0658e-05
3.075e-05
3.0843e-05
3.0935e-05
3.1027e-05
3.112e-05
3.1212e-05
3.1305e-05
3.1397e-05
3.149e-05
3.1582e-05
3.1675e-05
3.1767e-05
3.186e-05
3.1952e-05
3.2045e-05
3.2137e-05
3.223e-05
3.2322e-05
3.2415e-05
3.2507e-05
3.26e-05
3.2692e-05
3.2785e-05
3.2877e-05
3.297e-05
3.3062e-05
3.3155e-05
3.3247e-05
3.334e-05
3.3432e-05
3.3524e-05
3.3617e-05
3.3709e-05
3.3802e-05
3.3894e-05
3.3987e-05
3.4079e-05
3.4172e-05
3.4264e-05
3.4357e-05
3.4449e-05
3.4542e-05
3.4634e-05
3.4727e-05
3.4819e-05
3.4912e-05
3.5004e-05
3.5097e-05
3.5189e-05
3.5282e-05
3.5374e-05
3.5467e-05
3.5559e-05
3.5652e-05
3.5744e-05
3.5837e-05
3.5929e-05
3.6021e-05
3.6114e-05
3.6206e-05
3.6299e-05
3.6391e-05
3.6484e-05
3.6576e-05
3.6669e-05
3.6761e-05
3.6854e-05
3.6946e-05
3.7039e-05
3.7131e-05
3.7224e-05
3.7316e-05
3.7409e-05
3.7501e-05
3.7594e-05
3.7686e-05
3.7779e-05
3.7871e-05
3.7964e-05
3.8056e-05
3.8149e-05
3.8241e-05
3.8334e-05
3.8426e-05
3.8518e-05
3.8611e-05
3.8703e-05
3.8796e-05
3.8888e-05
3.8981e-05
3.9073e-05
3.9166e-05
3.9258e-05
3.9351e-05
3.9443e-05
3.9536e-05
3.9628e-05
3.9721e-05
3.9813e-05
3.9906e-05
3.9998e-05
4.0091e-05
4.0183e-05
4.0276e-05
4.0368e-05
4.0461e-05
4.0553e-05
4.0646e-05
4.0738e-05
4.0831e-05
4.0923e-05
4.1015e-05
4.1108e-05
4.12e-05
4.1293e-05
4.1385e-05
4.1478e-05
4.157e-05
4.1663e-05
4.1755e-05
4.1848e-05
4.194e-05
4.2033e-05
4.2125e-05
4.2218e-05
4.231e-05
4.2403e-05
4.2495e-05
4.2588e-05
4.268e-05
4.2773e-05
4.2865e-05
4.2958e-05
4.305e-05
4.3143e-05
4.3235e-05
4.3328e-05
4.342e-05
4.3512e-05
4.3605e-05
4.3697e-05
4.379e-05
4.3882e-05
4.3975e-05
4.4067e-05
4.416e-05
4.4252e-05
4.4345e-05
4.4437e-05
4.453e-05
4.4622e-05
4.4715e-05
4.4807e-05
4.49e-05
4.4992e-05
4.5085e-05
4.5177e-05
4.527e-05
4.5362e-05
4.5455e-05
4.5547e-05
4.564e-05
4.5732e-05
4.5825e-05
4.5917e-05
4.6009e-05
4.6102e-05
4.6194e-05
4.6287e-05
4.6379e-05
4.6472e-05
4.6564e-05
4.6657e-05
4.6749e-05
4.6842e-05
4.6934e-05
4.7027e-05
4.7119e-05
4.7212e-05
4.7304e-05
4.7397e-05
4.7489e-05
4.7582e-05
4.7674e-05
4.7767e-05
4.7859e-05
4.7952e-05
4.8044e-05
4.8137e-05
4.8229e-05
4.8322e-05
4.8414e-05
4.8506e-05
4.8599e-05
4.8691e-05
4.8784e-05
4.8876e-05
4.8969e-05
4.9061e-05
4.9154e-05
4.9246e-05
4.9339e-05
4.9431e-05
4.9524e-05
4.9616e-05
4.9709e-05
4.9801e-05
4.9894e-05
4.9986e-05
5.0079e-05
5.0171e-05
5.0264e-05
5.0356e-05
5.0449e-05
5.0541e-05
5.0634e-05
5.0726e-05
5.0819e-05
5.0911e-05
5.1003e-05
5.1096e-05
5.1188e-05
5.1281e-05
5.1373e-05
5.1466e-05
5.1558e-05
5.1651e-05
5.1743e-05
5.1836e-05
5.1928e-05
5.2021e-05
5.2113e-05
5.2206e-05
5.2298e-05
5.2391e-05
5.2483e-05
5.2576e-05
5.2668e-05
5.2761e-05
5.2853e-05
5.2946e-05
5.3038e-05
5.3131e-05
5.3223e-05
5.3315e-05
5.3408e-05
5.35e-05
5.3593e-05
5.3685e-05
5.3778e-05
5.387e-05
5.3963e-05
5.4055e-05
5.4148e-05
5.424e-05
5.4333e-05
5.4425e-05
5.4518e-05
5.461e-05
5.4703e-05
5.4795e-05
5.4888e-05
5.498e-05
5.5073e-05
5.5165e-05
5.5258e-05
5.535e-05
5.5443e-05
5.5535e-05
5.5628e-05
5.572e-05
5.5812e-05
5.5905e-05
5.5997e-05
5.609e-05
5.6182e-05
5.6275e-05
5.6367e-05
5.646e-05
5.6552e-05
5.6645e-05
5.6737e-05
5.683e-05
5.6922e-05
5.7015e-05
5.7107e-05
5.72e-05
5.7292e-05
5.7385e-05
5.7477e-05
5.757e-05
5.7662e-05
5.7755e-05
5.7847e-05
5.794e-05
5.8032e-05
5.8125e-05
5.8217e-05
5.8309e-05
5.8402e-05
5.8494e-05
5.8587e-05
5.8679e-05
5.8772e-05
5.8864e-05
5.8957e-05
5.9049e-05
5.9142e-05
5.9234e-05
5.9327e-05
5.9419e-05
5.9512e-05
5.9604e-05
5.9697e-05
5.9789e-05
5.9882e-05
5.9974e-05
6.0067e-05
6.0159e-05
6.0252e-05
6.0344e-05
6.0437e-05
6.0529e-05
6.0622e-05
6.0714e-05
6.0806e-05
6.0899e-05
6.0991e-05
6.1084e-05
6.1176e-05
6.1269e-05
6.1361e-05
6.1454e-05
6.1546e-05
6.1639e-05
6.1731e-05
6.1824e-05
6.1916e-05
6.2009e-05
6.2101e-05
6.2194e-05
6.2286e-05
6.2379e-05
6.2471e-05
6.2564e-05
6.2656e-05
6.2749e-05
6.2841e-05
6.2934e-05
6.3026e-05
6.3119e-05
6.3211e-05
6.3303e-05
6.3396e-05
6.3488e-05
6.3581e-05
6.3673e-05
6.3766e-05
6.3858e-05
6.3951e-05
6.4043e-05
6.4136e-05
6.4228e-05
6.4321e-05
6.4413e-05
6.4506e-05
6.4598e-05
6.4691e-05
6.4783e-05
6.4876e-05
6.4968e-05
6.5061e-05
6.5153e-05
6.5246e-05
6.5338e-05
6.5431e-05
6.5523e-05
6.5616e-05
6.5708e-05
6.58e-05
6.5893e-05
6.5985e-05
6.6078e-05
6.617e-05
6.6263e-05
6.6355e-05
6.6448e-05
6.654e-05
6.6633e-05
6.6725e-05
6.6818e-05
6.691e-05
6.7003e-05
6.7095e-05
6.7188e-05
6.728e-05
6.7373e-05
6.7465e-05
6.7558e-05
6.765e-05
6.7743e-05
6.7835e-05
6.7928e-05
6.802e-05
6.8113e-05
6.8205e-05
6.8297e-05
6.839e-05
6.8482e-05
6.8575e-05
6.8667e-05
6.876e-05
6.8852e-05
6.8945e-05
6.9037e-05
6.913e-05
6.9222e-05
6.9315e-05
6.9407e-05
6.95e-05
6.9592e-05
6.9685e-05
6.9777e-05
6.987e-05
6.9962e-05
7.0055e-05
7.0147e-05
7.024e-05
7.0332e-05
7.0425e-05
7.0517e-05
7.061e-05
7.0702e-05
7.0794e-05
7.0887e-05
7.0979e-05
7.1072e-05
7.1164e-05
7.1257e-05
7.1349e-05
7.1442e-05
7.1534e-05
7.1627e-05
7.1719e-05
7.1812e-05
7.1904e-05
7.1997e-05
7.2089e-05
7.2182e-05
7.2274e-05
7.2367e-05
7.2459e-05
7.2552e-05
7.2644e-05
7.2737e-05
7.2829e-05
7.2922e-05
7.3014e-05
7.3107e-05
7.3199e-05
7.3291e-05
7.3384e-05
7.3476e-05
7.3569e-05
7.3661e-05
7.3754e-05
7.3846e-05
7.3939e-05
7.4031e-05
7.4124e-05
7.4216e-05
7.4309e-05
7.4401e-05
7.4494e-05
7.4586e-05
7.4679e-05
7.4771e-05
7.4864e-05
7.4956e-05
7.5049e-05
7.5141e-05
7.5234e-05
7.5326e-05
7.5419e-05
7.5511e-05
7.5604e-05
7.5696e-05
7.5788e-05
7.5881e-05
7.5973e-05
7.6066e-05
7.6158e-05
7.6251e-05
7.6343e-05
7.6436e-05
7.6528e-05
7.6621e-05
7.6713e-05
7.6806e-05
7.6898e-05
7.6991e-05
7.7083e-05
7.7176e-05
7.7268e-05
7.7361e-05
7.7453e-05
7.7546e-05
7.7638e-05
7.7731e-05
7.7823e-05
7.7916e-05
7.8008e-05
7.81e-05
7.8193e-05
7.8285e-05
7.8378e-05
7.847e-05
7.8563e-05
7.8655e-05
7.8748e-05
7.884e-05
7.8933e-05
7.9025e-05
7.9118e-05
7.921e-05
7.9303e-05
7.9395e-05
7.9488e-05
7.958e-05
7.9673e-05
7.9765e-05
7.9858e-05
7.995e-05
8.0043e-05
8.0135e-05
8.0228e-05
8.032e-05
8.0413e-05
8.0505e-05
8.0597e-05
8.069e-05
8.0782e-05
8.0875e-05
8.0967e-05
8.106e-05
8.1152e-05
8.1245e-05
8.1337e-05
8.143e-05
8.1522e-05
8.1615e-05
8.1707e-05
8.18e-05
8.1892e-05
8.1985e-05
8.2077e-05
8.217e-05
8.2262e-05
8.2355e-05
8.2447e-05
8.254e-05
8.2632e-05
8.2725e-05
8.2817e-05
8.291e-05
8.3002e-05
8.3094e-05
8.3187e-05
8.3279e-05
8.3372e-05
8.3464e-05
8.3557e-05
8.3649e-05
8.3742e-05
8.3834e-05
8.3927e-05
8.4019e-05
8.4112e-05
8.4204e-05
8.4297e-05
8.4389e-05
8.4482e-05
8.4574e-05
8.4667e-05
8.4759e-05
8.4852e-05
8.4944e-05
8.5037e-05
8.5129e-05
8.5222e-05
8.5314e-05
8.5407e-05
8.5499e-05
8.5591e-05
8.5684e-05
8.5776e-05
8.5869e-05
8.5961e-05
8.6054e-05
8.6146e-05
8.6239e-05
8.6331e-05
8.6424e-05
8.6516e-05
8.6609e-05
8.6701e-05
8.6794e-05
8.6886e-05
8.6979e-05
8.7071e-05
8.7164e-05
8.7256e-05
8.7349e-05
8.7441e-05
8.7534e-05
8.7626e-05
8.7719e-05
8.7811e-05
8.7904e-05
8.7996e-05
8.8088e-05
8.8181e-05
8.8273e-05
8.8366e-05
8.8458e-05
8.8551e-05
8.8643e-05
8.8736e-05
8.8828e-05
8.8921e-05
8.9013e-05
8.9106e-05
8.9198e-05
8.9291e-05
8.9383e-05
8.9476e-05
8.9568e-05
8.9661e-05
8.9753e-05
8.9846e-05
8.9938e-05
9.0031e-05
9.0123e-05
9.0216e-05
9.0308e-05
9.0401e-05
9.0493e-05
9.0585e-05
9.0678e-05
9.077e-05
9.0863e-05
9.0955e-05
9.1048e-05
9.114e-05
9.1233e-05
9.1325e-05
9.1418e-05
9.151e-05
9.1603e-05
9.1695e-05
9.1788e-05
9.188e-05
9.1973e-05
9.2065e-05
9.2158e-05
9.225e-05
9.2343e-05
9.2435e-05
9.2528e-05
9.262e-05
9.2713e-05
9.2805e-05
9.2898e-05
9.299e-05
9.3082e-05
9.3175e-05
9.3267e-05
9.336e-05
9.3452e-05
9.3545e-05
9.3637e-05
9.373e-05
9.3822e-05
9.3915e-05
9.4007e-05
9.41e-05
9.4192e-05
9.4285e-05
9.4377e-05
9.447e-05
9.4562e-05
9.4655e-05
9.4747e-05
9.484e-05
9.4932e-05
9.5025e-05
9.5117e-05
9.521e-05
9.5302e-05
9.5395e-05
9.5487e-05
9.5579e-05
9.5672e-05
9.5764e-05
9.5857e-05
9.5949e-05
9.6042e-05
9.6134e-05
9.6227e-05
9.6319e-05
9.6412e-05
9.6504e-05
9.6597e-05
9.6689e-05
9.6782e-05
9.6874e-05
9.6967e-05
9.7059e-05
9.7152e-05
9.7244e-05
9.7337e-05
9.7429e-05
9.7522e-05
9.7614e-05
9.7707e-05
9.7799e-05
9.7892e-05
9.7984e-05
9.8076e-05
9.8169e-05
9.8261e-05
9.8354e-05
9.8446e-05
9.8539e-05
9.8631e-05
9.8724e-05
9.8816e-05
9.8909e-05
9.9001e-05
9.9094e-05
9.9186e-05
9.9279e-05
9.9371e-05
9.9464e-05
9.9556e-05
9.9649e-05
9.9741e-05
9.9834e-05
9.9926e-05
0.00010002
0.00010011
0.0001002
0.0001003
0.00010039
0.00010048
0.00010057
0.00010067
0.00010076
0.00010085
0.00010094
0.00010104
0.00010113
0.00010122
0.00010131
0.00010141
0.0001015
0.00010159
0.00010168
0.00010178
0.00010187
0.00010196
0.00010205
0.00010215
0.00010224
0.00010233
0.00010242
0.00010252
0.00010261
0.0001027
0.00010279
0.00010289
0.00010298
0.00010307
0.00010316
0.00010326
0.00010335
0.00010344
0.00010353
0.00010363
0.00010372
0.00010381
0.0001039
0.000104
0.00010409
0.00010418
0.00010427
0.00010437
0.00010446
0.00010455
0.00010464
0.00010474
0.00010483
0.00010492
0.00010501
0.0001051
0.0001052
0.00010529
0.00010538
0.00010547
0.00010557
0.00010566
0.00010575
0.00010584
0.00010594
0.00010603
0.00010612
0.00010621
0.00010631
0.0001064
0.00010649
0.00010658
0.00010668
0.00010677
0.00010686
0.00010695
0.00010705
0.00010714
0.00010723
0.00010732
0.00010742
0.00010751
0.0001076
0.00010769
0.00010779
0.00010788
0.00010797
0.00010806
0.00010816
0.00010825
0.00010834
0.00010843
0.00010853
0.00010862
0.00010871
0.0001088
0.0001089
0.00010899
0.00010908
0.00010917
0.00010927
0.00010936
0.00010945
0.00010954
0.00010964
0.00010973
0.00010982
0.00010991
0.00011001
0.0001101
0.00011019
0.00011028
0.00011037
0.00011047
0.00011056
0.00011065
0.00011074
0.00011084
0.00011093
0.00011102
0.00011111
0.00011121
0.0001113
0.00011139
0.00011148
0.00011158
0.00011167
0.00011176
0.00011185
0.00011194
0.00011204
0.00011213
0.00011222
0.00011231
0.00011241
0.0001125
0.00011259
0.00011268
0.00011278
0.00011287
0.00011296
0.00011305
0.00011314
0.00011324
0.00011333
0.00011342
0.00011351
0.00011361
0.0001137
0.00011379
0.00011388
0.00011397
0.00011407
0.00011416
0.00011425
0.00011434
0.00011443
0.00011453
0.00011462
0.00011471
0.0001148
0.00011489
0.00011499
0.00011508
0.00011517
0.00011526
0.00011535
0.00011545
0.00011554
0.00011563
0.00011572
0.00011581
0.0001159
0.000116
0.00011609
0.00011618
0.00011627
0.00011636
0.00011645
0.00011654
0.00011664
0.00011673
0.00011682
0.00011691
0.000117
0.00011709
0.00011718
0.00011727
0.00011737
0.00011746
0.00011755
0.00011764
0.00011773
0.00011782
0.00011791
0.000118
0.00011809
0.00011818
0.00011827
0.00011836
0.00011845
0.00011854
0.00011863
0.00011872
0.00011881
0.0001189
0.00011899
0.00011908
0.00011917
0.00011926
0.00011935
0.00011944
0.00011953
0.00011962
0.00011971
0.0001198
0.00011989
0.00011997
0.00012006
0.00012015
0.00012024
0.00012033
0.00012042
0.0001205
0.00012059
0.00012068
0.00012077
0.00012085
0.00012094
0.00012103
0.00012111
0.0001212
0.00012129
0.00012137
0.00012146
0.00012154
0.00012163
0.00012171
0.0001218
0.00012188
0.00012197
0.00012205
0.00012214
0.00012222
0.0001223
0.00012239
0.00012247
0.00012255
0.00012263
0.00012272
0.0001228
0.00012288
0.00012296
0.00012304
0.00012312
0.0001232
0.00012328
0.00012336
0.00012344
0.00012352
0.0001236
0.00012367
0.00012375
0.00012383
0.0001239
0.00012398
0.00012405
0.00012413
0.0001242
0.00012428
0.00012435
0.00012442
0.0001245
0.00012457
0.00012464
0.00012471
0.00012478
0.00012485
0.00012492
0.00012498
0.00012505
0.00012512
0.00012518
0.00012525
0.00012531
0.00012538
0.00012544
0.0001255
0.00012556
0.00012562
0.00012568
0.00012574
0.0001258
0.00012585
0.00012591
0.00012596
0.00012602
0.00012607
0.00012612
0.00012617
0.00012622
0.00012627
0.00012632
0.00012636
0.00012641
0.00012645
0.00012649
0.00012654
0.00012657
0.00012662
0.00012665
0.00012669
0.00012672
0.00012676
0.00012678
0.00012682
0.00012684
0.00012687
0.00012689
0.00012692
0.00012694
0.00012697
0.00012698
0.000127
0.00012701
0.00012703
0.00012703
0.00012705
0.00012705
0.00012706
0.00012706
0.00012707
0.00012706
0.00012706
0.00012705
0.00012705
0.00012703
0.00012703
0.000127
0.000127
0.00012697
0.00012696
0.00012692
0.0001269
0.00012686
0.00012684
0.00012679
0.00012677
0.00012671
0.00012668
0.00012662
0.00012658
0.00012652
0.00012647
0.0001264
0.00012635
0.00012627
0.00012621
0.00012613
0.00012606
0.00012597
0.0001259
0.0001258
0.00012572
0.00012561
0.00012552
0.00012541
0.00012531
0.00012519
0.00012508
0.00012495
0.00012483
0.0001247
0.00012457
0.00012443
0.00012429
0.00012414
0.00012399
0.00012383
0.00012367
0.0001235
0.00012333
0.00012315
0.00012297
0.00012278
0.00012259
0.00012239
0.00012218
0.00012197
0.00012176
0.00012154
0.0001213
0.00012108
0.00012083
0.00012059
0.00012033
0.00012008
0.0001198
0.00011954
0.00011925
0.00011898
0.00011867
0.00011838
0.00011806
0.00011776
0.00011743
0.00011711
0.00011676
0.00011643
0.00011606
0.00011572
0.00011534
0.00011498
0.00011458
0.0001142
0.00011378
0.00011339
0.00011295
0.00011255
0.00011209
0.00011167
0.00011119
0.00011075
0.00011026
0.0001098
0.00010928
0.00010881
0.00010827
0.00010778
0.00010722
0.00010671
0.00010612
0.00010559
0.00010499
0.00010444
0.00010381
0.00010324
0.00010259
0.00010199
0.00010132
0.0001007
0.00010001
9.9366e-05
9.865e-05
9.7982e-05
9.7241e-05
9.6549e-05
9.5783e-05
9.5066e-05
9.4275e-05
9.3531e-05
9.2715e-05
9.1944e-05
9.1102e-05
9.0304e-05
8.9434e-05
8.8609e-05
8.7712e-05
8.6858e-05
8.5933e-05
8.505e-05
8.4097e-05
8.3183e-05
8.2202e-05
8.1257e-05
8.0246e-05
7.9271e-05
7.823e-05
7.7222e-05
7.615e-05
7.511e-05
7.4007e-05
7.2934e-05
7.1799e-05
7.0692e-05
6.9525e-05
6.8383e-05
6.7182e-05
6.6005e-05
6.4771e-05
6.3558e-05
6.229e-05
6.104e-05
5.9737e-05
5.8449e-05
5.7111e-05
5.5786e-05
5.441e-05
5.3047e-05
5.1634e-05
5.0231e-05
4.8782e-05
4.7339e-05
4.585e-05
4.4367e-05
4.284e-05
4.1315e-05
3.9748e-05
3.8181e-05
3.6574e-05
3.4964e-05
3.3316e-05
3.1663e-05
2.9973e-05
2.8276e-05
2.6544e-05
2.4802e-05
2.3026e-05
2.124e-05
1.942e-05
1.7587e-05
1.5723e-05
1.3843e-05
1.1934e-05
1.0006e-05
8.051e-06
6.0756e-06
4.0736e-06
2.0494e-06
