-0.00018835
-0.0003706
-0.00054683
-0.00071712
-0.00088157
-0.0010402
-0.0011932
-0.0013406
-0.0014825
-0.0016189
-0.0017499
-0.0018757
-0.0019962
-0.0021116
-0.002222
-0.0023273
-0.0024278
-0.0025234
-0.0026143
-0.0027005
-0.002782
-0.0028591
-0.0029316
-0.0029998
-0.0030636
-0.0031232
-0.0031786
-0.0032298
-0.003277
-0.0033202
-0.0033595
-0.003395
-0.0034266
-0.0034546
-0.0034789
-0.0034996
-0.0035167
-0.0035305
-0.0035408
-0.0035478
-0.0035515
-0.003552
-0.0035493
-0.0035436
-0.0035348
-0.0035231
-0.0035085
-0.003491
-0.0034707
-0.0034477
-0.0034221
-0.0033938
-0.003363
-0.0033297
-0.0032939
-0.0032558
-0.0032154
-0.0031726
-0.0031277
-0.0030806
-0.0030315
-0.0029802
-0.002927
-0.0028719
-0.0028149
-0.002756
-0.0026954
-0.0026331
-0.0025691
-0.0025035
-0.0024363
-0.0023677
-0.0022976
-0.002226
-0.0021532
-0.002079
-0.0020037
-0.0019271
-0.0018494
-0.0017706
-0.0016907
-0.0016099
-0.0015282
-0.0014455
-0.0013621
-0.0012778
-0.0011929
-0.0011072
-0.0010209
-0.00093409
-0.00084671
-0.00075886
-0.00067058
-0.00058193
-0.00049295
-0.0004037
-0.00031422
-0.00022457
-0.00013479
-4.494e-05
4.494e-05
0.00013479
0.00022457
0.00031422
0.0004037
0.00049295
0.00058193
0.00067058
0.00075886
0.00084671
0.00093409
0.0010209
0.0011072
0.0011929
0.0012778
0.0013621
0.0014455
0.0015282
0.0016099
0.0016907
0.0017706
0.0018494
0.0019271
0.0020037
0.002079
0.0021532
0.002226
0.0022976
0.0023677
0.0024363
0.0025035
0.0025691
0.0026331
0.0026954
0.002756
0.0028149
0.0028719
0.002927
0.0029802
0.0030315
0.0030806
0.0031277
0.0031726
0.0032154
0.0032558
0.0032939
0.0033297
0.003363
0.0033938
0.0034221
0.0034477
0.0034707
0.003491
0.0035085
0.0035231
0.0035348
0.0035436
0.0035493
0.003552
0.0035515
0.0035478
0.0035408
0.0035305
0.0035167
0.0034996
0.0034789
0.0034546
0.0034266
0.003395
0.0033595
0.0033202
0.003277
0.0032298
0.0031786
0.0031232
0.0030636
0.0029998
0.0029316
0.0028591
0.002782
0.0027005
0.0026143
0.0025234
0.0024278
0.0023273
0.002222
0.0021116
0.0019962
0.0018757
0.0017499
0.0016189
0.0014825
0.0013406
0.0011932
0.0010402
0.00088157
0.00071712
0.00054683
0.0003706
0.00018835
