-0.020959
-0.026095
-0.028308
-0.02936
-0.029812
-0.029907
-0.029772
-0.029481
-0.029076
-0.02859
-0.028041
-0.027445
-0.026813
-0.026151
-0.025468
-0.024766
-0.024051
-0.023326
-0.022592
-0.021852
-0.021108
-0.020362
-0.019614
-0.018866
-0.018119
-0.017374
-0.016631
-0.015891
-0.015155
-0.014424
-0.013697
-0.012976
-0.012261
-0.011552
-0.01085
-0.010156
-0.009469
-0.0087903
-0.0081199
-0.0074584
-0.0068061
-0.0061633
-0.0055304
-0.0049078
-0.0042958
-0.0036948
-0.0031051
-0.0025272
-0.0019612
-0.0014077
-0.00086694
-0.00033933
0.00017477
0.00067499
0.0011609
0.0016322
0.0020885
0.0025293
0.0029543
0.003363
0.0037551
0.0041301
0.0044875
0.0048271
0.0051482
0.0054506
0.0057336
0.0059968
0.0062399
0.0064622
0.0066633
0.0068428
0.007
0.0071345
0.0072457
0.0073332
0.0073963
0.0074345
0.0074473
0.007434
0.0073941
0.007327
0.007232
0.0071086
0.0069562
0.006774
0.0065614
0.0063178
0.0060425
0.0057348
0.0053939
0.0050192
0.00461
0.0041655
0.0036849
0.0031674
0.0026124
0.002019
0.0013863
0.0007136
