-0.003776
-0.0042921
-0.0043999
-0.0043911
-0.0043375
-0.0042635
-0.0041791
-0.0040891
-0.0039959
-0.0039007
-0.0038043
-0.003707
-0.0036093
-0.0035112
-0.0034128
-0.0033143
-0.0032157
-0.003117
-0.0030182
-0.0029193
-0.0028205
-0.0027216
-0.0026227
-0.0025238
-0.0024249
-0.002326
-0.0022271
-0.0021282
-0.0020293
-0.0019304
-0.0018316
-0.0017327
-0.0016339
-0.0015352
-0.0014364
-0.0013377
-0.0012391
-0.0011405
-0.001042
-0.0009435
-0.00084512
-0.00074684
-0.00064866
-0.0005506
-0.00045268
-0.00035491
-0.00025731
-0.00015991
-6.2726e-05
3.421e-05
0.00013087
0.00022721
0.00032321
0.00041881
0.00051397
0.00060863
0.00070274
0.00079624
0.00088904
0.00098108
0.0010723
0.0011625
0.0012516
0.0013396
0.0014262
0.0015114
0.001595
0.0016767
0.0017565
0.001834
0.0019091
0.0019814
0.0020508
0.0021168
0.0021792
0.0022374
0.0022912
0.0023401
0.0023835
0.0024209
0.0024517
0.0024752
0.0024907
0.0024974
0.0024945
0.0024808
0.0024555
0.0024174
0.0023653
0.0022977
0.0022132
0.0021101
0.0019869
0.0018414
0.0016716
0.0014752
0.0012498
0.00099264
0.00070079
0.00037107
