-2.6657e-05
-5.2933e-05
-7.8813e-05
-0.00010433
-0.00012945
-0.00015422
-0.00017858
-0.00020262
-0.00022624
-0.00024956
-0.00027245
-0.00029506
-0.00031724
-0.00033914
-0.00036062
-0.00038184
-0.00040263
-0.00042317
-0.00044328
-0.00046315
-0.00048259
-0.00050182
-0.00052061
-0.00053919
-0.00055733
-0.00057529
-0.0005928
-0.00061014
-0.00062703
-0.00064376
-0.00066005
-0.00067619
-0.00069188
-0.00070743
-0.00072254
-0.00073752
-0.00075206
-0.00076647
-0.00078045
-0.00079431
-0.00080775
-0.00082107
-0.00083397
-0.00084675
-0.00085913
-0.0008714
-0.00088326
-0.00089502
-0.00090639
-0.00091764
-0.00092852
-0.00093929
-0.00094969
-0.00095997
-0.00096991
-0.00097972
-0.0009892
-0.00099856
-0.0010076
-0.0010165
-0.0010251
-0.0010336
-0.0010417
-0.0010498
-0.0010575
-0.0010652
-0.0010725
-0.0010797
-0.0010867
-0.0010935
-0.0011001
-0.0011065
-0.0011127
-0.0011187
-0.0011246
-0.0011302
-0.0011357
-0.001141
-0.0011462
-0.0011511
-0.0011559
-0.0011605
-0.001165
-0.0011693
-0.0011734
-0.0011774
-0.0011812
-0.0011848
-0.0011884
-0.0011917
-0.001195
-0.0011979
-0.0012009
-0.0012036
-0.0012063
-0.0012087
-0.0012112
-0.0012133
-0.0012155
-0.0012173
-0.0012193
-0.0012209
-0.0012226
-0.0012239
-0.0012253
-0.0012264
-0.0012276
-0.0012285
-0.0012295
-0.0012301
-0.0012309
-0.0012312
-0.0012318
-0.001232
-0.0012323
-0.0012323
-0.0012324
-0.0012322
-0.0012321
-0.0012317
-0.0012315
-0.0012308
-0.0012304
-0.0012296
-0.001229
-0.001228
-0.0012272
-0.0012261
-0.0012251
-0.0012238
-0.0012227
-0.0012212
-0.00122
-0.0012183
-0.0012169
-0.0012151
-0.0012136
-0.0012116
-0.0012099
-0.0012078
-0.001206
-0.0012038
-0.0012018
-0.0011995
-0.0011974
-0.001195
-0.0011927
-0.0011902
-0.0011878
-0.0011851
-0.0011827
-0.0011799
-0.0011773
-0.0011744
-0.0011717
-0.0011687
-0.0011659
-0.0011628
-0.0011599
-0.0011568
-0.0011537
-0.0011505
-0.0011474
-0.001144
-0.0011408
-0.0011374
-0.0011341
-0.0011306
-0.0011273
-0.0011237
-0.0011202
-0.0011166
-0.0011131
-0.0011094
-0.0011057
-0.001102
-0.0010983
-0.0010945
-0.0010907
-0.0010868
-0.001083
-0.001079
-0.0010751
-0.0010711
-0.0010672
-0.0010631
-0.0010591
-0.001055
-0.0010509
-0.0010468
-0.0010427
-0.0010385
-0.0010343
-0.00103
-0.0010258
-0.0010215
-0.0010172
-0.0010129
-0.0010086
-0.0010042
-0.00099986
-0.00099548
-0.00099105
-0.00098663
-0.00098217
-0.00097771
-0.00097321
-0.00096873
-0.00096419
-0.00095967
-0.0009551
-0.00095055
-0.00094595
-0.00094137
-0.00093674
-0.00093213
-0.00092747
-0.00092284
-0.00091815
-0.00091349
-0.00090878
-0.00090409
-0.00089936
-0.00089464
-0.00088989
-0.00088515
-0.00088038
-0.00087562
-0.00087082
-0.00086604
-0.00086123
-0.00085643
-0.00085159
-0.00084677
-0.00084192
-0.00083709
-0.00083222
-0.00082736
-0.00082248
-0.00081761
-0.00081271
-0.00080783
-0.00080292
-0.00079801
-0.00079309
-0.00078817
-0.00078324
-0.00077831
-0.00077336
-0.00076842
-0.00076346
-0.0007585
-0.00075353
-0.00074857
-0.00074359
-0.00073861
-0.00073362
-0.00072863
-0.00072364
-0.00071864
-0.00071363
-0.00070863
-0.00070361
-0.0006986
-0.00069358
-0.00068855
-0.00068352
-0.00067849
-0.00067346
-0.00066842
-0.00066338
-0.00065833
-0.00065328
-0.00064823
-0.00064318
-0.00063812
-0.00063306
-0.000628
-0.00062293
-0.00061787
-0.0006128
-0.00060772
-0.00060265
-0.00059757
-0.00059249
-0.00058741
-0.00058233
-0.00057724
-0.00057215
-0.00056706
-0.00056197
-0.00055688
-0.00055178
-0.00054669
-0.00054159
-0.00053649
-0.00053139
-0.00052628
-0.00052118
-0.00051607
-0.00051097
-0.00050586
-0.00050075
-0.00049564
-0.00049053
-0.00048541
-0.0004803
-0.00047518
-0.00047007
-0.00046495
-0.00045983
-0.00045471
-0.00044959
-0.00044447
-0.00043935
-0.00043423
-0.0004291
-0.00042398
-0.00041885
-0.00041373
-0.0004086
-0.00040347
-0.00039835
-0.00039322
-0.00038809
-0.00038296
-0.00037783
-0.0003727
-0.00036757
-0.00036243
-0.0003573
-0.00035217
-0.00034703
-0.0003419
-0.00033677
-0.00033163
-0.0003265
-0.00032136
-0.00031623
-0.00031109
-0.00030595
-0.00030082
-0.00029568
-0.00029054
-0.0002854
-0.00028027
-0.00027513
-0.00026999
-0.00026485
-0.00025971
-0.00025457
-0.00024943
-0.00024429
-0.00023915
-0.00023401
-0.00022887
-0.00022373
-0.00021859
-0.00021345
-0.00020831
-0.00020316
-0.00019802
-0.00019288
-0.00018774
-0.0001826
-0.00017745
-0.00017231
-0.00016717
-0.00016203
-0.00015688
-0.00015174
-0.0001466
-0.00014146
-0.00013631
-0.00013117
-0.00012603
-0.00012088
-0.00011574
-0.0001106
-0.00010545
-0.00010031
-9.5165e-05
-9.0022e-05
-8.4878e-05
-7.9734e-05
-7.459e-05
-6.9446e-05
-6.4302e-05
-5.9158e-05
-5.4014e-05
-4.887e-05
-4.3726e-05
-3.8582e-05
-3.3437e-05
-2.8293e-05
-2.3149e-05
-1.8005e-05
-1.2861e-05
-7.7164e-06
-2.5721e-06
2.5721e-06
7.7164e-06
1.2861e-05
1.8005e-05
2.3149e-05
2.8293e-05
3.3437e-05
3.8582e-05
4.3726e-05
4.887e-05
5.4014e-05
5.9158e-05
6.4302e-05
6.9446e-05
7.459e-05
7.9734e-05
8.4878e-05
9.0022e-05
9.5165e-05
0.00010031
0.00010545
0.0001106
0.00011574
0.00012088
0.00012603
0.00013117
0.00013631
0.00014146
0.0001466
0.00015174
0.00015688
0.00016203
0.00016717
0.00017231
0.00017745
0.0001826
0.00018774
0.00019288
0.00019802
0.00020316
0.00020831
0.00021345
0.00021859
0.00022373
0.00022887
0.00023401
0.00023915
0.00024429
0.00024943
0.00025457
0.00025971
0.00026485
0.00026999
0.00027513
0.00028027
0.0002854
0.00029054
0.00029568
0.00030082
0.00030595
0.00031109
0.00031623
0.00032136
0.0003265
0.00033163
0.00033677
0.0003419
0.00034703
0.00035217
0.0003573
0.00036243
0.00036757
0.0003727
0.00037783
0.00038296
0.00038809
0.00039322
0.00039835
0.00040347
0.0004086
0.00041373
0.00041885
0.00042398
0.0004291
0.00043423
0.00043935
0.00044447
0.00044959
0.00045471
0.00045983
0.00046495
0.00047007
0.00047518
0.0004803
0.00048541
0.00049053
0.00049564
0.00050075
0.00050586
0.00051097
0.00051607
0.00052118
0.00052628
0.00053139
0.00053649
0.00054159
0.00054669
0.00055178
0.00055688
0.00056197
0.00056706
0.00057215
0.00057724
0.00058233
0.00058741
0.00059249
0.00059757
0.00060265
0.00060772
0.0006128
0.00061787
0.00062293
0.000628
0.00063306
0.00063812
0.00064318
0.00064823
0.00065328
0.00065833
0.00066338
0.00066842
0.00067346
0.00067849
0.00068352
0.00068855
0.00069358
0.0006986
0.00070361
0.00070863
0.00071363
0.00071864
0.00072364
0.00072863
0.00073362
0.00073861
0.00074359
0.00074857
0.00075353
0.0007585
0.00076346
0.00076842
0.00077336
0.00077831
0.00078324
0.00078817
0.00079309
0.00079801
0.00080292
0.00080783
0.00081271
0.00081761
0.00082248
0.00082736
0.00083222
0.00083709
0.00084192
0.00084677
0.00085159
0.00085643
0.00086123
0.00086604
0.00087082
0.00087562
0.00088038
0.00088515
0.00088989
0.00089464
0.00089936
0.00090409
0.00090878
0.00091349
0.00091815
0.00092284
0.00092747
0.00093213
0.00093674
0.00094137
0.00094595
0.00095055
0.0009551
0.00095967
0.00096419
0.00096873
0.00097321
0.00097771
0.00098217
0.00098663
0.00099105
0.00099548
0.00099986
0.0010042
0.0010086
0.0010129
0.0010172
0.0010215
0.0010258
0.00103
0.0010343
0.0010385
0.0010427
0.0010468
0.0010509
0.001055
0.0010591
0.0010631
0.0010672
0.0010711
0.0010751
0.001079
0.001083
0.0010868
0.0010907
0.0010945
0.0010983
0.001102
0.0011057
0.0011094
0.0011131
0.0011166
0.0011202
0.0011237
0.0011273
0.0011306
0.0011341
0.0011374
0.0011408
0.001144
0.0011474
0.0011505
0.0011537
0.0011568
0.0011599
0.0011628
0.0011659
0.0011687
0.0011717
0.0011744
0.0011773
0.0011799
0.0011827
0.0011851
0.0011878
0.0011902
0.0011927
0.001195
0.0011974
0.0011995
0.0012018
0.0012038
0.001206
0.0012078
0.0012099
0.0012116
0.0012136
0.0012151
0.0012169
0.0012183
0.00122
0.0012212
0.0012227
0.0012238
0.0012251
0.0012261
0.0012272
0.001228
0.001229
0.0012296
0.0012304
0.0012308
0.0012315
0.0012317
0.0012321
0.0012322
0.0012324
0.0012323
0.0012323
0.001232
0.0012318
0.0012312
0.0012309
0.0012301
0.0012295
0.0012285
0.0012276
0.0012264
0.0012253
0.0012239
0.0012226
0.0012209
0.0012193
0.0012173
0.0012155
0.0012133
0.0012112
0.0012087
0.0012063
0.0012036
0.0012009
0.0011979
0.001195
0.0011917
0.0011884
0.0011848
0.0011812
0.0011774
0.0011734
0.0011693
0.001165
0.0011605
0.0011559
0.0011511
0.0011462
0.001141
0.0011357
0.0011302
0.0011246
0.0011187
0.0011127
0.0011065
0.0011001
0.0010935
0.0010867
0.0010797
0.0010725
0.0010652
0.0010575
0.0010498
0.0010417
0.0010336
0.0010251
0.0010165
0.0010076
0.00099856
0.0009892
0.00097972
0.00096991
0.00095997
0.00094969
0.00093929
0.00092852
0.00091764
0.00090639
0.00089502
0.00088326
0.0008714
0.00085913
0.00084675
0.00083397
0.00082107
0.00080775
0.00079431
0.00078045
0.00076647
0.00075206
0.00073752
0.00072254
0.00070743
0.00069188
0.00067619
0.00066005
0.00064376
0.00062703
0.00061014
0.0005928
0.00057529
0.00055733
0.00053919
0.00052061
0.00050182
0.00048259
0.00046315
0.00044328
0.00042317
0.00040263
0.00038184
0.00036062
0.00033914
0.00031724
0.00029506
0.00027245
0.00024956
0.00022624
0.00020262
0.00017858
0.00015422
0.00012945
0.00010433
7.8813e-05
5.2933e-05
2.6657e-05
