-0.00040527
-0.00046259
-0.00047958
-0.00048579
-0.00048807
-0.00048867
-0.00048846
-0.00048782
-0.00048694
-0.00048593
-0.00048484
-0.00048369
-0.00048251
-0.00048131
-0.0004801
-0.00047887
-0.00047764
-0.00047641
-0.00047517
-0.00047393
-0.00047268
-0.00047144
-0.00047019
-0.00046895
-0.0004677
-0.00046645
-0.00046521
-0.00046396
-0.00046271
-0.00046146
-0.00046022
-0.00045897
-0.00045772
-0.00045647
-0.00045522
-0.00045398
-0.00045273
-0.00045148
-0.00045023
-0.00044898
-0.00044774
-0.00044649
-0.00044524
-0.00044399
-0.00044274
-0.00044149
-0.00044025
-0.000439
-0.00043775
-0.0004365
-0.00043525
-0.00043401
-0.00043276
-0.00043151
-0.00043026
-0.00042901
-0.00042776
-0.00042652
-0.00042527
-0.00042402
-0.00042277
-0.00042152
-0.00042028
-0.00041903
-0.00041778
-0.00041653
-0.00041528
-0.00041403
-0.00041279
-0.00041154
-0.00041029
-0.00040904
-0.00040779
-0.00040654
-0.0004053
-0.00040405
-0.0004028
-0.00040155
-0.0004003
-0.00039906
-0.00039781
-0.00039656
-0.00039531
-0.00039406
-0.00039281
-0.00039157
-0.00039032
-0.00038907
-0.00038782
-0.00038657
-0.00038533
-0.00038408
-0.00038283
-0.00038158
-0.00038033
-0.00037908
-0.00037784
-0.00037659
-0.00037534
-0.00037409
-0.00037284
-0.00037159
-0.00037035
-0.0003691
-0.00036785
-0.0003666
-0.00036535
-0.00036411
-0.00036286
-0.00036161
-0.00036036
-0.00035911
-0.00035786
-0.00035662
-0.00035537
-0.00035412
-0.00035287
-0.00035162
-0.00035038
-0.00034913
-0.00034788
-0.00034663
-0.00034538
-0.00034413
-0.00034289
-0.00034164
-0.00034039
-0.00033914
-0.00033789
-0.00033664
-0.0003354
-0.00033415
-0.0003329
-0.00033165
-0.0003304
-0.00032916
-0.00032791
-0.00032666
-0.00032541
-0.00032416
-0.00032291
-0.00032167
-0.00032042
-0.00031917
-0.00031792
-0.00031667
-0.00031542
-0.00031418
-0.00031293
-0.00031168
-0.00031043
-0.00030918
-0.00030794
-0.00030669
-0.00030544
-0.00030419
-0.00030294
-0.00030169
-0.00030045
-0.0002992
-0.00029795
-0.0002967
-0.00029545
-0.00029421
-0.00029296
-0.00029171
-0.00029046
-0.00028921
-0.00028796
-0.00028672
-0.00028547
-0.00028422
-0.00028297
-0.00028172
-0.00028047
-0.00027923
-0.00027798
-0.00027673
-0.00027548
-0.00027423
-0.00027299
-0.00027174
-0.00027049
-0.00026924
-0.00026799
-0.00026674
-0.0002655
-0.00026425
-0.000263
-0.00026175
-0.0002605
-0.00025926
-0.00025801
-0.00025676
-0.00025551
-0.00025426
-0.00025301
-0.00025177
-0.00025052
-0.00024927
-0.00024802
-0.00024677
-0.00024552
-0.00024428
-0.00024303
-0.00024178
-0.00024053
-0.00023928
-0.00023804
-0.00023679
-0.00023554
-0.00023429
-0.00023304
-0.00023179
-0.00023055
-0.0002293
-0.00022805
-0.0002268
-0.00022555
-0.00022431
-0.00022306
-0.00022181
-0.00022056
-0.00021931
-0.00021806
-0.00021682
-0.00021557
-0.00021432
-0.00021307
-0.00021182
-0.00021057
-0.00020933
-0.00020808
-0.00020683
-0.00020558
-0.00020433
-0.00020309
-0.00020184
-0.00020059
-0.00019934
-0.00019809
-0.00019684
-0.0001956
-0.00019435
-0.0001931
-0.00019185
-0.0001906
-0.00018935
-0.00018811
-0.00018686
-0.00018561
-0.00018436
-0.00018311
-0.00018187
-0.00018062
-0.00017937
-0.00017812
-0.00017687
-0.00017562
-0.00017438
-0.00017313
-0.00017188
-0.00017063
-0.00016938
-0.00016814
-0.00016689
-0.00016564
-0.00016439
-0.00016314
-0.00016189
-0.00016065
-0.0001594
-0.00015815
-0.0001569
-0.00015565
-0.0001544
-0.00015316
-0.00015191
-0.00015066
-0.00014941
-0.00014816
-0.00014692
-0.00014567
-0.00014442
-0.00014317
-0.00014192
-0.00014067
-0.00013943
-0.00013818
-0.00013693
-0.00013568
-0.00013443
-0.00013319
-0.00013194
-0.00013069
-0.00012944
-0.00012819
-0.00012694
-0.0001257
-0.00012445
-0.0001232
-0.00012195
-0.0001207
-0.00011945
-0.00011821
-0.00011696
-0.00011571
-0.00011446
-0.00011321
-0.00011197
-0.00011072
-0.00010947
-0.00010822
-0.00010697
-0.00010572
-0.00010448
-0.00010323
-0.00010198
-0.00010073
-9.9483e-05
-9.8235e-05
-9.6987e-05
-9.5739e-05
-9.449e-05
-9.3242e-05
-9.1994e-05
-9.0746e-05
-8.9498e-05
-8.8249e-05
-8.7001e-05
-8.5753e-05
-8.4505e-05
-8.3256e-05
-8.2008e-05
-8.076e-05
-7.9512e-05
-7.8264e-05
-7.7015e-05
-7.5767e-05
-7.4519e-05
-7.3271e-05
-7.2022e-05
-7.0774e-05
-6.9526e-05
-6.8278e-05
-6.703e-05
-6.5781e-05
-6.4533e-05
-6.3285e-05
-6.2037e-05
-6.0789e-05
-5.954e-05
-5.8292e-05
-5.7044e-05
-5.5796e-05
-5.4547e-05
-5.3299e-05
-5.2051e-05
-5.0803e-05
-4.9555e-05
-4.8306e-05
-4.7058e-05
-4.581e-05
-4.4562e-05
-4.3313e-05
-4.2065e-05
-4.0817e-05
-3.9569e-05
-3.8321e-05
-3.7072e-05
-3.5824e-05
-3.4576e-05
-3.3328e-05
-3.208e-05
-3.0831e-05
-2.9583e-05
-2.8335e-05
-2.7087e-05
-2.5838e-05
-2.459e-05
-2.3342e-05
-2.2094e-05
-2.0846e-05
-1.9597e-05
-1.8349e-05
-1.7101e-05
-1.5853e-05
-1.4604e-05
-1.3356e-05
-1.2108e-05
-1.086e-05
-9.6116e-06
-8.3634e-06
-7.1152e-06
-5.867e-06
-4.6187e-06
-3.3705e-06
-2.1223e-06
-8.7408e-07
3.7414e-07
1.6224e-06
2.8706e-06
4.1188e-06
5.367e-06
6.6152e-06
7.8634e-06
9.1117e-06
1.036e-05
1.1608e-05
1.2856e-05
1.4105e-05
1.5353e-05
1.6601e-05
1.7849e-05
1.9097e-05
2.0346e-05
2.1594e-05
2.2842e-05
2.409e-05
2.5338e-05
2.6587e-05
2.7835e-05
2.9083e-05
3.0331e-05
3.158e-05
3.2828e-05
3.4076e-05
3.5324e-05
3.6572e-05
3.7821e-05
3.9069e-05
4.0317e-05
4.1565e-05
4.2814e-05
4.4062e-05
4.531e-05
4.6558e-05
4.7806e-05
4.9055e-05
5.0303e-05
5.1551e-05
5.2799e-05
5.4047e-05
5.5296e-05
5.6544e-05
5.7792e-05
5.904e-05
6.0289e-05
6.1537e-05
6.2785e-05
6.4033e-05
6.5281e-05
6.653e-05
6.7778e-05
6.9026e-05
7.0274e-05
7.1522e-05
7.2771e-05
7.4019e-05
7.5267e-05
7.6515e-05
7.7764e-05
7.9012e-05
8.026e-05
8.1508e-05
8.2756e-05
8.4005e-05
8.5253e-05
8.6501e-05
8.7749e-05
8.8997e-05
9.0246e-05
9.1494e-05
9.2742e-05
9.399e-05
9.5239e-05
9.6487e-05
9.7735e-05
9.8983e-05
0.00010023
0.00010148
0.00010273
0.00010398
0.00010522
0.00010647
0.00010772
0.00010897
0.00011022
0.00011147
0.00011271
0.00011396
0.00011521
0.00011646
0.00011771
0.00011895
0.0001202
0.00012145
0.0001227
0.00012395
0.0001252
0.00012644
0.00012769
0.00012894
0.00013019
0.00013144
0.00013268
0.00013393
0.00013518
0.00013643
0.00013768
0.00013893
0.00014017
0.00014142
0.00014267
0.00014392
0.00014517
0.00014641
0.00014766
0.00014891
0.00015016
0.00015141
0.00015265
0.0001539
0.00015515
0.0001564
0.00015765
0.00015889
0.00016014
0.00016139
0.00016264
0.00016389
0.00016514
0.00016638
0.00016763
0.00016888
0.00017013
0.00017138
0.00017262
0.00017387
0.00017512
0.00017637
0.00017761
0.00017886
0.00018011
0.00018136
0.00018261
0.00018385
0.0001851
0.00018635
0.0001876
0.00018885
0.00019009
0.00019134
0.00019259
0.00019384
0.00019508
0.00019633
0.00019758
0.00019883
0.00020007
0.00020132
0.00020257
0.00020382
0.00020506
0.00020631
0.00020756
0.0002088
0.00021005
0.0002113
0.00021255
0.00021379
0.00021504
0.00021629
0.00021753
0.00021878
0.00022003
0.00022127
0.00022252
0.00022377
0.00022501
0.00022626
0.00022751
0.00022875
0.00023
0.00023124
0.00023249
0.00023373
0.00023498
0.00023623
0.00023747
0.00023872
0.00023996
0.00024121
0.00024245
0.00024369
0.00024494
0.00024618
0.00024743
0.00024867
0.00024991
0.00025116
0.0002524
0.00025364
0.00025489
0.00025613
0.00025737
0.00025861
0.00025985
0.00026109
0.00026234
0.00026358
0.00026482
0.00026606
0.0002673
0.00026853
0.00026977
0.00027101
0.00027225
0.00027349
0.00027472
0.00027596
0.0002772
0.00027843
0.00027967
0.0002809
0.00028213
0.00028337
0.0002846
0.00028583
0.00028706
0.00028829
0.00028952
0.00029075
0.00029197
0.0002932
0.00029442
0.00029565
0.00029687
0.00029809
0.00029931
0.00030053
0.00030175
0.00030297
0.00030418
0.0003054
0.00030661
0.00030782
0.00030903
0.00031024
0.00031145
0.00031265
0.00031385
0.00031505
0.00031625
0.00031745
0.00031864
0.00031983
0.00032102
0.00032221
0.00032339
0.00032457
0.00032575
0.00032693
0.0003281
0.00032927
0.00033043
0.00033159
0.00033275
0.0003339
0.00033505
0.0003362
0.00033734
0.00033848
0.00033961
0.00034073
0.00034185
0.00034297
0.00034408
0.00034518
0.00034628
0.00034737
0.00034846
0.00034954
0.00035061
0.00035167
0.00035273
0.00035377
0.00035481
0.00035584
0.00035686
0.00035787
0.00035887
0.00035987
0.00036084
0.00036181
0.00036277
0.00036371
0.00036464
0.00036556
0.00036647
0.00036735
0.00036823
0.00036909
0.00036993
0.00037076
0.00037156
0.00037235
0.00037312
0.00037387
0.0003746
0.00037531
0.00037599
0.00037665
0.00037729
0.0003779
0.00037849
0.00037904
0.00037957
0.00038007
0.00038054
0.00038097
0.00038137
0.00038174
0.00038207
0.00038236
0.00038261
0.00038283
0.00038299
0.00038312
0.0003832
0.00038323
0.0003832
0.00038313
0.000383
0.00038282
0.00038258
0.00038228
0.00038191
0.00038147
0.00038097
0.0003804
0.00037975
0.00037903
0.00037822
0.00037733
0.00037635
0.00037529
0.00037412
0.00037287
0.0003715
0.00037004
0.00036846
0.00036677
0.00036495
0.00036302
0.00036096
0.00035876
0.00035642
0.00035394
0.0003513
0.00034851
0.00034556
0.00034244
0.00033914
0.00033566
0.00033199
0.00032812
0.00032405
0.00031976
0.00031525
0.00031051
0.00030553
0.0003003
0.00029481
0.00028906
0.00028302
0.00027669
0.00027006
0.00026311
0.00025584
0.00024823
0.00024027
0.00023194
0.00022323
0.00021412
0.00020461
0.00019466
0.00018427
0.00017343
0.0001621
0.00015027
0.00013793
0.00012505
0.00011161
9.7596e-05
8.2977e-05
6.7733e-05
5.1838e-05
3.5269e-05
1.7999e-05
