-2.804e-05
-5.4471e-05
-7.9601e-05
-0.00010307
-0.00012539
-0.00014615
-0.0001657
-0.00018403
-0.00020088
-0.00021706
-0.00023126
-0.00024555
-0.00025722
-0.00026981
-0.00027914
-0.00029016
-0.0002974
-0.0003069
-0.00031238
-0.00032036
-0.00032445
-0.00033089
-0.00033391
-0.00033883
-0.00034108
-0.00034453
-0.00034621
-0.00034835
-0.00034955
-0.00035059
-0.00035135
-0.00035152
-0.00035182
-0.00035137
-0.00035121
-0.00035032
-0.00034972
-0.00034854
-0.00034753
-0.00034614
-0.0003448
-0.00034326
-0.00034166
-0.00033998
-0.0003382
-0.0003364
-0.0003345
-0.00033259
-0.00033061
-0.00032862
-0.00032658
-0.00032452
-0.00032244
-0.00032035
-0.00031823
-0.0003161
-0.00031397
-0.00031182
-0.00030966
-0.0003075
-0.00030533
-0.00030316
-0.00030099
-0.00029881
-0.00029663
-0.00029445
-0.00029227
-0.00029008
-0.0002879
-0.00028571
-0.00028352
-0.00028133
-0.00027915
-0.00027696
-0.00027477
-0.00027258
-0.00027039
-0.0002682
-0.00026601
-0.00026382
-0.00026163
-0.00025945
-0.00025726
-0.00025507
-0.00025288
-0.00025069
-0.0002485
-0.00024631
-0.00024412
-0.00024193
-0.00023974
-0.00023755
-0.00023536
-0.00023317
-0.00023098
-0.00022879
-0.0002266
-0.00022442
-0.00022223
-0.00022004
-0.00021785
-0.00021566
-0.00021347
-0.00021128
-0.00020909
-0.0002069
-0.00020471
-0.00020252
-0.00020033
-0.00019814
-0.00019595
-0.00019376
-0.00019157
-0.00018938
-0.0001872
-0.00018501
-0.00018282
-0.00018063
-0.00017844
-0.00017625
-0.00017406
-0.00017187
-0.00016968
-0.00016749
-0.0001653
-0.00016311
-0.00016092
-0.00015873
-0.00015654
-0.00015435
-0.00015216
-0.00014997
-0.00014779
-0.0001456
-0.00014341
-0.00014122
-0.00013903
-0.00013684
-0.00013465
-0.00013246
-0.00013027
-0.00012808
-0.00012589
-0.0001237
-0.00012151
-0.00011932
-0.00011713
-0.00011494
-0.00011275
-0.00011057
-0.00010838
-0.00010619
-0.000104
-0.00010181
-9.9618e-05
-9.7429e-05
-9.524e-05
-9.305e-05
-9.0861e-05
-8.8671e-05
-8.6482e-05
-8.4293e-05
-8.2103e-05
-7.9914e-05
-7.7724e-05
-7.5535e-05
-7.3345e-05
-7.1156e-05
-6.8967e-05
-6.6777e-05
-6.4588e-05
-6.2398e-05
-6.0209e-05
-5.802e-05
-5.583e-05
-5.3641e-05
-5.1451e-05
-4.9262e-05
-4.7072e-05
-4.4883e-05
-4.2694e-05
-4.0504e-05
-3.8315e-05
-3.6125e-05
-3.3936e-05
-3.1747e-05
-2.9557e-05
-2.7368e-05
-2.5178e-05
-2.2989e-05
-2.0799e-05
-1.861e-05
-1.6421e-05
-1.4231e-05
-1.2042e-05
-9.8524e-06
-7.663e-06
-5.4735e-06
-3.2841e-06
-1.0947e-06
1.0947e-06
3.2841e-06
5.4735e-06
7.663e-06
9.8524e-06
1.2042e-05
1.4231e-05
1.6421e-05
1.861e-05
2.0799e-05
2.2989e-05
2.5178e-05
2.7368e-05
2.9557e-05
3.1747e-05
3.3936e-05
3.6125e-05
3.8315e-05
4.0504e-05
4.2694e-05
4.4883e-05
4.7072e-05
4.9262e-05
5.1451e-05
5.3641e-05
5.583e-05
5.802e-05
6.0209e-05
6.2398e-05
6.4588e-05
6.6777e-05
6.8967e-05
7.1156e-05
7.3345e-05
7.5535e-05
7.7724e-05
7.9914e-05
8.2103e-05
8.4293e-05
8.6482e-05
8.8671e-05
9.0861e-05
9.305e-05
9.524e-05
9.7429e-05
9.9618e-05
0.00010181
0.000104
0.00010619
0.00010838
0.00011057
0.00011275
0.00011494
0.00011713
0.00011932
0.00012151
0.0001237
0.00012589
0.00012808
0.00013027
0.00013246
0.00013465
0.00013684
0.00013903
0.00014122
0.00014341
0.0001456
0.00014779
0.00014997
0.00015216
0.00015435
0.00015654
0.00015873
0.00016092
0.00016311
0.0001653
0.00016749
0.00016968
0.00017187
0.00017406
0.00017625
0.00017844
0.00018063
0.00018282
0.00018501
0.0001872
0.00018938
0.00019157
0.00019376
0.00019595
0.00019814
0.00020033
0.00020252
0.00020471
0.0002069
0.00020909
0.00021128
0.00021347
0.00021566
0.00021785
0.00022004
0.00022223
0.00022442
0.0002266
0.00022879
0.00023098
0.00023317
0.00023536
0.00023755
0.00023974
0.00024193
0.00024412
0.00024631
0.0002485
0.00025069
0.00025288
0.00025507
0.00025726
0.00025945
0.00026163
0.00026382
0.00026601
0.0002682
0.00027039
0.00027258
0.00027477
0.00027696
0.00027915
0.00028133
0.00028352
0.00028571
0.0002879
0.00029008
0.00029227
0.00029445
0.00029663
0.00029881
0.00030099
0.00030316
0.00030533
0.0003075
0.00030966
0.00031182
0.00031397
0.0003161
0.00031823
0.00032035
0.00032244
0.00032452
0.00032658
0.00032862
0.00033061
0.00033259
0.0003345
0.0003364
0.0003382
0.00033998
0.00034166
0.00034326
0.0003448
0.00034614
0.00034753
0.00034854
0.00034972
0.00035032
0.00035121
0.00035137
0.00035182
0.00035152
0.00035135
0.00035059
0.00034955
0.00034835
0.00034621
0.00034453
0.00034108
0.00033883
0.00033391
0.00033089
0.00032445
0.00032036
0.00031238
0.0003069
0.0002974
0.00029016
0.00027914
0.00026981
0.00025722
0.00024555
0.00023126
0.00021706
0.00020088
0.00018403
0.0001657
0.00014615
0.00012539
0.00010307
7.9601e-05
5.4471e-05
2.804e-05
