-0.0013882
-0.0015751
-0.0016166
-0.0016235
-0.0016201
-0.0016135
-0.0016058
-0.0015977
-0.0015895
-0.0015812
-0.0015729
-0.0015646
-0.0015562
-0.0015479
-0.0015396
-0.0015313
-0.0015229
-0.0015146
-0.0015063
-0.001498
-0.0014897
-0.0014813
-0.001473
-0.0014647
-0.0014564
-0.001448
-0.0014397
-0.0014314
-0.0014231
-0.0014148
-0.0014064
-0.0013981
-0.0013898
-0.0013815
-0.0013731
-0.0013648
-0.0013565
-0.0013482
-0.0013399
-0.0013315
-0.0013232
-0.0013149
-0.0013066
-0.0012982
-0.0012899
-0.0012816
-0.0012733
-0.001265
-0.0012566
-0.0012483
-0.00124
-0.0012317
-0.0012233
-0.001215
-0.0012067
-0.0011984
-0.0011901
-0.0011817
-0.0011734
-0.0011651
-0.0011568
-0.0011484
-0.0011401
-0.0011318
-0.0011235
-0.0011151
-0.0011068
-0.0010985
-0.0010902
-0.0010819
-0.0010735
-0.0010652
-0.0010569
-0.0010486
-0.0010402
-0.0010319
-0.0010236
-0.0010153
-0.001007
-0.00099864
-0.00099032
-0.00098199
-0.00097367
-0.00096535
-0.00095703
-0.0009487
-0.00094038
-0.00093206
-0.00092374
-0.00091541
-0.00090709
-0.00089877
-0.00089045
-0.00088213
-0.0008738
-0.00086548
-0.00085716
-0.00084884
-0.00084051
-0.00083219
-0.00082387
-0.00081555
-0.00080722
-0.0007989
-0.00079058
-0.00078226
-0.00077394
-0.00076561
-0.00075729
-0.00074897
-0.00074065
-0.00073232
-0.000724
-0.00071568
-0.00070736
-0.00069903
-0.00069071
-0.00068239
-0.00067407
-0.00066575
-0.00065742
-0.0006491
-0.00064078
-0.00063246
-0.00062413
-0.00061581
-0.00060749
-0.00059917
-0.00059084
-0.00058252
-0.0005742
-0.00056588
-0.00055756
-0.00054923
-0.00054091
-0.00053259
-0.00052427
-0.00051594
-0.00050762
-0.0004993
-0.00049098
-0.00048266
-0.00047433
-0.00046601
-0.00045769
-0.00044937
-0.00044104
-0.00043272
-0.0004244
-0.00041608
-0.00040775
-0.00039943
-0.00039111
-0.00038279
-0.00037447
-0.00036614
-0.00035782
-0.0003495
-0.00034118
-0.00033285
-0.00032453
-0.00031621
-0.00030789
-0.00029956
-0.00029124
-0.00028292
-0.0002746
-0.00026628
-0.00025795
-0.00024963
-0.00024131
-0.00023299
-0.00022466
-0.00021634
-0.00020802
-0.0001997
-0.00019137
-0.00018305
-0.00017473
-0.00016641
-0.00015809
-0.00014976
-0.00014144
-0.00013312
-0.0001248
-0.00011647
-0.00010815
-9.9829e-05
-9.1507e-05
-8.3185e-05
-7.4863e-05
-6.654e-05
-5.8218e-05
-4.9896e-05
-4.1573e-05
-3.3251e-05
-2.4929e-05
-1.6606e-05
-8.2842e-06
3.8134e-08
8.3604e-06
1.6683e-05
2.5005e-05
3.3327e-05
4.165e-05
4.9972e-05
5.8294e-05
6.6617e-05
7.4939e-05
8.3261e-05
9.1583e-05
9.9906e-05
0.00010823
0.00011655
0.00012487
0.00013319
0.00014152
0.00014984
0.00015816
0.00016648
0.00017481
0.00018313
0.00019145
0.00019977
0.0002081
0.00021642
0.00022474
0.00023306
0.00024138
0.00024971
0.00025803
0.00026635
0.00027467
0.000283
0.00029132
0.00029964
0.00030796
0.00031629
0.00032461
0.00033293
0.00034125
0.00034957
0.0003579
0.00036622
0.00037454
0.00038286
0.00039119
0.00039951
0.00040783
0.00041615
0.00042448
0.0004328
0.00044112
0.00044944
0.00045776
0.00046609
0.00047441
0.00048273
0.00049105
0.00049938
0.0005077
0.00051602
0.00052434
0.00053267
0.00054099
0.00054931
0.00055763
0.00056595
0.00057428
0.0005826
0.00059092
0.00059924
0.00060757
0.00061589
0.00062421
0.00063253
0.00064086
0.00064918
0.0006575
0.00066582
0.00067414
0.00068247
0.00069079
0.00069911
0.00070743
0.00071576
0.00072408
0.0007324
0.00074072
0.00074904
0.00075737
0.00076569
0.00077401
0.00078233
0.00079066
0.00079898
0.0008073
0.00081562
0.00082394
0.00083227
0.00084059
0.00084891
0.00085723
0.00086555
0.00087387
0.00088219
0.00089051
0.00089883
0.00090715
0.00091546
0.00092378
0.00093209
0.00094041
0.00094872
0.00095702
0.00096533
0.00097363
0.00098192
0.00099021
0.0009985
0.0010068
0.001015
0.0010233
0.0010315
0.0010398
0.001048
0.0010562
0.0010644
0.0010725
0.0010806
0.0010887
0.0010967
0.0011047
0.0011127
0.0011206
0.0011284
0.0011361
0.0011438
0.0011514
0.0011588
0.0011662
0.0011734
0.0011804
0.0011873
0.001194
0.0012005
0.0012068
0.0012128
0.0012185
0.001224
0.0012291
0.0012338
0.0012382
0.0012421
0.0012456
0.0012486
0.001251
0.0012528
0.001254
0.0012546
0.0012544
0.0012534
0.0012517
0.001249
0.0012454
0.0012408
0.0012353
0.0012285
0.0012207
0.0012115
0.0012013
0.0011894
0.0011765
0.0011617
0.0011459
0.0011278
0.001109
0.0010872
0.0010652
0.0010395
0.0010142
0.00098416
0.00095533
0.00092083
0.00088806
0.00084915
0.00081179
0.00076885
0.00072598
0.0006796
0.00063019
0.00058092
0.00052422
0.0004721
0.00040815
0.00035226
0.00028218
0.00022055
0.00014632
7.655e-05
