-0.00042254
-0.00043946
-0.00043957
-0.00043855
-0.00043745
-0.00043635
-0.00043524
-0.00043413
-0.00043303
-0.00043192
-0.00043081
-0.00042971
-0.0004286
-0.0004275
-0.00042639
-0.00042528
-0.00042418
-0.00042307
-0.00042196
-0.00042086
-0.00041975
-0.00041864
-0.00041754
-0.00041643
-0.00041533
-0.00041422
-0.00041311
-0.00041201
-0.0004109
-0.00040979
-0.00040869
-0.00040758
-0.00040647
-0.00040537
-0.00040426
-0.00040316
-0.00040205
-0.00040094
-0.00039984
-0.00039873
-0.00039762
-0.00039652
-0.00039541
-0.0003943
-0.0003932
-0.00039209
-0.00039099
-0.00038988
-0.00038877
-0.00038767
-0.00038656
-0.00038545
-0.00038435
-0.00038324
-0.00038214
-0.00038103
-0.00037992
-0.00037882
-0.00037771
-0.0003766
-0.0003755
-0.00037439
-0.00037328
-0.00037218
-0.00037107
-0.00036997
-0.00036886
-0.00036775
-0.00036665
-0.00036554
-0.00036443
-0.00036333
-0.00036222
-0.00036111
-0.00036001
-0.0003589
-0.0003578
-0.00035669
-0.00035558
-0.00035448
-0.00035337
-0.00035226
-0.00035116
-0.00035005
-0.00034894
-0.00034784
-0.00034673
-0.00034563
-0.00034452
-0.00034341
-0.00034231
-0.0003412
-0.00034009
-0.00033899
-0.00033788
-0.00033678
-0.00033567
-0.00033456
-0.00033346
-0.00033235
-0.00033124
-0.00033014
-0.00032903
-0.00032792
-0.00032682
-0.00032571
-0.00032461
-0.0003235
-0.00032239
-0.00032129
-0.00032018
-0.00031907
-0.00031797
-0.00031686
-0.00031575
-0.00031465
-0.00031354
-0.00031244
-0.00031133
-0.00031022
-0.00030912
-0.00030801
-0.0003069
-0.0003058
-0.00030469
-0.00030358
-0.00030248
-0.00030137
-0.00030027
-0.00029916
-0.00029805
-0.00029695
-0.00029584
-0.00029473
-0.00029363
-0.00029252
-0.00029142
-0.00029031
-0.0002892
-0.0002881
-0.00028699
-0.00028588
-0.00028478
-0.00028367
-0.00028256
-0.00028146
-0.00028035
-0.00027925
-0.00027814
-0.00027703
-0.00027593
-0.00027482
-0.00027371
-0.00027261
-0.0002715
-0.00027039
-0.00026929
-0.00026818
-0.00026708
-0.00026597
-0.00026486
-0.00026376
-0.00026265
-0.00026154
-0.00026044
-0.00025933
-0.00025822
-0.00025712
-0.00025601
-0.00025491
-0.0002538
-0.00025269
-0.00025159
-0.00025048
-0.00024937
-0.00024827
-0.00024716
-0.00024606
-0.00024495
-0.00024384
-0.00024274
-0.00024163
-0.00024052
-0.00023942
-0.00023831
-0.0002372
-0.0002361
-0.00023499
-0.00023389
-0.00023278
-0.00023167
-0.00023057
-0.00022946
-0.00022835
-0.00022725
-0.00022614
-0.00022503
-0.00022393
-0.00022282
-0.00022172
-0.00022061
-0.0002195
-0.0002184
-0.00021729
-0.00021618
-0.00021508
-0.00021397
-0.00021286
-0.00021176
-0.00021065
-0.00020955
-0.00020844
-0.00020733
-0.00020623
-0.00020512
-0.00020401
-0.00020291
-0.0002018
-0.00020069
-0.00019959
-0.00019848
-0.00019738
-0.00019627
-0.00019516
-0.00019406
-0.00019295
-0.00019184
-0.00019074
-0.00018963
-0.00018853
-0.00018742
-0.00018631
-0.00018521
-0.0001841
-0.00018299
-0.00018189
-0.00018078
-0.00017967
-0.00017857
-0.00017746
-0.00017636
-0.00017525
-0.00017414
-0.00017304
-0.00017193
-0.00017082
-0.00016972
-0.00016861
-0.0001675
-0.0001664
-0.00016529
-0.00016419
-0.00016308
-0.00016197
-0.00016087
-0.00015976
-0.00015865
-0.00015755
-0.00015644
-0.00015533
-0.00015423
-0.00015312
-0.00015202
-0.00015091
-0.0001498
-0.0001487
-0.00014759
-0.00014648
-0.00014538
-0.00014427
-0.00014317
-0.00014206
-0.00014095
-0.00013985
-0.00013874
-0.00013763
-0.00013653
-0.00013542
-0.00013431
-0.00013321
-0.0001321
-0.000131
-0.00012989
-0.00012878
-0.00012768
-0.00012657
-0.00012546
-0.00012436
-0.00012325
-0.00012214
-0.00012104
-0.00011993
-0.00011883
-0.00011772
-0.00011661
-0.00011551
-0.0001144
-0.00011329
-0.00011219
-0.00011108
-0.00010997
-0.00010887
-0.00010776
-0.00010666
-0.00010555
-0.00010444
-0.00010334
-0.00010223
-0.00010112
-0.00010002
-9.8911e-05
-9.7805e-05
-9.6699e-05
-9.5592e-05
-9.4486e-05
-9.338e-05
-9.2273e-05
-9.1167e-05
-9.0061e-05
-8.8954e-05
-8.7848e-05
-8.6742e-05
-8.5635e-05
-8.4529e-05
-8.3423e-05
-8.2316e-05
-8.121e-05
-8.0104e-05
-7.8997e-05
-7.7891e-05
-7.6785e-05
-7.5678e-05
-7.4572e-05
-7.3466e-05
-7.2359e-05
-7.1253e-05
-7.0147e-05
-6.904e-05
-6.7934e-05
-6.6828e-05
-6.5721e-05
-6.4615e-05
-6.3509e-05
-6.2402e-05
-6.1296e-05
-6.019e-05
-5.9083e-05
-5.7977e-05
-5.687e-05
-5.5764e-05
-5.4658e-05
-5.3551e-05
-5.2445e-05
-5.1339e-05
-5.0232e-05
-4.9126e-05
-4.802e-05
-4.6913e-05
-4.5807e-05
-4.4701e-05
-4.3594e-05
-4.2488e-05
-4.1382e-05
-4.0275e-05
-3.9169e-05
-3.8063e-05
-3.6956e-05
-3.585e-05
-3.4744e-05
-3.3637e-05
-3.2531e-05
-3.1425e-05
-3.0318e-05
-2.9212e-05
-2.8106e-05
-2.6999e-05
-2.5893e-05
-2.4787e-05
-2.368e-05
-2.2574e-05
-2.1468e-05
-2.0361e-05
-1.9255e-05
-1.8149e-05
-1.7042e-05
-1.5936e-05
-1.4829e-05
-1.3723e-05
-1.2617e-05
-1.151e-05
-1.0404e-05
-9.2978e-06
-8.1914e-06
-7.0851e-06
-5.9787e-06
-4.8724e-06
-3.7661e-06
-2.6597e-06
-1.5534e-06
-4.4702e-07
6.5932e-07
1.7657e-06
2.872e-06
3.9783e-06
5.0847e-06
6.191e-06
7.2974e-06
8.4037e-06
9.5101e-06
1.0616e-05
1.1723e-05
1.2829e-05
1.3935e-05
1.5042e-05
1.6148e-05
1.7254e-05
1.8361e-05
1.9467e-05
2.0573e-05
2.168e-05
2.2786e-05
2.3893e-05
2.4999e-05
2.6105e-05
2.7212e-05
2.8318e-05
2.9424e-05
3.0531e-05
3.1637e-05
3.2743e-05
3.385e-05
3.4956e-05
3.6062e-05
3.7169e-05
3.8275e-05
3.9381e-05
4.0488e-05
4.1594e-05
4.27e-05
4.3807e-05
4.4913e-05
4.6019e-05
4.7126e-05
4.8232e-05
4.9338e-05
5.0445e-05
5.1551e-05
5.2657e-05
5.3764e-05
5.487e-05
5.5976e-05
5.7083e-05
5.8189e-05
5.9295e-05
6.0402e-05
6.1508e-05
6.2614e-05
6.3721e-05
6.4827e-05
6.5934e-05
6.704e-05
6.8146e-05
6.9253e-05
7.0359e-05
7.1465e-05
7.2572e-05
7.3678e-05
7.4784e-05
7.5891e-05
7.6997e-05
7.8103e-05
7.921e-05
8.0316e-05
8.1422e-05
8.2529e-05
8.3635e-05
8.4741e-05
8.5848e-05
8.6954e-05
8.806e-05
8.9167e-05
9.0273e-05
9.1379e-05
9.2486e-05
9.3592e-05
9.4698e-05
9.5805e-05
9.6911e-05
9.8017e-05
9.9124e-05
0.00010023
0.00010134
0.00010244
0.00010355
0.00010466
0.00010576
0.00010687
0.00010797
0.00010908
0.00011019
0.00011129
0.0001124
0.00011351
0.00011461
0.00011572
0.00011683
0.00011793
0.00011904
0.00012014
0.00012125
0.00012236
0.00012346
0.00012457
0.00012568
0.00012678
0.00012789
0.000129
0.0001301
0.00013121
0.00013231
0.00013342
0.00013453
0.00013563
0.00013674
0.00013785
0.00013895
0.00014006
0.00014116
0.00014227
0.00014338
0.00014448
0.00014559
0.0001467
0.0001478
0.00014891
0.00015002
0.00015112
0.00015223
0.00015333
0.00015444
0.00015555
0.00015665
0.00015776
0.00015887
0.00015997
0.00016108
0.00016219
0.00016329
0.0001644
0.0001655
0.00016661
0.00016772
0.00016882
0.00016993
0.00017104
0.00017214
0.00017325
0.00017436
0.00017546
0.00017657
0.00017767
0.00017878
0.00017989
0.00018099
0.0001821
0.00018321
0.00018431
0.00018542
0.00018652
0.00018763
0.00018874
0.00018984
0.00019095
0.00019206
0.00019316
0.00019427
0.00019538
0.00019648
0.00019759
0.00019869
0.0001998
0.00020091
0.00020201
0.00020312
0.00020423
0.00020533
0.00020644
0.00020755
0.00020865
0.00020976
0.00021086
0.00021197
0.00021308
0.00021418
0.00021529
0.0002164
0.0002175
0.00021861
0.00021972
0.00022082
0.00022193
0.00022303
0.00022414
0.00022525
0.00022635
0.00022746
0.00022857
0.00022967
0.00023078
0.00023188
0.00023299
0.0002341
0.0002352
0.00023631
0.00023742
0.00023852
0.00023963
0.00024074
0.00024184
0.00024295
0.00024405
0.00024516
0.00024627
0.00024737
0.00024848
0.00024959
0.00025069
0.0002518
0.00025291
0.00025401
0.00025512
0.00025622
0.00025733
0.00025844
0.00025954
0.00026065
0.00026176
0.00026286
0.00026397
0.00026508
0.00026618
0.00026729
0.00026839
0.0002695
0.00027061
0.00027171
0.00027282
0.00027393
0.00027503
0.00027614
0.00027724
0.00027835
0.00027946
0.00028056
0.00028167
0.00028278
0.00028388
0.00028499
0.0002861
0.0002872
0.00028831
0.00028941
0.00029052
0.00029163
0.00029273
0.00029384
0.00029495
0.00029605
0.00029716
0.00029827
0.00029937
0.00030048
0.00030158
0.00030269
0.0003038
0.0003049
0.00030601
0.00030712
0.00030822
0.00030933
0.00031044
0.00031154
0.00031265
0.00031375
0.00031486
0.00031597
0.00031707
0.00031818
0.00031929
0.00032039
0.0003215
0.0003226
0.00032371
0.00032482
0.00032592
0.00032703
0.00032814
0.00032924
0.00033035
0.00033146
0.00033256
0.00033367
0.00033477
0.00033588
0.00033699
0.00033809
0.0003392
0.00034031
0.00034141
0.00034252
0.00034363
0.00034473
0.00034584
0.00034694
0.00034805
0.00034916
0.00035026
0.00035137
0.00035248
0.00035358
0.00035469
0.0003558
0.0003569
0.00035801
0.00035911
0.00036022
0.00036133
0.00036243
0.00036354
0.00036465
0.00036575
0.00036686
0.00036796
0.00036907
0.00037018
0.00037128
0.00037239
0.0003735
0.0003746
0.00037571
0.00037682
0.00037792
0.00037903
0.00038013
0.00038124
0.00038234
0.00038345
0.00038455
0.00038566
0.00038676
0.00038786
0.00038895
0.00039004
0.00039113
0.00039221
0.00039328
0.00039434
0.00039538
0.0003964
0.00039739
0.00039835
0.00039927
0.00040013
0.00040092
0.00040162
0.00040223
0.0004027
0.00040303
0.00040315
0.0004031
0.00040272
0.00040214
0.0004011
0.00039976
0.00039791
0.00039547
0.00039269
0.00038873
0.00038492
0.00037899
0.00037398
0.0003657
0.00035922
0.00034835
0.00033996
0.00032652
0.00031564
0.00029982
0.00028587
0.00026796
0.0002505
0.00023073
0.00020963
0.00018805
0.00016361
0.00014007
0.00011295
8.7155e-05
5.8219e-05
2.9951e-05
