-9.8699e-06
-1.9255e-05
-2.8464e-05
-3.7007e-05
-4.5568e-05
-5.331e-05
-6.123e-05
-6.8221e-05
-7.5499e-05
-8.1798e-05
-8.8428e-05
-9.4097e-05
-0.00010007
-0.00010518
-0.00011049
-0.0001151
-0.00011976
-0.00012393
-0.00012793
-0.00013172
-0.00013509
-0.00013853
-0.00014131
-0.00014442
-0.00014667
-0.00014946
-0.00015124
-0.00015372
-0.0001551
-0.00015726
-0.00015832
-0.00016014
-0.00016095
-0.00016244
-0.00016307
-0.00016423
-0.00016472
-0.00016558
-0.00016595
-0.00016654
-0.00016682
-0.00016717
-0.00016736
-0.00016752
-0.00016763
-0.00016764
-0.00016766
-0.00016756
-0.00016749
-0.00016731
-0.00016716
-0.00016691
-0.00016669
-0.0001664
-0.00016612
-0.00016579
-0.00016546
-0.0001651
-0.00016473
-0.00016435
-0.00016395
-0.00016354
-0.00016312
-0.0001627
-0.00016226
-0.00016182
-0.00016137
-0.00016092
-0.00016046
-0.00016
-0.00015954
-0.00015907
-0.0001586
-0.00015813
-0.00015766
-0.00015718
-0.00015671
-0.00015623
-0.00015575
-0.00015527
-0.00015479
-0.00015431
-0.00015382
-0.00015334
-0.00015286
-0.00015238
-0.00015189
-0.00015141
-0.00015093
-0.00015044
-0.00014996
-0.00014947
-0.00014899
-0.00014851
-0.00014802
-0.00014754
-0.00014705
-0.00014657
-0.00014608
-0.0001456
-0.00014512
-0.00014463
-0.00014415
-0.00014366
-0.00014318
-0.00014269
-0.00014221
-0.00014172
-0.00014124
-0.00014075
-0.00014027
-0.00013979
-0.0001393
-0.00013882
-0.00013833
-0.00013785
-0.00013736
-0.00013688
-0.00013639
-0.00013591
-0.00013542
-0.00013494
-0.00013446
-0.00013397
-0.00013349
-0.000133
-0.00013252
-0.00013203
-0.00013155
-0.00013106
-0.00013058
-0.0001301
-0.00012961
-0.00012913
-0.00012864
-0.00012816
-0.00012767
-0.00012719
-0.0001267
-0.00012622
-0.00012573
-0.00012525
-0.00012477
-0.00012428
-0.0001238
-0.00012331
-0.00012283
-0.00012234
-0.00012186
-0.00012137
-0.00012089
-0.0001204
-0.00011992
-0.00011944
-0.00011895
-0.00011847
-0.00011798
-0.0001175
-0.00011701
-0.00011653
-0.00011604
-0.00011556
-0.00011507
-0.00011459
-0.00011411
-0.00011362
-0.00011314
-0.00011265
-0.00011217
-0.00011168
-0.0001112
-0.00011071
-0.00011023
-0.00010975
-0.00010926
-0.00010878
-0.00010829
-0.00010781
-0.00010732
-0.00010684
-0.00010635
-0.00010587
-0.00010538
-0.0001049
-0.00010442
-0.00010393
-0.00010345
-0.00010296
-0.00010248
-0.00010199
-0.00010151
-0.00010102
-0.00010054
-0.00010005
-9.957e-05
-9.9085e-05
-9.8601e-05
-9.8116e-05
-9.7632e-05
-9.7147e-05
-9.6663e-05
-9.6178e-05
-9.5694e-05
-9.5209e-05
-9.4725e-05
-9.424e-05
-9.3756e-05
-9.3271e-05
-9.2787e-05
-9.2302e-05
-9.1818e-05
-9.1333e-05
-9.0849e-05
-9.0364e-05
-8.9879e-05
-8.9395e-05
-8.891e-05
-8.8426e-05
-8.7941e-05
-8.7457e-05
-8.6972e-05
-8.6488e-05
-8.6003e-05
-8.5519e-05
-8.5034e-05
-8.455e-05
-8.4065e-05
-8.3581e-05
-8.3096e-05
-8.2612e-05
-8.2127e-05
-8.1643e-05
-8.1158e-05
-8.0674e-05
-8.0189e-05
-7.9704e-05
-7.922e-05
-7.8735e-05
-7.8251e-05
-7.7766e-05
-7.7282e-05
-7.6797e-05
-7.6313e-05
-7.5828e-05
-7.5344e-05
-7.4859e-05
-7.4375e-05
-7.389e-05
-7.3406e-05
-7.2921e-05
-7.2437e-05
-7.1952e-05
-7.1468e-05
-7.0983e-05
-7.0498e-05
-7.0014e-05
-6.9529e-05
-6.9045e-05
-6.856e-05
-6.8076e-05
-6.7591e-05
-6.7107e-05
-6.6622e-05
-6.6138e-05
-6.5653e-05
-6.5169e-05
-6.4684e-05
-6.42e-05
-6.3715e-05
-6.3231e-05
-6.2746e-05
-6.2262e-05
-6.1777e-05
-6.1292e-05
-6.0808e-05
-6.0323e-05
-5.9839e-05
-5.9354e-05
-5.887e-05
-5.8385e-05
-5.7901e-05
-5.7416e-05
-5.6932e-05
-5.6447e-05
-5.5963e-05
-5.5478e-05
-5.4994e-05
-5.4509e-05
-5.4025e-05
-5.354e-05
-5.3056e-05
-5.2571e-05
-5.2086e-05
-5.1602e-05
-5.1117e-05
-5.0633e-05
-5.0148e-05
-4.9664e-05
-4.9179e-05
-4.8695e-05
-4.821e-05
-4.7726e-05
-4.7241e-05
-4.6757e-05
-4.6272e-05
-4.5788e-05
-4.5303e-05
-4.4819e-05
-4.4334e-05
-4.385e-05
-4.3365e-05
-4.2881e-05
-4.2396e-05
-4.1911e-05
-4.1427e-05
-4.0942e-05
-4.0458e-05
-3.9973e-05
-3.9489e-05
-3.9004e-05
-3.852e-05
-3.8035e-05
-3.7551e-05
-3.7066e-05
-3.6582e-05
-3.6097e-05
-3.5613e-05
-3.5128e-05
-3.4644e-05
-3.4159e-05
-3.3675e-05
-3.319e-05
-3.2705e-05
-3.2221e-05
-3.1736e-05
-3.1252e-05
-3.0767e-05
-3.0283e-05
-2.9798e-05
-2.9314e-05
-2.8829e-05
-2.8345e-05
-2.786e-05
-2.7376e-05
-2.6891e-05
-2.6407e-05
-2.5922e-05
-2.5438e-05
-2.4953e-05
-2.4469e-05
-2.3984e-05
-2.3499e-05
-2.3015e-05
-2.253e-05
-2.2046e-05
-2.1561e-05
-2.1077e-05
-2.0592e-05
-2.0108e-05
-1.9623e-05
-1.9139e-05
-1.8654e-05
-1.817e-05
-1.7685e-05
-1.7201e-05
-1.6716e-05
-1.6232e-05
-1.5747e-05
-1.5263e-05
-1.4778e-05
-1.4294e-05
-1.3809e-05
-1.3324e-05
-1.284e-05
-1.2355e-05
-1.1871e-05
-1.1386e-05
-1.0902e-05
-1.0417e-05
-9.9328e-06
-9.4482e-06
-8.9637e-06
-8.4792e-06
-7.9947e-06
-7.5101e-06
-7.0256e-06
-6.5411e-06
-6.0566e-06
-5.572e-06
-5.0875e-06
-4.603e-06
-4.1185e-06
-3.6339e-06
-3.1494e-06
-2.6649e-06
-2.1804e-06
-1.6958e-06
-1.2113e-06
-7.2679e-07
-2.4226e-07
2.4226e-07
7.2679e-07
1.2113e-06
1.6958e-06
2.1804e-06
2.6649e-06
3.1494e-06
3.6339e-06
4.1185e-06
4.603e-06
5.0875e-06
5.572e-06
6.0566e-06
6.5411e-06
7.0256e-06
7.5101e-06
7.9947e-06
8.4792e-06
8.9637e-06
9.4482e-06
9.9328e-06
1.0417e-05
1.0902e-05
1.1386e-05
1.1871e-05
1.2355e-05
1.284e-05
1.3324e-05
1.3809e-05
1.4294e-05
1.4778e-05
1.5263e-05
1.5747e-05
1.6232e-05
1.6716e-05
1.7201e-05
1.7685e-05
1.817e-05
1.8654e-05
1.9139e-05
1.9623e-05
2.0108e-05
2.0592e-05
2.1077e-05
2.1561e-05
2.2046e-05
2.253e-05
2.3015e-05
2.3499e-05
2.3984e-05
2.4469e-05
2.4953e-05
2.5438e-05
2.5922e-05
2.6407e-05
2.6891e-05
2.7376e-05
2.786e-05
2.8345e-05
2.8829e-05
2.9314e-05
2.9798e-05
3.0283e-05
3.0767e-05
3.1252e-05
3.1736e-05
3.2221e-05
3.2705e-05
3.319e-05
3.3675e-05
3.4159e-05
3.4644e-05
3.5128e-05
3.5613e-05
3.6097e-05
3.6582e-05
3.7066e-05
3.7551e-05
3.8035e-05
3.852e-05
3.9004e-05
3.9489e-05
3.9973e-05
4.0458e-05
4.0942e-05
4.1427e-05
4.1911e-05
4.2396e-05
4.2881e-05
4.3365e-05
4.385e-05
4.4334e-05
4.4819e-05
4.5303e-05
4.5788e-05
4.6272e-05
4.6757e-05
4.7241e-05
4.7726e-05
4.821e-05
4.8695e-05
4.9179e-05
4.9664e-05
5.0148e-05
5.0633e-05
5.1117e-05
5.1602e-05
5.2086e-05
5.2571e-05
5.3056e-05
5.354e-05
5.4025e-05
5.4509e-05
5.4994e-05
5.5478e-05
5.5963e-05
5.6447e-05
5.6932e-05
5.7416e-05
5.7901e-05
5.8385e-05
5.887e-05
5.9354e-05
5.9839e-05
6.0323e-05
6.0808e-05
6.1292e-05
6.1777e-05
6.2262e-05
6.2746e-05
6.3231e-05
6.3715e-05
6.42e-05
6.4684e-05
6.5169e-05
6.5653e-05
6.6138e-05
6.6622e-05
6.7107e-05
6.7591e-05
6.8076e-05
6.856e-05
6.9045e-05
6.9529e-05
7.0014e-05
7.0498e-05
7.0983e-05
7.1468e-05
7.1952e-05
7.2437e-05
7.2921e-05
7.3406e-05
7.389e-05
7.4375e-05
7.4859e-05
7.5344e-05
7.5828e-05
7.6313e-05
7.6797e-05
7.7282e-05
7.7766e-05
7.8251e-05
7.8735e-05
7.922e-05
7.9704e-05
8.0189e-05
8.0674e-05
8.1158e-05
8.1643e-05
8.2127e-05
8.2612e-05
8.3096e-05
8.3581e-05
8.4065e-05
8.455e-05
8.5034e-05
8.5519e-05
8.6003e-05
8.6488e-05
8.6972e-05
8.7457e-05
8.7941e-05
8.8426e-05
8.891e-05
8.9395e-05
8.9879e-05
9.0364e-05
9.0849e-05
9.1333e-05
9.1818e-05
9.2302e-05
9.2787e-05
9.3271e-05
9.3756e-05
9.424e-05
9.4725e-05
9.5209e-05
9.5694e-05
9.6178e-05
9.6663e-05
9.7147e-05
9.7632e-05
9.8116e-05
9.8601e-05
9.9085e-05
9.957e-05
0.00010005
0.00010054
0.00010102
0.00010151
0.00010199
0.00010248
0.00010296
0.00010345
0.00010393
0.00010442
0.0001049
0.00010538
0.00010587
0.00010635
0.00010684
0.00010732
0.00010781
0.00010829
0.00010878
0.00010926
0.00010975
0.00011023
0.00011071
0.0001112
0.00011168
0.00011217
0.00011265
0.00011314
0.00011362
0.00011411
0.00011459
0.00011507
0.00011556
0.00011604
0.00011653
0.00011701
0.0001175
0.00011798
0.00011847
0.00011895
0.00011944
0.00011992
0.0001204
0.00012089
0.00012137
0.00012186
0.00012234
0.00012283
0.00012331
0.0001238
0.00012428
0.00012477
0.00012525
0.00012573
0.00012622
0.0001267
0.00012719
0.00012767
0.00012816
0.00012864
0.00012913
0.00012961
0.0001301
0.00013058
0.00013106
0.00013155
0.00013203
0.00013252
0.000133
0.00013349
0.00013397
0.00013446
0.00013494
0.00013542
0.00013591
0.00013639
0.00013688
0.00013736
0.00013785
0.00013833
0.00013882
0.0001393
0.00013979
0.00014027
0.00014075
0.00014124
0.00014172
0.00014221
0.00014269
0.00014318
0.00014366
0.00014415
0.00014463
0.00014512
0.0001456
0.00014608
0.00014657
0.00014705
0.00014754
0.00014802
0.00014851
0.00014899
0.00014947
0.00014996
0.00015044
0.00015093
0.00015141
0.00015189
0.00015238
0.00015286
0.00015334
0.00015382
0.00015431
0.00015479
0.00015527
0.00015575
0.00015623
0.00015671
0.00015718
0.00015766
0.00015813
0.0001586
0.00015907
0.00015954
0.00016
0.00016046
0.00016092
0.00016137
0.00016182
0.00016226
0.0001627
0.00016312
0.00016354
0.00016395
0.00016435
0.00016473
0.0001651
0.00016546
0.00016579
0.00016612
0.0001664
0.00016669
0.00016691
0.00016716
0.00016731
0.00016749
0.00016756
0.00016766
0.00016764
0.00016763
0.00016752
0.00016736
0.00016717
0.00016682
0.00016654
0.00016595
0.00016558
0.00016472
0.00016423
0.00016307
0.00016244
0.00016095
0.00016014
0.00015832
0.00015726
0.0001551
0.00015372
0.00015124
0.00014946
0.00014667
0.00014442
0.00014131
0.00013853
0.00013509
0.00013172
0.00012793
0.00012393
0.00011976
0.0001151
0.00011049
0.00010518
0.00010007
9.4097e-05
8.8428e-05
8.1798e-05
7.5499e-05
6.8221e-05
6.123e-05
5.331e-05
4.5568e-05
3.7007e-05
2.8464e-05
1.9255e-05
9.8699e-06
