-0.00039175
-0.00039343
-0.00038954
-0.00038555
-0.00038155
-0.00037756
-0.00037356
-0.00036956
-0.00036557
-0.00036157
-0.00035757
-0.00035358
-0.00034958
-0.00034558
-0.00034159
-0.00033759
-0.00033359
-0.0003296
-0.0003256
-0.0003216
-0.00031761
-0.00031361
-0.00030961
-0.00030562
-0.00030162
-0.00029763
-0.00029363
-0.00028963
-0.00028564
-0.00028164
-0.00027764
-0.00027365
-0.00026965
-0.00026565
-0.00026166
-0.00025766
-0.00025366
-0.00024967
-0.00024567
-0.00024167
-0.00023768
-0.00023368
-0.00022968
-0.00022569
-0.00022169
-0.00021769
-0.0002137
-0.0002097
-0.0002057
-0.00020171
-0.00019771
-0.00019371
-0.00018972
-0.00018572
-0.00018173
-0.00017773
-0.00017373
-0.00016974
-0.00016574
-0.00016174
-0.00015775
-0.00015375
-0.00014975
-0.00014576
-0.00014176
-0.00013776
-0.00013377
-0.00012977
-0.00012577
-0.00012178
-0.00011778
-0.00011378
-0.00010979
-0.00010579
-0.00010179
-9.7797e-05
-9.3801e-05
-8.9804e-05
-8.5808e-05
-8.1811e-05
-7.7815e-05
-7.3818e-05
-6.9822e-05
-6.5825e-05
-6.1828e-05
-5.7832e-05
-5.3835e-05
-4.9839e-05
-4.5842e-05
-4.1846e-05
-3.7849e-05
-3.3853e-05
-2.9856e-05
-2.5859e-05
-2.1863e-05
-1.7866e-05
-1.387e-05
-9.8732e-06
-5.8766e-06
-1.8801e-06
2.1165e-06
6.1131e-06
1.011e-05
1.4106e-05
1.8103e-05
2.2099e-05
2.6096e-05
3.0092e-05
3.4089e-05
3.8086e-05
4.2082e-05
4.6079e-05
5.0075e-05
5.4072e-05
5.8068e-05
6.2065e-05
6.6061e-05
7.0058e-05
7.4055e-05
7.8051e-05
8.2048e-05
8.6044e-05
9.0041e-05
9.4037e-05
9.8034e-05
0.00010203
0.00010603
0.00011002
0.00011402
0.00011802
0.00012201
0.00012601
0.00013001
0.000134
0.000138
0.000142
0.00014599
0.00014999
0.00015399
0.00015798
0.00016198
0.00016598
0.00016997
0.00017397
0.00017797
0.00018196
0.00018596
0.00018995
0.00019395
0.00019795
0.00020194
0.00020594
0.00020994
0.00021393
0.00021793
0.00022193
0.00022592
0.00022992
0.00023392
0.00023791
0.00024191
0.00024591
0.0002499
0.0002539
0.0002579
0.00026189
0.00026589
0.00026989
0.00027388
0.00027788
0.00028188
0.00028587
0.00028987
0.00029387
0.00029786
0.00030186
0.00030585
0.00030985
0.00031385
0.00031784
0.00032184
0.00032584
0.00032983
0.00033383
0.00033783
0.00034182
0.00034582
0.00034982
0.00035381
0.00035781
0.00036167
0.00036417
0.00036157
0.00035499
0.00034692
0.00031393
0.00028501
0.00023473
0.00016578
9.3518e-05
