-0.0010751
-0.0011727
-0.0011838
-0.001181
-0.0011757
-0.0011698
-0.0011638
-0.0011578
-0.0011518
-0.0011457
-0.0011397
-0.0011337
-0.0011277
-0.0011216
-0.0011156
-0.0011096
-0.0011036
-0.0010976
-0.0010915
-0.0010855
-0.0010795
-0.0010735
-0.0010674
-0.0010614
-0.0010554
-0.0010494
-0.0010433
-0.0010373
-0.0010313
-0.0010253
-0.0010193
-0.0010132
-0.0010072
-0.0010012
-0.00099517
-0.00098914
-0.00098312
-0.0009771
-0.00097107
-0.00096505
-0.00095903
-0.00095301
-0.00094698
-0.00094096
-0.00093494
-0.00092891
-0.00092289
-0.00091687
-0.00091085
-0.00090482
-0.0008988
-0.00089278
-0.00088676
-0.00088073
-0.00087471
-0.00086869
-0.00086266
-0.00085664
-0.00085062
-0.0008446
-0.00083857
-0.00083255
-0.00082653
-0.0008205
-0.00081448
-0.00080846
-0.00080244
-0.00079641
-0.00079039
-0.00078437
-0.00077834
-0.00077232
-0.0007663
-0.00076028
-0.00075425
-0.00074823
-0.00074221
-0.00073618
-0.00073016
-0.00072414
-0.00071812
-0.00071209
-0.00070607
-0.00070005
-0.00069403
-0.000688
-0.00068198
-0.00067596
-0.00066993
-0.00066391
-0.00065789
-0.00065187
-0.00064584
-0.00063982
-0.0006338
-0.00062777
-0.00062175
-0.00061573
-0.00060971
-0.00060368
-0.00059766
-0.00059164
-0.00058561
-0.00057959
-0.00057357
-0.00056755
-0.00056152
-0.0005555
-0.00054948
-0.00054345
-0.00053743
-0.00053141
-0.00052539
-0.00051936
-0.00051334
-0.00050732
-0.0005013
-0.00049527
-0.00048925
-0.00048323
-0.0004772
-0.00047118
-0.00046516
-0.00045914
-0.00045311
-0.00044709
-0.00044107
-0.00043504
-0.00042902
-0.000423
-0.00041698
-0.00041095
-0.00040493
-0.00039891
-0.00039288
-0.00038686
-0.00038084
-0.00037482
-0.00036879
-0.00036277
-0.00035675
-0.00035072
-0.0003447
-0.00033868
-0.00033266
-0.00032663
-0.00032061
-0.00031459
-0.00030857
-0.00030254
-0.00029652
-0.0002905
-0.00028447
-0.00027845
-0.00027243
-0.00026641
-0.00026038
-0.00025436
-0.00024834
-0.00024231
-0.00023629
-0.00023027
-0.00022425
-0.00021822
-0.0002122
-0.00020618
-0.00020015
-0.00019413
-0.00018811
-0.00018209
-0.00017606
-0.00017004
-0.00016402
-0.00015799
-0.00015197
-0.00014595
-0.00013993
-0.0001339
-0.00012788
-0.00012186
-0.00011584
-0.00010981
-0.00010379
-9.7767e-05
-9.1744e-05
-8.5721e-05
-7.9698e-05
-7.3676e-05
-6.7653e-05
-6.163e-05
-5.5607e-05
-4.9584e-05
-4.3561e-05
-3.7539e-05
-3.1516e-05
-2.5493e-05
-1.947e-05
-1.3447e-05
-7.4246e-06
-1.4018e-06
4.621e-06
1.0644e-05
1.6667e-05
2.2689e-05
2.8712e-05
3.4735e-05
4.0758e-05
4.6781e-05
5.2804e-05
5.8826e-05
6.4849e-05
7.0872e-05
7.6895e-05
8.2918e-05
8.894e-05
9.4963e-05
0.00010099
0.00010701
0.00011303
0.00011905
0.00012508
0.0001311
0.00013712
0.00014315
0.00014917
0.00015519
0.00016121
0.00016724
0.00017326
0.00017928
0.00018531
0.00019133
0.00019735
0.00020337
0.0002094
0.00021542
0.00022144
0.00022747
0.00023349
0.00023951
0.00024553
0.00025156
0.00025758
0.0002636
0.00026962
0.00027565
0.00028167
0.00028769
0.00029372
0.00029974
0.00030576
0.00031178
0.00031781
0.00032383
0.00032985
0.00033588
0.0003419
0.00034792
0.00035394
0.00035997
0.00036599
0.00037201
0.00037804
0.00038406
0.00039008
0.0003961
0.00040213
0.00040815
0.00041417
0.0004202
0.00042622
0.00043224
0.00043826
0.00044429
0.00045031
0.00045633
0.00046235
0.00046838
0.0004744
0.00048042
0.00048645
0.00049247
0.00049849
0.00050451
0.00051054
0.00051656
0.00052258
0.00052861
0.00053463
0.00054065
0.00054667
0.0005527
0.00055872
0.00056474
0.00057077
0.00057679
0.00058281
0.00058883
0.00059486
0.00060088
0.0006069
0.00061293
0.00061895
0.00062497
0.00063099
0.00063702
0.00064304
0.00064906
0.00065508
0.00066111
0.00066713
0.00067315
0.00067918
0.0006852
0.00069122
0.00069724
0.00070327
0.00070929
0.00071531
0.00072134
0.00072736
0.00073338
0.0007394
0.00074543
0.00075145
0.00075747
0.00076349
0.00076952
0.00077554
0.00078156
0.00078758
0.00079361
0.00079963
0.00080565
0.00081167
0.00081768
0.0008237
0.00082972
0.00083573
0.00084174
0.00084774
0.00085374
0.00085973
0.00086571
0.00087168
0.00087763
0.00088357
0.00088947
0.00089535
0.00090119
0.00090699
0.00091273
0.0009184
0.00092398
0.00092947
0.00093484
0.00094007
0.00094513
0.00095
0.00095464
0.000959
0.00096306
0.00096676
0.00097005
0.00097287
0.00097515
0.00097684
0.00097783
0.00097811
0.00097746
0.000976
0.00097331
0.00096979
0.00096457
0.00095867
0.00095036
0.00094178
0.00092974
0.00091823
0.00090179
0.00088712
0.00086559
0.00084753
0.00082034
0.00079857
0.00076535
0.00073938
0.00070007
0.00066917
0.00062411
0.00058735
0.00053709
0.00049358
0.00043865
0.00038779
0.00032843
0.00027015
0.00020613
0.00014087
7.1699e-05
