-1.2363e-06
-2.4454e-06
-3.635e-06
-4.7925e-06
-5.9344e-06
-7.0406e-06
-8.1334e-06
-9.189e-06
-1.0231e-05
-1.1237e-05
-1.2227e-05
-1.3185e-05
-1.4121e-05
-1.5032e-05
-1.5912e-05
-1.6779e-05
-1.7602e-05
-1.8425e-05
-1.9191e-05
-1.9972e-05
-2.068e-05
-2.1421e-05
-2.2072e-05
-2.2772e-05
-2.3367e-05
-2.4029e-05
-2.4569e-05
-2.5192e-05
-2.5681e-05
-2.6264e-05
-2.6706e-05
-2.7248e-05
-2.7646e-05
-2.8148e-05
-2.8505e-05
-2.8966e-05
-2.9288e-05
-2.9707e-05
-2.9998e-05
-3.0375e-05
-3.0638e-05
-3.0974e-05
-3.1213e-05
-3.1509e-05
-3.1726e-05
-3.1984e-05
-3.2182e-05
-3.2404e-05
-3.2584e-05
-3.2772e-05
-3.2936e-05
-3.3095e-05
-3.3242e-05
-3.3374e-05
-3.3506e-05
-3.3615e-05
-3.3731e-05
-3.3822e-05
-3.3922e-05
-3.3996e-05
-3.4082e-05
-3.4142e-05
-3.4214e-05
-3.4263e-05
-3.4321e-05
-3.4361e-05
-3.4407e-05
-3.4438e-05
-3.4474e-05
-3.4498e-05
-3.4523e-05
-3.4542e-05
-3.4559e-05
-3.4572e-05
-3.4582e-05
-3.459e-05
-3.4594e-05
-3.4597e-05
-3.4597e-05
-3.4596e-05
-3.4592e-05
-3.4587e-05
-3.458e-05
-3.4572e-05
-3.4562e-05
-3.4551e-05
-3.4539e-05
-3.4526e-05
-3.4512e-05
-3.4497e-05
-3.4482e-05
-3.4465e-05
-3.4448e-05
-3.4431e-05
-3.4413e-05
-3.4394e-05
-3.4375e-05
-3.4355e-05
-3.4336e-05
-3.4315e-05
-3.4295e-05
-3.4274e-05
-3.4253e-05
-3.4232e-05
-3.4211e-05
-3.4189e-05
-3.4167e-05
-3.4146e-05
-3.4124e-05
-3.4102e-05
-3.4079e-05
-3.4057e-05
-3.4035e-05
-3.4013e-05
-3.399e-05
-3.3968e-05
-3.3945e-05
-3.3922e-05
-3.39e-05
-3.3877e-05
-3.3854e-05
-3.3832e-05
-3.3809e-05
-3.3786e-05
-3.3763e-05
-3.3741e-05
-3.3718e-05
-3.3695e-05
-3.3672e-05
-3.3649e-05
-3.3627e-05
-3.3604e-05
-3.3581e-05
-3.3558e-05
-3.3535e-05
-3.3512e-05
-3.3489e-05
-3.3467e-05
-3.3444e-05
-3.3421e-05
-3.3398e-05
-3.3375e-05
-3.3352e-05
-3.3329e-05
-3.3306e-05
-3.3284e-05
-3.3261e-05
-3.3238e-05
-3.3215e-05
-3.3192e-05
-3.3169e-05
-3.3146e-05
-3.3123e-05
-3.3101e-05
-3.3078e-05
-3.3055e-05
-3.3032e-05
-3.3009e-05
-3.2986e-05
-3.2963e-05
-3.294e-05
-3.2917e-05
-3.2895e-05
-3.2872e-05
-3.2849e-05
-3.2826e-05
-3.2803e-05
-3.278e-05
-3.2757e-05
-3.2734e-05
-3.2712e-05
-3.2689e-05
-3.2666e-05
-3.2643e-05
-3.262e-05
-3.2597e-05
-3.2574e-05
-3.2551e-05
-3.2528e-05
-3.2506e-05
-3.2483e-05
-3.246e-05
-3.2437e-05
-3.2414e-05
-3.2391e-05
-3.2368e-05
-3.2345e-05
-3.2322e-05
-3.23e-05
-3.2277e-05
-3.2254e-05
-3.2231e-05
-3.2208e-05
-3.2185e-05
-3.2162e-05
-3.2139e-05
-3.2117e-05
-3.2094e-05
-3.2071e-05
-3.2048e-05
-3.2025e-05
-3.2002e-05
-3.1979e-05
-3.1956e-05
-3.1933e-05
-3.1911e-05
-3.1888e-05
-3.1865e-05
-3.1842e-05
-3.1819e-05
-3.1796e-05
-3.1773e-05
-3.175e-05
-3.1728e-05
-3.1705e-05
-3.1682e-05
-3.1659e-05
-3.1636e-05
-3.1613e-05
-3.159e-05
-3.1567e-05
-3.1544e-05
-3.1522e-05
-3.1499e-05
-3.1476e-05
-3.1453e-05
-3.143e-05
-3.1407e-05
-3.1384e-05
-3.1361e-05
-3.1339e-05
-3.1316e-05
-3.1293e-05
-3.127e-05
-3.1247e-05
-3.1224e-05
-3.1201e-05
-3.1178e-05
-3.1155e-05
-3.1133e-05
-3.111e-05
-3.1087e-05
-3.1064e-05
-3.1041e-05
-3.1018e-05
-3.0995e-05
-3.0972e-05
-3.0949e-05
-3.0927e-05
-3.0904e-05
-3.0881e-05
-3.0858e-05
-3.0835e-05
-3.0812e-05
-3.0789e-05
-3.0766e-05
-3.0744e-05
-3.0721e-05
-3.0698e-05
-3.0675e-05
-3.0652e-05
-3.0629e-05
-3.0606e-05
-3.0583e-05
-3.056e-05
-3.0538e-05
-3.0515e-05
-3.0492e-05
-3.0469e-05
-3.0446e-05
-3.0423e-05
-3.04e-05
-3.0377e-05
-3.0355e-05
-3.0332e-05
-3.0309e-05
-3.0286e-05
-3.0263e-05
-3.024e-05
-3.0217e-05
-3.0194e-05
-3.0171e-05
-3.0149e-05
-3.0126e-05
-3.0103e-05
-3.008e-05
-3.0057e-05
-3.0034e-05
-3.0011e-05
-2.9988e-05
-2.9966e-05
-2.9943e-05
-2.992e-05
-2.9897e-05
-2.9874e-05
-2.9851e-05
-2.9828e-05
-2.9805e-05
-2.9782e-05
-2.976e-05
-2.9737e-05
-2.9714e-05
-2.9691e-05
-2.9668e-05
-2.9645e-05
-2.9622e-05
-2.9599e-05
-2.9577e-05
-2.9554e-05
-2.9531e-05
-2.9508e-05
-2.9485e-05
-2.9462e-05
-2.9439e-05
-2.9416e-05
-2.9393e-05
-2.9371e-05
-2.9348e-05
-2.9325e-05
-2.9302e-05
-2.9279e-05
-2.9256e-05
-2.9233e-05
-2.921e-05
-2.9187e-05
-2.9165e-05
-2.9142e-05
-2.9119e-05
-2.9096e-05
-2.9073e-05
-2.905e-05
-2.9027e-05
-2.9004e-05
-2.8982e-05
-2.8959e-05
-2.8936e-05
-2.8913e-05
-2.889e-05
-2.8867e-05
-2.8844e-05
-2.8821e-05
-2.8798e-05
-2.8776e-05
-2.8753e-05
-2.873e-05
-2.8707e-05
-2.8684e-05
-2.8661e-05
-2.8638e-05
-2.8615e-05
-2.8593e-05
-2.857e-05
-2.8547e-05
-2.8524e-05
-2.8501e-05
-2.8478e-05
-2.8455e-05
-2.8432e-05
-2.8409e-05
-2.8387e-05
-2.8364e-05
-2.8341e-05
-2.8318e-05
-2.8295e-05
-2.8272e-05
-2.8249e-05
-2.8226e-05
-2.8204e-05
-2.8181e-05
-2.8158e-05
-2.8135e-05
-2.8112e-05
-2.8089e-05
-2.8066e-05
-2.8043e-05
-2.802e-05
-2.7998e-05
-2.7975e-05
-2.7952e-05
-2.7929e-05
-2.7906e-05
-2.7883e-05
-2.786e-05
-2.7837e-05
-2.7815e-05
-2.7792e-05
-2.7769e-05
-2.7746e-05
-2.7723e-05
-2.77e-05
-2.7677e-05
-2.7654e-05
-2.7631e-05
-2.7609e-05
-2.7586e-05
-2.7563e-05
-2.754e-05
-2.7517e-05
-2.7494e-05
-2.7471e-05
-2.7448e-05
-2.7425e-05
-2.7403e-05
-2.738e-05
-2.7357e-05
-2.7334e-05
-2.7311e-05
-2.7288e-05
-2.7265e-05
-2.7242e-05
-2.722e-05
-2.7197e-05
-2.7174e-05
-2.7151e-05
-2.7128e-05
-2.7105e-05
-2.7082e-05
-2.7059e-05
-2.7036e-05
-2.7014e-05
-2.6991e-05
-2.6968e-05
-2.6945e-05
-2.6922e-05
-2.6899e-05
-2.6876e-05
-2.6853e-05
-2.6831e-05
-2.6808e-05
-2.6785e-05
-2.6762e-05
-2.6739e-05
-2.6716e-05
-2.6693e-05
-2.667e-05
-2.6647e-05
-2.6625e-05
-2.6602e-05
-2.6579e-05
-2.6556e-05
-2.6533e-05
-2.651e-05
-2.6487e-05
-2.6464e-05
-2.6442e-05
-2.6419e-05
-2.6396e-05
-2.6373e-05
-2.635e-05
-2.6327e-05
-2.6304e-05
-2.6281e-05
-2.6258e-05
-2.6236e-05
-2.6213e-05
-2.619e-05
-2.6167e-05
-2.6144e-05
-2.6121e-05
-2.6098e-05
-2.6075e-05
-2.6052e-05
-2.603e-05
-2.6007e-05
-2.5984e-05
-2.5961e-05
-2.5938e-05
-2.5915e-05
-2.5892e-05
-2.5869e-05
-2.5847e-05
-2.5824e-05
-2.5801e-05
-2.5778e-05
-2.5755e-05
-2.5732e-05
-2.5709e-05
-2.5686e-05
-2.5663e-05
-2.5641e-05
-2.5618e-05
-2.5595e-05
-2.5572e-05
-2.5549e-05
-2.5526e-05
-2.5503e-05
-2.548e-05
-2.5458e-05
-2.5435e-05
-2.5412e-05
-2.5389e-05
-2.5366e-05
-2.5343e-05
-2.532e-05
-2.5297e-05
-2.5274e-05
-2.5252e-05
-2.5229e-05
-2.5206e-05
-2.5183e-05
-2.516e-05
-2.5137e-05
-2.5114e-05
-2.5091e-05
-2.5069e-05
-2.5046e-05
-2.5023e-05
-2.5e-05
-2.4977e-05
-2.4954e-05
-2.4931e-05
-2.4908e-05
-2.4885e-05
-2.4863e-05
-2.484e-05
-2.4817e-05
-2.4794e-05
-2.4771e-05
-2.4748e-05
-2.4725e-05
-2.4702e-05
-2.468e-05
-2.4657e-05
-2.4634e-05
-2.4611e-05
-2.4588e-05
-2.4565e-05
-2.4542e-05
-2.4519e-05
-2.4496e-05
-2.4474e-05
-2.4451e-05
-2.4428e-05
-2.4405e-05
-2.4382e-05
-2.4359e-05
-2.4336e-05
-2.4313e-05
-2.429e-05
-2.4268e-05
-2.4245e-05
-2.4222e-05
-2.4199e-05
-2.4176e-05
-2.4153e-05
-2.413e-05
-2.4107e-05
-2.4085e-05
-2.4062e-05
-2.4039e-05
-2.4016e-05
-2.3993e-05
-2.397e-05
-2.3947e-05
-2.3924e-05
-2.3901e-05
-2.3879e-05
-2.3856e-05
-2.3833e-05
-2.381e-05
-2.3787e-05
-2.3764e-05
-2.3741e-05
-2.3718e-05
-2.3696e-05
-2.3673e-05
-2.365e-05
-2.3627e-05
-2.3604e-05
-2.3581e-05
-2.3558e-05
-2.3535e-05
-2.3512e-05
-2.349e-05
-2.3467e-05
-2.3444e-05
-2.3421e-05
-2.3398e-05
-2.3375e-05
-2.3352e-05
-2.3329e-05
-2.3307e-05
-2.3284e-05
-2.3261e-05
-2.3238e-05
-2.3215e-05
-2.3192e-05
-2.3169e-05
-2.3146e-05
-2.3123e-05
-2.3101e-05
-2.3078e-05
-2.3055e-05
-2.3032e-05
-2.3009e-05
-2.2986e-05
-2.2963e-05
-2.294e-05
-2.2918e-05
-2.2895e-05
-2.2872e-05
-2.2849e-05
-2.2826e-05
-2.2803e-05
-2.278e-05
-2.2757e-05
-2.2734e-05
-2.2712e-05
-2.2689e-05
-2.2666e-05
-2.2643e-05
-2.262e-05
-2.2597e-05
-2.2574e-05
-2.2551e-05
-2.2528e-05
-2.2506e-05
-2.2483e-05
-2.246e-05
-2.2437e-05
-2.2414e-05
-2.2391e-05
-2.2368e-05
-2.2345e-05
-2.2323e-05
-2.23e-05
-2.2277e-05
-2.2254e-05
-2.2231e-05
-2.2208e-05
-2.2185e-05
-2.2162e-05
-2.2139e-05
-2.2117e-05
-2.2094e-05
-2.2071e-05
-2.2048e-05
-2.2025e-05
-2.2002e-05
-2.1979e-05
-2.1956e-05
-2.1934e-05
-2.1911e-05
-2.1888e-05
-2.1865e-05
-2.1842e-05
-2.1819e-05
-2.1796e-05
-2.1773e-05
-2.175e-05
-2.1728e-05
-2.1705e-05
-2.1682e-05
-2.1659e-05
-2.1636e-05
-2.1613e-05
-2.159e-05
-2.1567e-05
-2.1545e-05
-2.1522e-05
-2.1499e-05
-2.1476e-05
-2.1453e-05
-2.143e-05
-2.1407e-05
-2.1384e-05
-2.1361e-05
-2.1339e-05
-2.1316e-05
-2.1293e-05
-2.127e-05
-2.1247e-05
-2.1224e-05
-2.1201e-05
-2.1178e-05
-2.1155e-05
-2.1133e-05
-2.111e-05
-2.1087e-05
-2.1064e-05
-2.1041e-05
-2.1018e-05
-2.0995e-05
-2.0972e-05
-2.095e-05
-2.0927e-05
-2.0904e-05
-2.0881e-05
-2.0858e-05
-2.0835e-05
-2.0812e-05
-2.0789e-05
-2.0766e-05
-2.0744e-05
-2.0721e-05
-2.0698e-05
-2.0675e-05
-2.0652e-05
-2.0629e-05
-2.0606e-05
-2.0583e-05
-2.0561e-05
-2.0538e-05
-2.0515e-05
-2.0492e-05
-2.0469e-05
-2.0446e-05
-2.0423e-05
-2.04e-05
-2.0377e-05
-2.0355e-05
-2.0332e-05
-2.0309e-05
-2.0286e-05
-2.0263e-05
-2.024e-05
-2.0217e-05
-2.0194e-05
-2.0172e-05
-2.0149e-05
-2.0126e-05
-2.0103e-05
-2.008e-05
-2.0057e-05
-2.0034e-05
-2.0011e-05
-1.9988e-05
-1.9966e-05
-1.9943e-05
-1.992e-05
-1.9897e-05
-1.9874e-05
-1.9851e-05
-1.9828e-05
-1.9805e-05
-1.9783e-05
-1.976e-05
-1.9737e-05
-1.9714e-05
-1.9691e-05
-1.9668e-05
-1.9645e-05
-1.9622e-05
-1.9599e-05
-1.9577e-05
-1.9554e-05
-1.9531e-05
-1.9508e-05
-1.9485e-05
-1.9462e-05
-1.9439e-05
-1.9416e-05
-1.9393e-05
-1.9371e-05
-1.9348e-05
-1.9325e-05
-1.9302e-05
-1.9279e-05
-1.9256e-05
-1.9233e-05
-1.921e-05
-1.9188e-05
-1.9165e-05
-1.9142e-05
-1.9119e-05
-1.9096e-05
-1.9073e-05
-1.905e-05
-1.9027e-05
-1.9004e-05
-1.8982e-05
-1.8959e-05
-1.8936e-05
-1.8913e-05
-1.889e-05
-1.8867e-05
-1.8844e-05
-1.8821e-05
-1.8799e-05
-1.8776e-05
-1.8753e-05
-1.873e-05
-1.8707e-05
-1.8684e-05
-1.8661e-05
-1.8638e-05
-1.8615e-05
-1.8593e-05
-1.857e-05
-1.8547e-05
-1.8524e-05
-1.8501e-05
-1.8478e-05
-1.8455e-05
-1.8432e-05
-1.841e-05
-1.8387e-05
-1.8364e-05
-1.8341e-05
-1.8318e-05
-1.8295e-05
-1.8272e-05
-1.8249e-05
-1.8226e-05
-1.8204e-05
-1.8181e-05
-1.8158e-05
-1.8135e-05
-1.8112e-05
-1.8089e-05
-1.8066e-05
-1.8043e-05
-1.8021e-05
-1.7998e-05
-1.7975e-05
-1.7952e-05
-1.7929e-05
-1.7906e-05
-1.7883e-05
-1.786e-05
-1.7837e-05
-1.7815e-05
-1.7792e-05
-1.7769e-05
-1.7746e-05
-1.7723e-05
-1.77e-05
-1.7677e-05
-1.7654e-05
-1.7631e-05
-1.7609e-05
-1.7586e-05
-1.7563e-05
-1.754e-05
-1.7517e-05
-1.7494e-05
-1.7471e-05
-1.7448e-05
-1.7426e-05
-1.7403e-05
-1.738e-05
-1.7357e-05
-1.7334e-05
-1.7311e-05
-1.7288e-05
-1.7265e-05
-1.7242e-05
-1.722e-05
-1.7197e-05
-1.7174e-05
-1.7151e-05
-1.7128e-05
-1.7105e-05
-1.7082e-05
-1.7059e-05
-1.7037e-05
-1.7014e-05
-1.6991e-05
-1.6968e-05
-1.6945e-05
-1.6922e-05
-1.6899e-05
-1.6876e-05
-1.6853e-05
-1.6831e-05
-1.6808e-05
-1.6785e-05
-1.6762e-05
-1.6739e-05
-1.6716e-05
-1.6693e-05
-1.667e-05
-1.6648e-05
-1.6625e-05
-1.6602e-05
-1.6579e-05
-1.6556e-05
-1.6533e-05
-1.651e-05
-1.6487e-05
-1.6464e-05
-1.6442e-05
-1.6419e-05
-1.6396e-05
-1.6373e-05
-1.635e-05
-1.6327e-05
-1.6304e-05
-1.6281e-05
-1.6258e-05
-1.6236e-05
-1.6213e-05
-1.619e-05
-1.6167e-05
-1.6144e-05
-1.6121e-05
-1.6098e-05
-1.6075e-05
-1.6053e-05
-1.603e-05
-1.6007e-05
-1.5984e-05
-1.5961e-05
-1.5938e-05
-1.5915e-05
-1.5892e-05
-1.5869e-05
-1.5847e-05
-1.5824e-05
-1.5801e-05
-1.5778e-05
-1.5755e-05
-1.5732e-05
-1.5709e-05
-1.5686e-05
-1.5664e-05
-1.5641e-05
-1.5618e-05
-1.5595e-05
-1.5572e-05
-1.5549e-05
-1.5526e-05
-1.5503e-05
-1.548e-05
-1.5458e-05
-1.5435e-05
-1.5412e-05
-1.5389e-05
-1.5366e-05
-1.5343e-05
-1.532e-05
-1.5297e-05
-1.5275e-05
-1.5252e-05
-1.5229e-05
-1.5206e-05
-1.5183e-05
-1.516e-05
-1.5137e-05
-1.5114e-05
-1.5091e-05
-1.5069e-05
-1.5046e-05
-1.5023e-05
-1.5e-05
-1.4977e-05
-1.4954e-05
-1.4931e-05
-1.4908e-05
-1.4886e-05
-1.4863e-05
-1.484e-05
-1.4817e-05
-1.4794e-05
-1.4771e-05
-1.4748e-05
-1.4725e-05
-1.4702e-05
-1.468e-05
-1.4657e-05
-1.4634e-05
-1.4611e-05
-1.4588e-05
-1.4565e-05
-1.4542e-05
-1.4519e-05
-1.4496e-05
-1.4474e-05
-1.4451e-05
-1.4428e-05
-1.4405e-05
-1.4382e-05
-1.4359e-05
-1.4336e-05
-1.4313e-05
-1.4291e-05
-1.4268e-05
-1.4245e-05
-1.4222e-05
-1.4199e-05
-1.4176e-05
-1.4153e-05
-1.413e-05
-1.4107e-05
-1.4085e-05
-1.4062e-05
-1.4039e-05
-1.4016e-05
-1.3993e-05
-1.397e-05
-1.3947e-05
-1.3924e-05
-1.3902e-05
-1.3879e-05
-1.3856e-05
-1.3833e-05
-1.381e-05
-1.3787e-05
-1.3764e-05
-1.3741e-05
-1.3718e-05
-1.3696e-05
-1.3673e-05
-1.365e-05
-1.3627e-05
-1.3604e-05
-1.3581e-05
-1.3558e-05
-1.3535e-05
-1.3513e-05
-1.349e-05
-1.3467e-05
-1.3444e-05
-1.3421e-05
-1.3398e-05
-1.3375e-05
-1.3352e-05
-1.3329e-05
-1.3307e-05
-1.3284e-05
-1.3261e-05
-1.3238e-05
-1.3215e-05
-1.3192e-05
-1.3169e-05
-1.3146e-05
-1.3124e-05
-1.3101e-05
-1.3078e-05
-1.3055e-05
-1.3032e-05
-1.3009e-05
-1.2986e-05
-1.2963e-05
-1.294e-05
-1.2918e-05
-1.2895e-05
-1.2872e-05
-1.2849e-05
-1.2826e-05
-1.2803e-05
-1.278e-05
-1.2757e-05
-1.2734e-05
-1.2712e-05
-1.2689e-05
-1.2666e-05
-1.2643e-05
-1.262e-05
-1.2597e-05
-1.2574e-05
-1.2551e-05
-1.2529e-05
-1.2506e-05
-1.2483e-05
-1.246e-05
-1.2437e-05
-1.2414e-05
-1.2391e-05
-1.2368e-05
-1.2345e-05
-1.2323e-05
-1.23e-05
-1.2277e-05
-1.2254e-05
-1.2231e-05
-1.2208e-05
-1.2185e-05
-1.2162e-05
-1.214e-05
-1.2117e-05
-1.2094e-05
-1.2071e-05
-1.2048e-05
-1.2025e-05
-1.2002e-05
-1.1979e-05
-1.1956e-05
-1.1934e-05
-1.1911e-05
-1.1888e-05
-1.1865e-05
-1.1842e-05
-1.1819e-05
-1.1796e-05
-1.1773e-05
-1.1751e-05
-1.1728e-05
-1.1705e-05
-1.1682e-05
-1.1659e-05
-1.1636e-05
-1.1613e-05
-1.159e-05
-1.1567e-05
-1.1545e-05
-1.1522e-05
-1.1499e-05
-1.1476e-05
-1.1453e-05
-1.143e-05
-1.1407e-05
-1.1384e-05
-1.1361e-05
-1.1339e-05
-1.1316e-05
-1.1293e-05
-1.127e-05
-1.1247e-05
-1.1224e-05
-1.1201e-05
-1.1178e-05
-1.1156e-05
-1.1133e-05
-1.111e-05
-1.1087e-05
-1.1064e-05
-1.1041e-05
-1.1018e-05
-1.0995e-05
-1.0972e-05
-1.095e-05
-1.0927e-05
-1.0904e-05
-1.0881e-05
-1.0858e-05
-1.0835e-05
-1.0812e-05
-1.0789e-05
-1.0767e-05
-1.0744e-05
-1.0721e-05
-1.0698e-05
-1.0675e-05
-1.0652e-05
-1.0629e-05
-1.0606e-05
-1.0583e-05
-1.0561e-05
-1.0538e-05
-1.0515e-05
-1.0492e-05
-1.0469e-05
-1.0446e-05
-1.0423e-05
-1.04e-05
-1.0378e-05
-1.0355e-05
-1.0332e-05
-1.0309e-05
-1.0286e-05
-1.0263e-05
-1.024e-05
-1.0217e-05
-1.0194e-05
-1.0172e-05
-1.0149e-05
-1.0126e-05
-1.0103e-05
-1.008e-05
-1.0057e-05
-1.0034e-05
-1.0011e-05
-9.9885e-06
-9.9656e-06
-9.9427e-06
-9.9199e-06
-9.897e-06
-9.8741e-06
-9.8512e-06
-9.8283e-06
-9.8054e-06
-9.7826e-06
-9.7597e-06
-9.7368e-06
-9.7139e-06
-9.691e-06
-9.6681e-06
-9.6453e-06
-9.6224e-06
-9.5995e-06
-9.5766e-06
-9.5537e-06
-9.5308e-06
-9.508e-06
-9.4851e-06
-9.4622e-06
-9.4393e-06
-9.4164e-06
-9.3935e-06
-9.3707e-06
-9.3478e-06
-9.3249e-06
-9.302e-06
-9.2791e-06
-9.2562e-06
-9.2334e-06
-9.2105e-06
-9.1876e-06
-9.1647e-06
-9.1418e-06
-9.1189e-06
-9.0961e-06
-9.0732e-06
-9.0503e-06
-9.0274e-06
-9.0045e-06
-8.9816e-06
-8.9588e-06
-8.9359e-06
-8.913e-06
-8.8901e-06
-8.8672e-06
-8.8443e-06
-8.8215e-06
-8.7986e-06
-8.7757e-06
-8.7528e-06
-8.7299e-06
-8.707e-06
-8.6842e-06
-8.6613e-06
-8.6384e-06
-8.6155e-06
-8.5926e-06
-8.5698e-06
-8.5469e-06
-8.524e-06
-8.5011e-06
-8.4782e-06
-8.4553e-06
-8.4325e-06
-8.4096e-06
-8.3867e-06
-8.3638e-06
-8.3409e-06
-8.318e-06
-8.2952e-06
-8.2723e-06
-8.2494e-06
-8.2265e-06
-8.2036e-06
-8.1807e-06
-8.1579e-06
-8.135e-06
-8.1121e-06
-8.0892e-06
-8.0663e-06
-8.0434e-06
-8.0206e-06
-7.9977e-06
-7.9748e-06
-7.9519e-06
-7.929e-06
-7.9061e-06
-7.8833e-06
-7.8604e-06
-7.8375e-06
-7.8146e-06
-7.7917e-06
-7.7688e-06
-7.746e-06
-7.7231e-06
-7.7002e-06
-7.6773e-06
-7.6544e-06
-7.6315e-06
-7.6087e-06
-7.5858e-06
-7.5629e-06
-7.54e-06
-7.5171e-06
-7.4942e-06
-7.4714e-06
-7.4485e-06
-7.4256e-06
-7.4027e-06
-7.3798e-06
-7.3569e-06
-7.3341e-06
-7.3112e-06
-7.2883e-06
-7.2654e-06
-7.2425e-06
-7.2196e-06
-7.1968e-06
-7.1739e-06
-7.151e-06
-7.1281e-06
-7.1052e-06
-7.0823e-06
-7.0595e-06
-7.0366e-06
-7.0137e-06
-6.9908e-06
-6.9679e-06
-6.945e-06
-6.9222e-06
-6.8993e-06
-6.8764e-06
-6.8535e-06
-6.8306e-06
-6.8077e-06
-6.7849e-06
-6.762e-06
-6.7391e-06
-6.7162e-06
-6.6933e-06
-6.6704e-06
-6.6476e-06
-6.6247e-06
-6.6018e-06
-6.5789e-06
-6.556e-06
-6.5331e-06
-6.5103e-06
-6.4874e-06
-6.4645e-06
-6.4416e-06
-6.4187e-06
-6.3958e-06
-6.373e-06
-6.3501e-06
-6.3272e-06
-6.3043e-06
-6.2814e-06
-6.2585e-06
-6.2357e-06
-6.2128e-06
-6.1899e-06
-6.167e-06
-6.1441e-06
-6.1213e-06
-6.0984e-06
-6.0755e-06
-6.0526e-06
-6.0297e-06
-6.0068e-06
-5.984e-06
-5.9611e-06
-5.9382e-06
-5.9153e-06
-5.8924e-06
-5.8695e-06
-5.8467e-06
-5.8238e-06
-5.8009e-06
-5.778e-06
-5.7551e-06
-5.7322e-06
-5.7094e-06
-5.6865e-06
-5.6636e-06
-5.6407e-06
-5.6178e-06
-5.5949e-06
-5.5721e-06
-5.5492e-06
-5.5263e-06
-5.5034e-06
-5.4805e-06
-5.4576e-06
-5.4348e-06
-5.4119e-06
-5.389e-06
-5.3661e-06
-5.3432e-06
-5.3203e-06
-5.2975e-06
-5.2746e-06
-5.2517e-06
-5.2288e-06
-5.2059e-06
-5.183e-06
-5.1602e-06
-5.1373e-06
-5.1144e-06
-5.0915e-06
-5.0686e-06
-5.0457e-06
-5.0229e-06
-5e-06
-4.9771e-06
-4.9542e-06
-4.9313e-06
-4.9084e-06
-4.8856e-06
-4.8627e-06
-4.8398e-06
-4.8169e-06
-4.794e-06
-4.7711e-06
-4.7483e-06
-4.7254e-06
-4.7025e-06
-4.6796e-06
-4.6567e-06
-4.6338e-06
-4.611e-06
-4.5881e-06
-4.5652e-06
-4.5423e-06
-4.5194e-06
-4.4965e-06
-4.4737e-06
-4.4508e-06
-4.4279e-06
-4.405e-06
-4.3821e-06
-4.3592e-06
-4.3364e-06
-4.3135e-06
-4.2906e-06
-4.2677e-06
-4.2448e-06
-4.2219e-06
-4.1991e-06
-4.1762e-06
-4.1533e-06
-4.1304e-06
-4.1075e-06
-4.0846e-06
-4.0618e-06
-4.0389e-06
-4.016e-06
-3.9931e-06
-3.9702e-06
-3.9473e-06
-3.9245e-06
-3.9016e-06
-3.8787e-06
-3.8558e-06
-3.8329e-06
-3.81e-06
-3.7872e-06
-3.7643e-06
-3.7414e-06
-3.7185e-06
-3.6956e-06
-3.6728e-06
-3.6499e-06
-3.627e-06
-3.6041e-06
-3.5812e-06
-3.5583e-06
-3.5355e-06
-3.5126e-06
-3.4897e-06
-3.4668e-06
-3.4439e-06
-3.421e-06
-3.3982e-06
-3.3753e-06
-3.3524e-06
-3.3295e-06
-3.3066e-06
-3.2837e-06
-3.2609e-06
-3.238e-06
-3.2151e-06
-3.1922e-06
-3.1693e-06
-3.1464e-06
-3.1236e-06
-3.1007e-06
-3.0778e-06
-3.0549e-06
-3.032e-06
-3.0091e-06
-2.9863e-06
-2.9634e-06
-2.9405e-06
-2.9176e-06
-2.8947e-06
-2.8718e-06
-2.849e-06
-2.8261e-06
-2.8032e-06
-2.7803e-06
-2.7574e-06
-2.7345e-06
-2.7117e-06
-2.6888e-06
-2.6659e-06
-2.643e-06
-2.6201e-06
-2.5972e-06
-2.5744e-06
-2.5515e-06
-2.5286e-06
-2.5057e-06
-2.4828e-06
-2.4599e-06
-2.4371e-06
-2.4142e-06
-2.3913e-06
-2.3684e-06
-2.3455e-06
-2.3226e-06
-2.2998e-06
-2.2769e-06
-2.254e-06
-2.2311e-06
-2.2082e-06
-2.1853e-06
-2.1625e-06
-2.1396e-06
-2.1167e-06
-2.0938e-06
-2.0709e-06
-2.048e-06
-2.0252e-06
-2.0023e-06
-1.9794e-06
-1.9565e-06
-1.9336e-06
-1.9107e-06
-1.8879e-06
-1.865e-06
-1.8421e-06
-1.8192e-06
-1.7963e-06
-1.7734e-06
-1.7506e-06
-1.7277e-06
-1.7048e-06
-1.6819e-06
-1.659e-06
-1.6361e-06
-1.6133e-06
-1.5904e-06
-1.5675e-06
-1.5446e-06
-1.5217e-06
-1.4988e-06
-1.476e-06
-1.4531e-06
-1.4302e-06
-1.4073e-06
-1.3844e-06
-1.3615e-06
-1.3387e-06
-1.3158e-06
-1.2929e-06
-1.27e-06
-1.2471e-06
-1.2243e-06
-1.2014e-06
-1.1785e-06
-1.1556e-06
-1.1327e-06
-1.1098e-06
-1.087e-06
-1.0641e-06
-1.0412e-06
-1.0183e-06
-9.9542e-07
-9.7254e-07
-9.4965e-07
-9.2677e-07
-9.0389e-07
-8.81e-07
-8.5812e-07
-8.3524e-07
-8.1235e-07
-7.8947e-07
-7.6659e-07
-7.437e-07
-7.2082e-07
-6.9794e-07
-6.7505e-07
-6.5217e-07
-6.2929e-07
-6.064e-07
-5.8352e-07
-5.6064e-07
-5.3775e-07
-5.1487e-07
-4.9199e-07
-4.6911e-07
-4.4622e-07
-4.2334e-07
-4.0046e-07
-3.7757e-07
-3.5469e-07
-3.3181e-07
-3.0892e-07
-2.8604e-07
-2.6316e-07
-2.4027e-07
-2.1739e-07
-1.9451e-07
-1.7162e-07
-1.4874e-07
-1.2586e-07
-1.0297e-07
-8.0091e-08
-5.7208e-08
-3.4325e-08
-1.1442e-08
1.1442e-08
3.4325e-08
5.7208e-08
8.0091e-08
1.0297e-07
1.2586e-07
1.4874e-07
1.7162e-07
1.9451e-07
2.1739e-07
2.4027e-07
2.6316e-07
2.8604e-07
3.0892e-07
3.3181e-07
3.5469e-07
3.7757e-07
4.0046e-07
4.2334e-07
4.4622e-07
4.6911e-07
4.9199e-07
5.1487e-07
5.3775e-07
5.6064e-07
5.8352e-07
6.064e-07
6.2929e-07
6.5217e-07
6.7505e-07
6.9794e-07
7.2082e-07
7.437e-07
7.6659e-07
7.8947e-07
8.1235e-07
8.3524e-07
8.5812e-07
8.81e-07
9.0389e-07
9.2677e-07
9.4965e-07
9.7254e-07
9.9542e-07
1.0183e-06
1.0412e-06
1.0641e-06
1.087e-06
1.1098e-06
1.1327e-06
1.1556e-06
1.1785e-06
1.2014e-06
1.2243e-06
1.2471e-06
1.27e-06
1.2929e-06
1.3158e-06
1.3387e-06
1.3615e-06
1.3844e-06
1.4073e-06
1.4302e-06
1.4531e-06
1.476e-06
1.4988e-06
1.5217e-06
1.5446e-06
1.5675e-06
1.5904e-06
1.6133e-06
1.6361e-06
1.659e-06
1.6819e-06
1.7048e-06
1.7277e-06
1.7506e-06
1.7734e-06
1.7963e-06
1.8192e-06
1.8421e-06
1.865e-06
1.8879e-06
1.9107e-06
1.9336e-06
1.9565e-06
1.9794e-06
2.0023e-06
2.0252e-06
2.048e-06
2.0709e-06
2.0938e-06
2.1167e-06
2.1396e-06
2.1625e-06
2.1853e-06
2.2082e-06
2.2311e-06
2.254e-06
2.2769e-06
2.2998e-06
2.3226e-06
2.3455e-06
2.3684e-06
2.3913e-06
2.4142e-06
2.4371e-06
2.4599e-06
2.4828e-06
2.5057e-06
2.5286e-06
2.5515e-06
2.5744e-06
2.5972e-06
2.6201e-06
2.643e-06
2.6659e-06
2.6888e-06
2.7117e-06
2.7345e-06
2.7574e-06
2.7803e-06
2.8032e-06
2.8261e-06
2.849e-06
2.8718e-06
2.8947e-06
2.9176e-06
2.9405e-06
2.9634e-06
2.9863e-06
3.0091e-06
3.032e-06
3.0549e-06
3.0778e-06
3.1007e-06
3.1236e-06
3.1464e-06
3.1693e-06
3.1922e-06
3.2151e-06
3.238e-06
3.2609e-06
3.2837e-06
3.3066e-06
3.3295e-06
3.3524e-06
3.3753e-06
3.3982e-06
3.421e-06
3.4439e-06
3.4668e-06
3.4897e-06
3.5126e-06
3.5355e-06
3.5583e-06
3.5812e-06
3.6041e-06
3.627e-06
3.6499e-06
3.6728e-06
3.6956e-06
3.7185e-06
3.7414e-06
3.7643e-06
3.7872e-06
3.81e-06
3.8329e-06
3.8558e-06
3.8787e-06
3.9016e-06
3.9245e-06
3.9473e-06
3.9702e-06
3.9931e-06
4.016e-06
4.0389e-06
4.0618e-06
4.0846e-06
4.1075e-06
4.1304e-06
4.1533e-06
4.1762e-06
4.1991e-06
4.2219e-06
4.2448e-06
4.2677e-06
4.2906e-06
4.3135e-06
4.3364e-06
4.3592e-06
4.3821e-06
4.405e-06
4.4279e-06
4.4508e-06
4.4737e-06
4.4965e-06
4.5194e-06
4.5423e-06
4.5652e-06
4.5881e-06
4.611e-06
4.6338e-06
4.6567e-06
4.6796e-06
4.7025e-06
4.7254e-06
4.7483e-06
4.7711e-06
4.794e-06
4.8169e-06
4.8398e-06
4.8627e-06
4.8856e-06
4.9084e-06
4.9313e-06
4.9542e-06
4.9771e-06
5e-06
5.0229e-06
5.0457e-06
5.0686e-06
5.0915e-06
5.1144e-06
5.1373e-06
5.1602e-06
5.183e-06
5.2059e-06
5.2288e-06
5.2517e-06
5.2746e-06
5.2975e-06
5.3203e-06
5.3432e-06
5.3661e-06
5.389e-06
5.4119e-06
5.4348e-06
5.4576e-06
5.4805e-06
5.5034e-06
5.5263e-06
5.5492e-06
5.5721e-06
5.5949e-06
5.6178e-06
5.6407e-06
5.6636e-06
5.6865e-06
5.7094e-06
5.7322e-06
5.7551e-06
5.778e-06
5.8009e-06
5.8238e-06
5.8467e-06
5.8695e-06
5.8924e-06
5.9153e-06
5.9382e-06
5.9611e-06
5.984e-06
6.0068e-06
6.0297e-06
6.0526e-06
6.0755e-06
6.0984e-06
6.1213e-06
6.1441e-06
6.167e-06
6.1899e-06
6.2128e-06
6.2357e-06
6.2585e-06
6.2814e-06
6.3043e-06
6.3272e-06
6.3501e-06
6.373e-06
6.3958e-06
6.4187e-06
6.4416e-06
6.4645e-06
6.4874e-06
6.5103e-06
6.5331e-06
6.556e-06
6.5789e-06
6.6018e-06
6.6247e-06
6.6476e-06
6.6704e-06
6.6933e-06
6.7162e-06
6.7391e-06
6.762e-06
6.7849e-06
6.8077e-06
6.8306e-06
6.8535e-06
6.8764e-06
6.8993e-06
6.9222e-06
6.945e-06
6.9679e-06
6.9908e-06
7.0137e-06
7.0366e-06
7.0595e-06
7.0823e-06
7.1052e-06
7.1281e-06
7.151e-06
7.1739e-06
7.1968e-06
7.2196e-06
7.2425e-06
7.2654e-06
7.2883e-06
7.3112e-06
7.3341e-06
7.3569e-06
7.3798e-06
7.4027e-06
7.4256e-06
7.4485e-06
7.4714e-06
7.4942e-06
7.5171e-06
7.54e-06
7.5629e-06
7.5858e-06
7.6087e-06
7.6315e-06
7.6544e-06
7.6773e-06
7.7002e-06
7.7231e-06
7.746e-06
7.7688e-06
7.7917e-06
7.8146e-06
7.8375e-06
7.8604e-06
7.8833e-06
7.9061e-06
7.929e-06
7.9519e-06
7.9748e-06
7.9977e-06
8.0206e-06
8.0434e-06
8.0663e-06
8.0892e-06
8.1121e-06
8.135e-06
8.1579e-06
8.1807e-06
8.2036e-06
8.2265e-06
8.2494e-06
8.2723e-06
8.2952e-06
8.318e-06
8.3409e-06
8.3638e-06
8.3867e-06
8.4096e-06
8.4325e-06
8.4553e-06
8.4782e-06
8.5011e-06
8.524e-06
8.5469e-06
8.5698e-06
8.5926e-06
8.6155e-06
8.6384e-06
8.6613e-06
8.6842e-06
8.707e-06
8.7299e-06
8.7528e-06
8.7757e-06
8.7986e-06
8.8215e-06
8.8443e-06
8.8672e-06
8.8901e-06
8.913e-06
8.9359e-06
8.9588e-06
8.9816e-06
9.0045e-06
9.0274e-06
9.0503e-06
9.0732e-06
9.0961e-06
9.1189e-06
9.1418e-06
9.1647e-06
9.1876e-06
9.2105e-06
9.2334e-06
9.2562e-06
9.2791e-06
9.302e-06
9.3249e-06
9.3478e-06
9.3707e-06
9.3935e-06
9.4164e-06
9.4393e-06
9.4622e-06
9.4851e-06
9.508e-06
9.5308e-06
9.5537e-06
9.5766e-06
9.5995e-06
9.6224e-06
9.6453e-06
9.6681e-06
9.691e-06
9.7139e-06
9.7368e-06
9.7597e-06
9.7826e-06
9.8054e-06
9.8283e-06
9.8512e-06
9.8741e-06
9.897e-06
9.9199e-06
9.9427e-06
9.9656e-06
9.9885e-06
1.0011e-05
1.0034e-05
1.0057e-05
1.008e-05
1.0103e-05
1.0126e-05
1.0149e-05
1.0172e-05
1.0194e-05
1.0217e-05
1.024e-05
1.0263e-05
1.0286e-05
1.0309e-05
1.0332e-05
1.0355e-05
1.0378e-05
1.04e-05
1.0423e-05
1.0446e-05
1.0469e-05
1.0492e-05
1.0515e-05
1.0538e-05
1.0561e-05
1.0583e-05
1.0606e-05
1.0629e-05
1.0652e-05
1.0675e-05
1.0698e-05
1.0721e-05
1.0744e-05
1.0767e-05
1.0789e-05
1.0812e-05
1.0835e-05
1.0858e-05
1.0881e-05
1.0904e-05
1.0927e-05
1.095e-05
1.0972e-05
1.0995e-05
1.1018e-05
1.1041e-05
1.1064e-05
1.1087e-05
1.111e-05
1.1133e-05
1.1156e-05
1.1178e-05
1.1201e-05
1.1224e-05
1.1247e-05
1.127e-05
1.1293e-05
1.1316e-05
1.1339e-05
1.1361e-05
1.1384e-05
1.1407e-05
1.143e-05
1.1453e-05
1.1476e-05
1.1499e-05
1.1522e-05
1.1545e-05
1.1567e-05
1.159e-05
1.1613e-05
1.1636e-05
1.1659e-05
1.1682e-05
1.1705e-05
1.1728e-05
1.1751e-05
1.1773e-05
1.1796e-05
1.1819e-05
1.1842e-05
1.1865e-05
1.1888e-05
1.1911e-05
1.1934e-05
1.1956e-05
1.1979e-05
1.2002e-05
1.2025e-05
1.2048e-05
1.2071e-05
1.2094e-05
1.2117e-05
1.214e-05
1.2162e-05
1.2185e-05
1.2208e-05
1.2231e-05
1.2254e-05
1.2277e-05
1.23e-05
1.2323e-05
1.2345e-05
1.2368e-05
1.2391e-05
1.2414e-05
1.2437e-05
1.246e-05
1.2483e-05
1.2506e-05
1.2529e-05
1.2551e-05
1.2574e-05
1.2597e-05
1.262e-05
1.2643e-05
1.2666e-05
1.2689e-05
1.2712e-05
1.2734e-05
1.2757e-05
1.278e-05
1.2803e-05
1.2826e-05
1.2849e-05
1.2872e-05
1.2895e-05
1.2918e-05
1.294e-05
1.2963e-05
1.2986e-05
1.3009e-05
1.3032e-05
1.3055e-05
1.3078e-05
1.3101e-05
1.3124e-05
1.3146e-05
1.3169e-05
1.3192e-05
1.3215e-05
1.3238e-05
1.3261e-05
1.3284e-05
1.3307e-05
1.3329e-05
1.3352e-05
1.3375e-05
1.3398e-05
1.3421e-05
1.3444e-05
1.3467e-05
1.349e-05
1.3513e-05
1.3535e-05
1.3558e-05
1.3581e-05
1.3604e-05
1.3627e-05
1.365e-05
1.3673e-05
1.3696e-05
1.3718e-05
1.3741e-05
1.3764e-05
1.3787e-05
1.381e-05
1.3833e-05
1.3856e-05
1.3879e-05
1.3902e-05
1.3924e-05
1.3947e-05
1.397e-05
1.3993e-05
1.4016e-05
1.4039e-05
1.4062e-05
1.4085e-05
1.4107e-05
1.413e-05
1.4153e-05
1.4176e-05
1.4199e-05
1.4222e-05
1.4245e-05
1.4268e-05
1.4291e-05
1.4313e-05
1.4336e-05
1.4359e-05
1.4382e-05
1.4405e-05
1.4428e-05
1.4451e-05
1.4474e-05
1.4496e-05
1.4519e-05
1.4542e-05
1.4565e-05
1.4588e-05
1.4611e-05
1.4634e-05
1.4657e-05
1.468e-05
1.4702e-05
1.4725e-05
1.4748e-05
1.4771e-05
1.4794e-05
1.4817e-05
1.484e-05
1.4863e-05
1.4886e-05
1.4908e-05
1.4931e-05
1.4954e-05
1.4977e-05
1.5e-05
1.5023e-05
1.5046e-05
1.5069e-05
1.5091e-05
1.5114e-05
1.5137e-05
1.516e-05
1.5183e-05
1.5206e-05
1.5229e-05
1.5252e-05
1.5275e-05
1.5297e-05
1.532e-05
1.5343e-05
1.5366e-05
1.5389e-05
1.5412e-05
1.5435e-05
1.5458e-05
1.548e-05
1.5503e-05
1.5526e-05
1.5549e-05
1.5572e-05
1.5595e-05
1.5618e-05
1.5641e-05
1.5664e-05
1.5686e-05
1.5709e-05
1.5732e-05
1.5755e-05
1.5778e-05
1.5801e-05
1.5824e-05
1.5847e-05
1.5869e-05
1.5892e-05
1.5915e-05
1.5938e-05
1.5961e-05
1.5984e-05
1.6007e-05
1.603e-05
1.6053e-05
1.6075e-05
1.6098e-05
1.6121e-05
1.6144e-05
1.6167e-05
1.619e-05
1.6213e-05
1.6236e-05
1.6258e-05
1.6281e-05
1.6304e-05
1.6327e-05
1.635e-05
1.6373e-05
1.6396e-05
1.6419e-05
1.6442e-05
1.6464e-05
1.6487e-05
1.651e-05
1.6533e-05
1.6556e-05
1.6579e-05
1.6602e-05
1.6625e-05
1.6648e-05
1.667e-05
1.6693e-05
1.6716e-05
1.6739e-05
1.6762e-05
1.6785e-05
1.6808e-05
1.6831e-05
1.6853e-05
1.6876e-05
1.6899e-05
1.6922e-05
1.6945e-05
1.6968e-05
1.6991e-05
1.7014e-05
1.7037e-05
1.7059e-05
1.7082e-05
1.7105e-05
1.7128e-05
1.7151e-05
1.7174e-05
1.7197e-05
1.722e-05
1.7242e-05
1.7265e-05
1.7288e-05
1.7311e-05
1.7334e-05
1.7357e-05
1.738e-05
1.7403e-05
1.7426e-05
1.7448e-05
1.7471e-05
1.7494e-05
1.7517e-05
1.754e-05
1.7563e-05
1.7586e-05
1.7609e-05
1.7631e-05
1.7654e-05
1.7677e-05
1.77e-05
1.7723e-05
1.7746e-05
1.7769e-05
1.7792e-05
1.7815e-05
1.7837e-05
1.786e-05
1.7883e-05
1.7906e-05
1.7929e-05
1.7952e-05
1.7975e-05
1.7998e-05
1.8021e-05
1.8043e-05
1.8066e-05
1.8089e-05
1.8112e-05
1.8135e-05
1.8158e-05
1.8181e-05
1.8204e-05
1.8226e-05
1.8249e-05
1.8272e-05
1.8295e-05
1.8318e-05
1.8341e-05
1.8364e-05
1.8387e-05
1.841e-05
1.8432e-05
1.8455e-05
1.8478e-05
1.8501e-05
1.8524e-05
1.8547e-05
1.857e-05
1.8593e-05
1.8615e-05
1.8638e-05
1.8661e-05
1.8684e-05
1.8707e-05
1.873e-05
1.8753e-05
1.8776e-05
1.8799e-05
1.8821e-05
1.8844e-05
1.8867e-05
1.889e-05
1.8913e-05
1.8936e-05
1.8959e-05
1.8982e-05
1.9004e-05
1.9027e-05
1.905e-05
1.9073e-05
1.9096e-05
1.9119e-05
1.9142e-05
1.9165e-05
1.9188e-05
1.921e-05
1.9233e-05
1.9256e-05
1.9279e-05
1.9302e-05
1.9325e-05
1.9348e-05
1.9371e-05
1.9393e-05
1.9416e-05
1.9439e-05
1.9462e-05
1.9485e-05
1.9508e-05
1.9531e-05
1.9554e-05
1.9577e-05
1.9599e-05
1.9622e-05
1.9645e-05
1.9668e-05
1.9691e-05
1.9714e-05
1.9737e-05
1.976e-05
1.9783e-05
1.9805e-05
1.9828e-05
1.9851e-05
1.9874e-05
1.9897e-05
1.992e-05
1.9943e-05
1.9966e-05
1.9988e-05
2.0011e-05
2.0034e-05
2.0057e-05
2.008e-05
2.0103e-05
2.0126e-05
2.0149e-05
2.0172e-05
2.0194e-05
2.0217e-05
2.024e-05
2.0263e-05
2.0286e-05
2.0309e-05
2.0332e-05
2.0355e-05
2.0377e-05
2.04e-05
2.0423e-05
2.0446e-05
2.0469e-05
2.0492e-05
2.0515e-05
2.0538e-05
2.0561e-05
2.0583e-05
2.0606e-05
2.0629e-05
2.0652e-05
2.0675e-05
2.0698e-05
2.0721e-05
2.0744e-05
2.0766e-05
2.0789e-05
2.0812e-05
2.0835e-05
2.0858e-05
2.0881e-05
2.0904e-05
2.0927e-05
2.095e-05
2.0972e-05
2.0995e-05
2.1018e-05
2.1041e-05
2.1064e-05
2.1087e-05
2.111e-05
2.1133e-05
2.1155e-05
2.1178e-05
2.1201e-05
2.1224e-05
2.1247e-05
2.127e-05
2.1293e-05
2.1316e-05
2.1339e-05
2.1361e-05
2.1384e-05
2.1407e-05
2.143e-05
2.1453e-05
2.1476e-05
2.1499e-05
2.1522e-05
2.1545e-05
2.1567e-05
2.159e-05
2.1613e-05
2.1636e-05
2.1659e-05
2.1682e-05
2.1705e-05
2.1728e-05
2.175e-05
2.1773e-05
2.1796e-05
2.1819e-05
2.1842e-05
2.1865e-05
2.1888e-05
2.1911e-05
2.1934e-05
2.1956e-05
2.1979e-05
2.2002e-05
2.2025e-05
2.2048e-05
2.2071e-05
2.2094e-05
2.2117e-05
2.2139e-05
2.2162e-05
2.2185e-05
2.2208e-05
2.2231e-05
2.2254e-05
2.2277e-05
2.23e-05
2.2323e-05
2.2345e-05
2.2368e-05
2.2391e-05
2.2414e-05
2.2437e-05
2.246e-05
2.2483e-05
2.2506e-05
2.2528e-05
2.2551e-05
2.2574e-05
2.2597e-05
2.262e-05
2.2643e-05
2.2666e-05
2.2689e-05
2.2712e-05
2.2734e-05
2.2757e-05
2.278e-05
2.2803e-05
2.2826e-05
2.2849e-05
2.2872e-05
2.2895e-05
2.2918e-05
2.294e-05
2.2963e-05
2.2986e-05
2.3009e-05
2.3032e-05
2.3055e-05
2.3078e-05
2.3101e-05
2.3123e-05
2.3146e-05
2.3169e-05
2.3192e-05
2.3215e-05
2.3238e-05
2.3261e-05
2.3284e-05
2.3307e-05
2.3329e-05
2.3352e-05
2.3375e-05
2.3398e-05
2.3421e-05
2.3444e-05
2.3467e-05
2.349e-05
2.3512e-05
2.3535e-05
2.3558e-05
2.3581e-05
2.3604e-05
2.3627e-05
2.365e-05
2.3673e-05
2.3696e-05
2.3718e-05
2.3741e-05
2.3764e-05
2.3787e-05
2.381e-05
2.3833e-05
2.3856e-05
2.3879e-05
2.3901e-05
2.3924e-05
2.3947e-05
2.397e-05
2.3993e-05
2.4016e-05
2.4039e-05
2.4062e-05
2.4085e-05
2.4107e-05
2.413e-05
2.4153e-05
2.4176e-05
2.4199e-05
2.4222e-05
2.4245e-05
2.4268e-05
2.429e-05
2.4313e-05
2.4336e-05
2.4359e-05
2.4382e-05
2.4405e-05
2.4428e-05
2.4451e-05
2.4474e-05
2.4496e-05
2.4519e-05
2.4542e-05
2.4565e-05
2.4588e-05
2.4611e-05
2.4634e-05
2.4657e-05
2.468e-05
2.4702e-05
2.4725e-05
2.4748e-05
2.4771e-05
2.4794e-05
2.4817e-05
2.484e-05
2.4863e-05
2.4885e-05
2.4908e-05
2.4931e-05
2.4954e-05
2.4977e-05
2.5e-05
2.5023e-05
2.5046e-05
2.5069e-05
2.5091e-05
2.5114e-05
2.5137e-05
2.516e-05
2.5183e-05
2.5206e-05
2.5229e-05
2.5252e-05
2.5274e-05
2.5297e-05
2.532e-05
2.5343e-05
2.5366e-05
2.5389e-05
2.5412e-05
2.5435e-05
2.5458e-05
2.548e-05
2.5503e-05
2.5526e-05
2.5549e-05
2.5572e-05
2.5595e-05
2.5618e-05
2.5641e-05
2.5663e-05
2.5686e-05
2.5709e-05
2.5732e-05
2.5755e-05
2.5778e-05
2.5801e-05
2.5824e-05
2.5847e-05
2.5869e-05
2.5892e-05
2.5915e-05
2.5938e-05
2.5961e-05
2.5984e-05
2.6007e-05
2.603e-05
2.6052e-05
2.6075e-05
2.6098e-05
2.6121e-05
2.6144e-05
2.6167e-05
2.619e-05
2.6213e-05
2.6236e-05
2.6258e-05
2.6281e-05
2.6304e-05
2.6327e-05
2.635e-05
2.6373e-05
2.6396e-05
2.6419e-05
2.6442e-05
2.6464e-05
2.6487e-05
2.651e-05
2.6533e-05
2.6556e-05
2.6579e-05
2.6602e-05
2.6625e-05
2.6647e-05
2.667e-05
2.6693e-05
2.6716e-05
2.6739e-05
2.6762e-05
2.6785e-05
2.6808e-05
2.6831e-05
2.6853e-05
2.6876e-05
2.6899e-05
2.6922e-05
2.6945e-05
2.6968e-05
2.6991e-05
2.7014e-05
2.7036e-05
2.7059e-05
2.7082e-05
2.7105e-05
2.7128e-05
2.7151e-05
2.7174e-05
2.7197e-05
2.722e-05
2.7242e-05
2.7265e-05
2.7288e-05
2.7311e-05
2.7334e-05
2.7357e-05
2.738e-05
2.7403e-05
2.7425e-05
2.7448e-05
2.7471e-05
2.7494e-05
2.7517e-05
2.754e-05
2.7563e-05
2.7586e-05
2.7609e-05
2.7631e-05
2.7654e-05
2.7677e-05
2.77e-05
2.7723e-05
2.7746e-05
2.7769e-05
2.7792e-05
2.7815e-05
2.7837e-05
2.786e-05
2.7883e-05
2.7906e-05
2.7929e-05
2.7952e-05
2.7975e-05
2.7998e-05
2.802e-05
2.8043e-05
2.8066e-05
2.8089e-05
2.8112e-05
2.8135e-05
2.8158e-05
2.8181e-05
2.8204e-05
2.8226e-05
2.8249e-05
2.8272e-05
2.8295e-05
2.8318e-05
2.8341e-05
2.8364e-05
2.8387e-05
2.8409e-05
2.8432e-05
2.8455e-05
2.8478e-05
2.8501e-05
2.8524e-05
2.8547e-05
2.857e-05
2.8593e-05
2.8615e-05
2.8638e-05
2.8661e-05
2.8684e-05
2.8707e-05
2.873e-05
2.8753e-05
2.8776e-05
2.8798e-05
2.8821e-05
2.8844e-05
2.8867e-05
2.889e-05
2.8913e-05
2.8936e-05
2.8959e-05
2.8982e-05
2.9004e-05
2.9027e-05
2.905e-05
2.9073e-05
2.9096e-05
2.9119e-05
2.9142e-05
2.9165e-05
2.9187e-05
2.921e-05
2.9233e-05
2.9256e-05
2.9279e-05
2.9302e-05
2.9325e-05
2.9348e-05
2.9371e-05
2.9393e-05
2.9416e-05
2.9439e-05
2.9462e-05
2.9485e-05
2.9508e-05
2.9531e-05
2.9554e-05
2.9577e-05
2.9599e-05
2.9622e-05
2.9645e-05
2.9668e-05
2.9691e-05
2.9714e-05
2.9737e-05
2.976e-05
2.9782e-05
2.9805e-05
2.9828e-05
2.9851e-05
2.9874e-05
2.9897e-05
2.992e-05
2.9943e-05
2.9966e-05
2.9988e-05
3.0011e-05
3.0034e-05
3.0057e-05
3.008e-05
3.0103e-05
3.0126e-05
3.0149e-05
3.0171e-05
3.0194e-05
3.0217e-05
3.024e-05
3.0263e-05
3.0286e-05
3.0309e-05
3.0332e-05
3.0355e-05
3.0377e-05
3.04e-05
3.0423e-05
3.0446e-05
3.0469e-05
3.0492e-05
3.0515e-05
3.0538e-05
3.056e-05
3.0583e-05
3.0606e-05
3.0629e-05
3.0652e-05
3.0675e-05
3.0698e-05
3.0721e-05
3.0744e-05
3.0766e-05
3.0789e-05
3.0812e-05
3.0835e-05
3.0858e-05
3.0881e-05
3.0904e-05
3.0927e-05
3.0949e-05
3.0972e-05
3.0995e-05
3.1018e-05
3.1041e-05
3.1064e-05
3.1087e-05
3.111e-05
3.1133e-05
3.1155e-05
3.1178e-05
3.1201e-05
3.1224e-05
3.1247e-05
3.127e-05
3.1293e-05
3.1316e-05
3.1339e-05
3.1361e-05
3.1384e-05
3.1407e-05
3.143e-05
3.1453e-05
3.1476e-05
3.1499e-05
3.1522e-05
3.1544e-05
3.1567e-05
3.159e-05
3.1613e-05
3.1636e-05
3.1659e-05
3.1682e-05
3.1705e-05
3.1728e-05
3.175e-05
3.1773e-05
3.1796e-05
3.1819e-05
3.1842e-05
3.1865e-05
3.1888e-05
3.1911e-05
3.1933e-05
3.1956e-05
3.1979e-05
3.2002e-05
3.2025e-05
3.2048e-05
3.2071e-05
3.2094e-05
3.2117e-05
3.2139e-05
3.2162e-05
3.2185e-05
3.2208e-05
3.2231e-05
3.2254e-05
3.2277e-05
3.23e-05
3.2322e-05
3.2345e-05
3.2368e-05
3.2391e-05
3.2414e-05
3.2437e-05
3.246e-05
3.2483e-05
3.2506e-05
3.2528e-05
3.2551e-05
3.2574e-05
3.2597e-05
3.262e-05
3.2643e-05
3.2666e-05
3.2689e-05
3.2712e-05
3.2734e-05
3.2757e-05
3.278e-05
3.2803e-05
3.2826e-05
3.2849e-05
3.2872e-05
3.2895e-05
3.2917e-05
3.294e-05
3.2963e-05
3.2986e-05
3.3009e-05
3.3032e-05
3.3055e-05
3.3078e-05
3.3101e-05
3.3123e-05
3.3146e-05
3.3169e-05
3.3192e-05
3.3215e-05
3.3238e-05
3.3261e-05
3.3284e-05
3.3306e-05
3.3329e-05
3.3352e-05
3.3375e-05
3.3398e-05
3.3421e-05
3.3444e-05
3.3467e-05
3.3489e-05
3.3512e-05
3.3535e-05
3.3558e-05
3.3581e-05
3.3604e-05
3.3627e-05
3.3649e-05
3.3672e-05
3.3695e-05
3.3718e-05
3.3741e-05
3.3763e-05
3.3786e-05
3.3809e-05
3.3832e-05
3.3854e-05
3.3877e-05
3.39e-05
3.3922e-05
3.3945e-05
3.3968e-05
3.399e-05
3.4013e-05
3.4035e-05
3.4057e-05
3.4079e-05
3.4102e-05
3.4124e-05
3.4146e-05
3.4167e-05
3.4189e-05
3.4211e-05
3.4232e-05
3.4253e-05
3.4274e-05
3.4295e-05
3.4315e-05
3.4336e-05
3.4355e-05
3.4375e-05
3.4394e-05
3.4413e-05
3.4431e-05
3.4448e-05
3.4465e-05
3.4482e-05
3.4497e-05
3.4512e-05
3.4526e-05
3.4539e-05
3.4551e-05
3.4562e-05
3.4572e-05
3.458e-05
3.4587e-05
3.4592e-05
3.4596e-05
3.4597e-05
3.4597e-05
3.4594e-05
3.459e-05
3.4582e-05
3.4572e-05
3.4559e-05
3.4542e-05
3.4523e-05
3.4498e-05
3.4474e-05
3.4438e-05
3.4407e-05
3.4361e-05
3.4321e-05
3.4263e-05
3.4214e-05
3.4142e-05
3.4082e-05
3.3996e-05
3.3922e-05
3.3822e-05
3.3731e-05
3.3615e-05
3.3506e-05
3.3374e-05
3.3242e-05
3.3095e-05
3.2936e-05
3.2772e-05
3.2584e-05
3.2404e-05
3.2182e-05
3.1984e-05
3.1726e-05
3.1509e-05
3.1213e-05
3.0974e-05
3.0638e-05
3.0375e-05
2.9998e-05
2.9707e-05
2.9288e-05
2.8966e-05
2.8505e-05
2.8148e-05
2.7646e-05
2.7248e-05
2.6706e-05
2.6264e-05
2.5681e-05
2.5192e-05
2.4569e-05
2.4029e-05
2.3367e-05
2.2772e-05
2.2072e-05
2.1421e-05
2.068e-05
1.9972e-05
1.9191e-05
1.8425e-05
1.7602e-05
1.6779e-05
1.5912e-05
1.5032e-05
1.4121e-05
1.3185e-05
1.2227e-05
1.1237e-05
1.0231e-05
9.189e-06
8.1334e-06
7.0406e-06
5.9344e-06
4.7925e-06
3.635e-06
2.4454e-06
1.2363e-06
