-3.4285e-06
-6.7772e-06
-9.9902e-06
-1.3161e-05
-1.6154e-05
-1.9146e-05
-2.1915e-05
-2.4732e-05
-2.7273e-05
-2.9916e-05
-3.2227e-05
-3.4698e-05
-3.6783e-05
-3.9081e-05
-4.0946e-05
-4.307e-05
-4.4726e-05
-4.6671e-05
-4.8137e-05
-4.9897e-05
-5.1192e-05
-5.2761e-05
-5.3908e-05
-5.5283e-05
-5.6302e-05
-5.7482e-05
-5.8392e-05
-5.9384e-05
-6.0199e-05
-6.1013e-05
-6.1741e-05
-6.2394e-05
-6.304e-05
-6.3554e-05
-6.4118e-05
-6.4517e-05
-6.4998e-05
-6.5305e-05
-6.5702e-05
-6.5937e-05
-6.6254e-05
-6.6434e-05
-6.6675e-05
-6.6813e-05
-6.6985e-05
-6.7088e-05
-6.7202e-05
-6.7275e-05
-6.7342e-05
-6.7388e-05
-6.7418e-05
-6.7439e-05
-6.7441e-05
-6.7439e-05
-6.742e-05
-6.7399e-05
-6.7364e-05
-6.7326e-05
-6.7279e-05
-6.7228e-05
-6.7171e-05
-6.711e-05
-6.7044e-05
-6.6975e-05
-6.6904e-05
-6.6829e-05
-6.6753e-05
-6.6674e-05
-6.6593e-05
-6.6511e-05
-6.6427e-05
-6.6343e-05
-6.6257e-05
-6.6171e-05
-6.6084e-05
-6.5996e-05
-6.5907e-05
-6.5819e-05
-6.5729e-05
-6.564e-05
-6.555e-05
-6.546e-05
-6.537e-05
-6.528e-05
-6.5189e-05
-6.5099e-05
-6.5008e-05
-6.4917e-05
-6.4826e-05
-6.4735e-05
-6.4644e-05
-6.4554e-05
-6.4463e-05
-6.4372e-05
-6.428e-05
-6.4189e-05
-6.4098e-05
-6.4007e-05
-6.3916e-05
-6.3825e-05
-6.3734e-05
-6.3643e-05
-6.3552e-05
-6.3461e-05
-6.337e-05
-6.3279e-05
-6.3187e-05
-6.3096e-05
-6.3005e-05
-6.2914e-05
-6.2823e-05
-6.2732e-05
-6.2641e-05
-6.255e-05
-6.2458e-05
-6.2367e-05
-6.2276e-05
-6.2185e-05
-6.2094e-05
-6.2003e-05
-6.1912e-05
-6.1821e-05
-6.173e-05
-6.1638e-05
-6.1547e-05
-6.1456e-05
-6.1365e-05
-6.1274e-05
-6.1183e-05
-6.1092e-05
-6.1001e-05
-6.091e-05
-6.0818e-05
-6.0727e-05
-6.0636e-05
-6.0545e-05
-6.0454e-05
-6.0363e-05
-6.0272e-05
-6.0181e-05
-6.009e-05
-5.9998e-05
-5.9907e-05
-5.9816e-05
-5.9725e-05
-5.9634e-05
-5.9543e-05
-5.9452e-05
-5.9361e-05
-5.927e-05
-5.9178e-05
-5.9087e-05
-5.8996e-05
-5.8905e-05
-5.8814e-05
-5.8723e-05
-5.8632e-05
-5.8541e-05
-5.8449e-05
-5.8358e-05
-5.8267e-05
-5.8176e-05
-5.8085e-05
-5.7994e-05
-5.7903e-05
-5.7812e-05
-5.7721e-05
-5.7629e-05
-5.7538e-05
-5.7447e-05
-5.7356e-05
-5.7265e-05
-5.7174e-05
-5.7083e-05
-5.6992e-05
-5.6901e-05
-5.6809e-05
-5.6718e-05
-5.6627e-05
-5.6536e-05
-5.6445e-05
-5.6354e-05
-5.6263e-05
-5.6172e-05
-5.6081e-05
-5.5989e-05
-5.5898e-05
-5.5807e-05
-5.5716e-05
-5.5625e-05
-5.5534e-05
-5.5443e-05
-5.5352e-05
-5.5261e-05
-5.5169e-05
-5.5078e-05
-5.4987e-05
-5.4896e-05
-5.4805e-05
-5.4714e-05
-5.4623e-05
-5.4532e-05
-5.444e-05
-5.4349e-05
-5.4258e-05
-5.4167e-05
-5.4076e-05
-5.3985e-05
-5.3894e-05
-5.3803e-05
-5.3712e-05
-5.362e-05
-5.3529e-05
-5.3438e-05
-5.3347e-05
-5.3256e-05
-5.3165e-05
-5.3074e-05
-5.2983e-05
-5.2892e-05
-5.28e-05
-5.2709e-05
-5.2618e-05
-5.2527e-05
-5.2436e-05
-5.2345e-05
-5.2254e-05
-5.2163e-05
-5.2072e-05
-5.198e-05
-5.1889e-05
-5.1798e-05
-5.1707e-05
-5.1616e-05
-5.1525e-05
-5.1434e-05
-5.1343e-05
-5.1252e-05
-5.116e-05
-5.1069e-05
-5.0978e-05
-5.0887e-05
-5.0796e-05
-5.0705e-05
-5.0614e-05
-5.0523e-05
-5.0431e-05
-5.034e-05
-5.0249e-05
-5.0158e-05
-5.0067e-05
-4.9976e-05
-4.9885e-05
-4.9794e-05
-4.9703e-05
-4.9611e-05
-4.952e-05
-4.9429e-05
-4.9338e-05
-4.9247e-05
-4.9156e-05
-4.9065e-05
-4.8974e-05
-4.8883e-05
-4.8791e-05
-4.87e-05
-4.8609e-05
-4.8518e-05
-4.8427e-05
-4.8336e-05
-4.8245e-05
-4.8154e-05
-4.8063e-05
-4.7971e-05
-4.788e-05
-4.7789e-05
-4.7698e-05
-4.7607e-05
-4.7516e-05
-4.7425e-05
-4.7334e-05
-4.7242e-05
-4.7151e-05
-4.706e-05
-4.6969e-05
-4.6878e-05
-4.6787e-05
-4.6696e-05
-4.6605e-05
-4.6514e-05
-4.6422e-05
-4.6331e-05
-4.624e-05
-4.6149e-05
-4.6058e-05
-4.5967e-05
-4.5876e-05
-4.5785e-05
-4.5694e-05
-4.5602e-05
-4.5511e-05
-4.542e-05
-4.5329e-05
-4.5238e-05
-4.5147e-05
-4.5056e-05
-4.4965e-05
-4.4874e-05
-4.4782e-05
-4.4691e-05
-4.46e-05
-4.4509e-05
-4.4418e-05
-4.4327e-05
-4.4236e-05
-4.4145e-05
-4.4054e-05
-4.3962e-05
-4.3871e-05
-4.378e-05
-4.3689e-05
-4.3598e-05
-4.3507e-05
-4.3416e-05
-4.3325e-05
-4.3233e-05
-4.3142e-05
-4.3051e-05
-4.296e-05
-4.2869e-05
-4.2778e-05
-4.2687e-05
-4.2596e-05
-4.2505e-05
-4.2413e-05
-4.2322e-05
-4.2231e-05
-4.214e-05
-4.2049e-05
-4.1958e-05
-4.1867e-05
-4.1776e-05
-4.1685e-05
-4.1593e-05
-4.1502e-05
-4.1411e-05
-4.132e-05
-4.1229e-05
-4.1138e-05
-4.1047e-05
-4.0956e-05
-4.0865e-05
-4.0773e-05
-4.0682e-05
-4.0591e-05
-4.05e-05
-4.0409e-05
-4.0318e-05
-4.0227e-05
-4.0136e-05
-4.0045e-05
-3.9953e-05
-3.9862e-05
-3.9771e-05
-3.968e-05
-3.9589e-05
-3.9498e-05
-3.9407e-05
-3.9316e-05
-3.9224e-05
-3.9133e-05
-3.9042e-05
-3.8951e-05
-3.886e-05
-3.8769e-05
-3.8678e-05
-3.8587e-05
-3.8496e-05
-3.8404e-05
-3.8313e-05
-3.8222e-05
-3.8131e-05
-3.804e-05
-3.7949e-05
-3.7858e-05
-3.7767e-05
-3.7676e-05
-3.7584e-05
-3.7493e-05
-3.7402e-05
-3.7311e-05
-3.722e-05
-3.7129e-05
-3.7038e-05
-3.6947e-05
-3.6856e-05
-3.6764e-05
-3.6673e-05
-3.6582e-05
-3.6491e-05
-3.64e-05
-3.6309e-05
-3.6218e-05
-3.6127e-05
-3.6036e-05
-3.5944e-05
-3.5853e-05
-3.5762e-05
-3.5671e-05
-3.558e-05
-3.5489e-05
-3.5398e-05
-3.5307e-05
-3.5215e-05
-3.5124e-05
-3.5033e-05
-3.4942e-05
-3.4851e-05
-3.476e-05
-3.4669e-05
-3.4578e-05
-3.4487e-05
-3.4395e-05
-3.4304e-05
-3.4213e-05
-3.4122e-05
-3.4031e-05
-3.394e-05
-3.3849e-05
-3.3758e-05
-3.3667e-05
-3.3575e-05
-3.3484e-05
-3.3393e-05
-3.3302e-05
-3.3211e-05
-3.312e-05
-3.3029e-05
-3.2938e-05
-3.2847e-05
-3.2755e-05
-3.2664e-05
-3.2573e-05
-3.2482e-05
-3.2391e-05
-3.23e-05
-3.2209e-05
-3.2118e-05
-3.2026e-05
-3.1935e-05
-3.1844e-05
-3.1753e-05
-3.1662e-05
-3.1571e-05
-3.148e-05
-3.1389e-05
-3.1298e-05
-3.1206e-05
-3.1115e-05
-3.1024e-05
-3.0933e-05
-3.0842e-05
-3.0751e-05
-3.066e-05
-3.0569e-05
-3.0478e-05
-3.0386e-05
-3.0295e-05
-3.0204e-05
-3.0113e-05
-3.0022e-05
-2.9931e-05
-2.984e-05
-2.9749e-05
-2.9658e-05
-2.9566e-05
-2.9475e-05
-2.9384e-05
-2.9293e-05
-2.9202e-05
-2.9111e-05
-2.902e-05
-2.8929e-05
-2.8838e-05
-2.8746e-05
-2.8655e-05
-2.8564e-05
-2.8473e-05
-2.8382e-05
-2.8291e-05
-2.82e-05
-2.8109e-05
-2.8017e-05
-2.7926e-05
-2.7835e-05
-2.7744e-05
-2.7653e-05
-2.7562e-05
-2.7471e-05
-2.738e-05
-2.7289e-05
-2.7197e-05
-2.7106e-05
-2.7015e-05
-2.6924e-05
-2.6833e-05
-2.6742e-05
-2.6651e-05
-2.656e-05
-2.6469e-05
-2.6377e-05
-2.6286e-05
-2.6195e-05
-2.6104e-05
-2.6013e-05
-2.5922e-05
-2.5831e-05
-2.574e-05
-2.5649e-05
-2.5557e-05
-2.5466e-05
-2.5375e-05
-2.5284e-05
-2.5193e-05
-2.5102e-05
-2.5011e-05
-2.492e-05
-2.4829e-05
-2.4737e-05
-2.4646e-05
-2.4555e-05
-2.4464e-05
-2.4373e-05
-2.4282e-05
-2.4191e-05
-2.41e-05
-2.4008e-05
-2.3917e-05
-2.3826e-05
-2.3735e-05
-2.3644e-05
-2.3553e-05
-2.3462e-05
-2.3371e-05
-2.328e-05
-2.3188e-05
-2.3097e-05
-2.3006e-05
-2.2915e-05
-2.2824e-05
-2.2733e-05
-2.2642e-05
-2.2551e-05
-2.246e-05
-2.2368e-05
-2.2277e-05
-2.2186e-05
-2.2095e-05
-2.2004e-05
-2.1913e-05
-2.1822e-05
-2.1731e-05
-2.164e-05
-2.1548e-05
-2.1457e-05
-2.1366e-05
-2.1275e-05
-2.1184e-05
-2.1093e-05
-2.1002e-05
-2.0911e-05
-2.0819e-05
-2.0728e-05
-2.0637e-05
-2.0546e-05
-2.0455e-05
-2.0364e-05
-2.0273e-05
-2.0182e-05
-2.0091e-05
-1.9999e-05
-1.9908e-05
-1.9817e-05
-1.9726e-05
-1.9635e-05
-1.9544e-05
-1.9453e-05
-1.9362e-05
-1.9271e-05
-1.9179e-05
-1.9088e-05
-1.8997e-05
-1.8906e-05
-1.8815e-05
-1.8724e-05
-1.8633e-05
-1.8542e-05
-1.8451e-05
-1.8359e-05
-1.8268e-05
-1.8177e-05
-1.8086e-05
-1.7995e-05
-1.7904e-05
-1.7813e-05
-1.7722e-05
-1.7631e-05
-1.7539e-05
-1.7448e-05
-1.7357e-05
-1.7266e-05
-1.7175e-05
-1.7084e-05
-1.6993e-05
-1.6902e-05
-1.681e-05
-1.6719e-05
-1.6628e-05
-1.6537e-05
-1.6446e-05
-1.6355e-05
-1.6264e-05
-1.6173e-05
-1.6082e-05
-1.599e-05
-1.5899e-05
-1.5808e-05
-1.5717e-05
-1.5626e-05
-1.5535e-05
-1.5444e-05
-1.5353e-05
-1.5262e-05
-1.517e-05
-1.5079e-05
-1.4988e-05
-1.4897e-05
-1.4806e-05
-1.4715e-05
-1.4624e-05
-1.4533e-05
-1.4442e-05
-1.435e-05
-1.4259e-05
-1.4168e-05
-1.4077e-05
-1.3986e-05
-1.3895e-05
-1.3804e-05
-1.3713e-05
-1.3622e-05
-1.353e-05
-1.3439e-05
-1.3348e-05
-1.3257e-05
-1.3166e-05
-1.3075e-05
-1.2984e-05
-1.2893e-05
-1.2801e-05
-1.271e-05
-1.2619e-05
-1.2528e-05
-1.2437e-05
-1.2346e-05
-1.2255e-05
-1.2164e-05
-1.2073e-05
-1.1981e-05
-1.189e-05
-1.1799e-05
-1.1708e-05
-1.1617e-05
-1.1526e-05
-1.1435e-05
-1.1344e-05
-1.1253e-05
-1.1161e-05
-1.107e-05
-1.0979e-05
-1.0888e-05
-1.0797e-05
-1.0706e-05
-1.0615e-05
-1.0524e-05
-1.0433e-05
-1.0341e-05
-1.025e-05
-1.0159e-05
-1.0068e-05
-9.977e-06
-9.8858e-06
-9.7947e-06
-9.7036e-06
-9.6125e-06
-9.5214e-06
-9.4303e-06
-9.3392e-06
-9.248e-06
-9.1569e-06
-9.0658e-06
-8.9747e-06
-8.8836e-06
-8.7925e-06
-8.7014e-06
-8.6103e-06
-8.5191e-06
-8.428e-06
-8.3369e-06
-8.2458e-06
-8.1547e-06
-8.0636e-06
-7.9725e-06
-7.8813e-06
-7.7902e-06
-7.6991e-06
-7.608e-06
-7.5169e-06
-7.4258e-06
-7.3347e-06
-7.2435e-06
-7.1524e-06
-7.0613e-06
-6.9702e-06
-6.8791e-06
-6.788e-06
-6.6969e-06
-6.6057e-06
-6.5146e-06
-6.4235e-06
-6.3324e-06
-6.2413e-06
-6.1502e-06
-6.0591e-06
-5.968e-06
-5.8768e-06
-5.7857e-06
-5.6946e-06
-5.6035e-06
-5.5124e-06
-5.4213e-06
-5.3302e-06
-5.239e-06
-5.1479e-06
-5.0568e-06
-4.9657e-06
-4.8746e-06
-4.7835e-06
-4.6924e-06
-4.6012e-06
-4.5101e-06
-4.419e-06
-4.3279e-06
-4.2368e-06
-4.1457e-06
-4.0546e-06
-3.9634e-06
-3.8723e-06
-3.7812e-06
-3.6901e-06
-3.599e-06
-3.5079e-06
-3.4168e-06
-3.3257e-06
-3.2345e-06
-3.1434e-06
-3.0523e-06
-2.9612e-06
-2.8701e-06
-2.779e-06
-2.6879e-06
-2.5967e-06
-2.5056e-06
-2.4145e-06
-2.3234e-06
-2.2323e-06
-2.1412e-06
-2.0501e-06
-1.9589e-06
-1.8678e-06
-1.7767e-06
-1.6856e-06
-1.5945e-06
-1.5034e-06
-1.4123e-06
-1.3211e-06
-1.23e-06
-1.1389e-06
-1.0478e-06
-9.5669e-07
-8.6558e-07
-7.7447e-07
-6.8335e-07
-5.9224e-07
-5.0113e-07
-4.1001e-07
-3.189e-07
-2.2778e-07
-1.3667e-07
-4.5557e-08
4.5557e-08
1.3667e-07
2.2778e-07
3.189e-07
4.1001e-07
5.0113e-07
5.9224e-07
6.8335e-07
7.7447e-07
8.6558e-07
9.5669e-07
1.0478e-06
1.1389e-06
1.23e-06
1.3211e-06
1.4123e-06
1.5034e-06
1.5945e-06
1.6856e-06
1.7767e-06
1.8678e-06
1.9589e-06
2.0501e-06
2.1412e-06
2.2323e-06
2.3234e-06
2.4145e-06
2.5056e-06
2.5967e-06
2.6879e-06
2.779e-06
2.8701e-06
2.9612e-06
3.0523e-06
3.1434e-06
3.2345e-06
3.3257e-06
3.4168e-06
3.5079e-06
3.599e-06
3.6901e-06
3.7812e-06
3.8723e-06
3.9634e-06
4.0546e-06
4.1457e-06
4.2368e-06
4.3279e-06
4.419e-06
4.5101e-06
4.6012e-06
4.6924e-06
4.7835e-06
4.8746e-06
4.9657e-06
5.0568e-06
5.1479e-06
5.239e-06
5.3302e-06
5.4213e-06
5.5124e-06
5.6035e-06
5.6946e-06
5.7857e-06
5.8768e-06
5.968e-06
6.0591e-06
6.1502e-06
6.2413e-06
6.3324e-06
6.4235e-06
6.5146e-06
6.6057e-06
6.6969e-06
6.788e-06
6.8791e-06
6.9702e-06
7.0613e-06
7.1524e-06
7.2435e-06
7.3347e-06
7.4258e-06
7.5169e-06
7.608e-06
7.6991e-06
7.7902e-06
7.8813e-06
7.9725e-06
8.0636e-06
8.1547e-06
8.2458e-06
8.3369e-06
8.428e-06
8.5191e-06
8.6103e-06
8.7014e-06
8.7925e-06
8.8836e-06
8.9747e-06
9.0658e-06
9.1569e-06
9.248e-06
9.3392e-06
9.4303e-06
9.5214e-06
9.6125e-06
9.7036e-06
9.7947e-06
9.8858e-06
9.977e-06
1.0068e-05
1.0159e-05
1.025e-05
1.0341e-05
1.0433e-05
1.0524e-05
1.0615e-05
1.0706e-05
1.0797e-05
1.0888e-05
1.0979e-05
1.107e-05
1.1161e-05
1.1253e-05
1.1344e-05
1.1435e-05
1.1526e-05
1.1617e-05
1.1708e-05
1.1799e-05
1.189e-05
1.1981e-05
1.2073e-05
1.2164e-05
1.2255e-05
1.2346e-05
1.2437e-05
1.2528e-05
1.2619e-05
1.271e-05
1.2801e-05
1.2893e-05
1.2984e-05
1.3075e-05
1.3166e-05
1.3257e-05
1.3348e-05
1.3439e-05
1.353e-05
1.3622e-05
1.3713e-05
1.3804e-05
1.3895e-05
1.3986e-05
1.4077e-05
1.4168e-05
1.4259e-05
1.435e-05
1.4442e-05
1.4533e-05
1.4624e-05
1.4715e-05
1.4806e-05
1.4897e-05
1.4988e-05
1.5079e-05
1.517e-05
1.5262e-05
1.5353e-05
1.5444e-05
1.5535e-05
1.5626e-05
1.5717e-05
1.5808e-05
1.5899e-05
1.599e-05
1.6082e-05
1.6173e-05
1.6264e-05
1.6355e-05
1.6446e-05
1.6537e-05
1.6628e-05
1.6719e-05
1.681e-05
1.6902e-05
1.6993e-05
1.7084e-05
1.7175e-05
1.7266e-05
1.7357e-05
1.7448e-05
1.7539e-05
1.7631e-05
1.7722e-05
1.7813e-05
1.7904e-05
1.7995e-05
1.8086e-05
1.8177e-05
1.8268e-05
1.8359e-05
1.8451e-05
1.8542e-05
1.8633e-05
1.8724e-05
1.8815e-05
1.8906e-05
1.8997e-05
1.9088e-05
1.9179e-05
1.9271e-05
1.9362e-05
1.9453e-05
1.9544e-05
1.9635e-05
1.9726e-05
1.9817e-05
1.9908e-05
1.9999e-05
2.0091e-05
2.0182e-05
2.0273e-05
2.0364e-05
2.0455e-05
2.0546e-05
2.0637e-05
2.0728e-05
2.0819e-05
2.0911e-05
2.1002e-05
2.1093e-05
2.1184e-05
2.1275e-05
2.1366e-05
2.1457e-05
2.1548e-05
2.164e-05
2.1731e-05
2.1822e-05
2.1913e-05
2.2004e-05
2.2095e-05
2.2186e-05
2.2277e-05
2.2368e-05
2.246e-05
2.2551e-05
2.2642e-05
2.2733e-05
2.2824e-05
2.2915e-05
2.3006e-05
2.3097e-05
2.3188e-05
2.328e-05
2.3371e-05
2.3462e-05
2.3553e-05
2.3644e-05
2.3735e-05
2.3826e-05
2.3917e-05
2.4008e-05
2.41e-05
2.4191e-05
2.4282e-05
2.4373e-05
2.4464e-05
2.4555e-05
2.4646e-05
2.4737e-05
2.4829e-05
2.492e-05
2.5011e-05
2.5102e-05
2.5193e-05
2.5284e-05
2.5375e-05
2.5466e-05
2.5557e-05
2.5649e-05
2.574e-05
2.5831e-05
2.5922e-05
2.6013e-05
2.6104e-05
2.6195e-05
2.6286e-05
2.6377e-05
2.6469e-05
2.656e-05
2.6651e-05
2.6742e-05
2.6833e-05
2.6924e-05
2.7015e-05
2.7106e-05
2.7197e-05
2.7289e-05
2.738e-05
2.7471e-05
2.7562e-05
2.7653e-05
2.7744e-05
2.7835e-05
2.7926e-05
2.8017e-05
2.8109e-05
2.82e-05
2.8291e-05
2.8382e-05
2.8473e-05
2.8564e-05
2.8655e-05
2.8746e-05
2.8838e-05
2.8929e-05
2.902e-05
2.9111e-05
2.9202e-05
2.9293e-05
2.9384e-05
2.9475e-05
2.9566e-05
2.9658e-05
2.9749e-05
2.984e-05
2.9931e-05
3.0022e-05
3.0113e-05
3.0204e-05
3.0295e-05
3.0386e-05
3.0478e-05
3.0569e-05
3.066e-05
3.0751e-05
3.0842e-05
3.0933e-05
3.1024e-05
3.1115e-05
3.1206e-05
3.1298e-05
3.1389e-05
3.148e-05
3.1571e-05
3.1662e-05
3.1753e-05
3.1844e-05
3.1935e-05
3.2026e-05
3.2118e-05
3.2209e-05
3.23e-05
3.2391e-05
3.2482e-05
3.2573e-05
3.2664e-05
3.2755e-05
3.2847e-05
3.2938e-05
3.3029e-05
3.312e-05
3.3211e-05
3.3302e-05
3.3393e-05
3.3484e-05
3.3575e-05
3.3667e-05
3.3758e-05
3.3849e-05
3.394e-05
3.4031e-05
3.4122e-05
3.4213e-05
3.4304e-05
3.4395e-05
3.4487e-05
3.4578e-05
3.4669e-05
3.476e-05
3.4851e-05
3.4942e-05
3.5033e-05
3.5124e-05
3.5215e-05
3.5307e-05
3.5398e-05
3.5489e-05
3.558e-05
3.5671e-05
3.5762e-05
3.5853e-05
3.5944e-05
3.6036e-05
3.6127e-05
3.6218e-05
3.6309e-05
3.64e-05
3.6491e-05
3.6582e-05
3.6673e-05
3.6764e-05
3.6856e-05
3.6947e-05
3.7038e-05
3.7129e-05
3.722e-05
3.7311e-05
3.7402e-05
3.7493e-05
3.7584e-05
3.7676e-05
3.7767e-05
3.7858e-05
3.7949e-05
3.804e-05
3.8131e-05
3.8222e-05
3.8313e-05
3.8404e-05
3.8496e-05
3.8587e-05
3.8678e-05
3.8769e-05
3.886e-05
3.8951e-05
3.9042e-05
3.9133e-05
3.9224e-05
3.9316e-05
3.9407e-05
3.9498e-05
3.9589e-05
3.968e-05
3.9771e-05
3.9862e-05
3.9953e-05
4.0045e-05
4.0136e-05
4.0227e-05
4.0318e-05
4.0409e-05
4.05e-05
4.0591e-05
4.0682e-05
4.0773e-05
4.0865e-05
4.0956e-05
4.1047e-05
4.1138e-05
4.1229e-05
4.132e-05
4.1411e-05
4.1502e-05
4.1593e-05
4.1685e-05
4.1776e-05
4.1867e-05
4.1958e-05
4.2049e-05
4.214e-05
4.2231e-05
4.2322e-05
4.2413e-05
4.2505e-05
4.2596e-05
4.2687e-05
4.2778e-05
4.2869e-05
4.296e-05
4.3051e-05
4.3142e-05
4.3233e-05
4.3325e-05
4.3416e-05
4.3507e-05
4.3598e-05
4.3689e-05
4.378e-05
4.3871e-05
4.3962e-05
4.4054e-05
4.4145e-05
4.4236e-05
4.4327e-05
4.4418e-05
4.4509e-05
4.46e-05
4.4691e-05
4.4782e-05
4.4874e-05
4.4965e-05
4.5056e-05
4.5147e-05
4.5238e-05
4.5329e-05
4.542e-05
4.5511e-05
4.5602e-05
4.5694e-05
4.5785e-05
4.5876e-05
4.5967e-05
4.6058e-05
4.6149e-05
4.624e-05
4.6331e-05
4.6422e-05
4.6514e-05
4.6605e-05
4.6696e-05
4.6787e-05
4.6878e-05
4.6969e-05
4.706e-05
4.7151e-05
4.7242e-05
4.7334e-05
4.7425e-05
4.7516e-05
4.7607e-05
4.7698e-05
4.7789e-05
4.788e-05
4.7971e-05
4.8063e-05
4.8154e-05
4.8245e-05
4.8336e-05
4.8427e-05
4.8518e-05
4.8609e-05
4.87e-05
4.8791e-05
4.8883e-05
4.8974e-05
4.9065e-05
4.9156e-05
4.9247e-05
4.9338e-05
4.9429e-05
4.952e-05
4.9611e-05
4.9703e-05
4.9794e-05
4.9885e-05
4.9976e-05
5.0067e-05
5.0158e-05
5.0249e-05
5.034e-05
5.0431e-05
5.0523e-05
5.0614e-05
5.0705e-05
5.0796e-05
5.0887e-05
5.0978e-05
5.1069e-05
5.116e-05
5.1252e-05
5.1343e-05
5.1434e-05
5.1525e-05
5.1616e-05
5.1707e-05
5.1798e-05
5.1889e-05
5.198e-05
5.2072e-05
5.2163e-05
5.2254e-05
5.2345e-05
5.2436e-05
5.2527e-05
5.2618e-05
5.2709e-05
5.28e-05
5.2892e-05
5.2983e-05
5.3074e-05
5.3165e-05
5.3256e-05
5.3347e-05
5.3438e-05
5.3529e-05
5.362e-05
5.3712e-05
5.3803e-05
5.3894e-05
5.3985e-05
5.4076e-05
5.4167e-05
5.4258e-05
5.4349e-05
5.444e-05
5.4532e-05
5.4623e-05
5.4714e-05
5.4805e-05
5.4896e-05
5.4987e-05
5.5078e-05
5.5169e-05
5.5261e-05
5.5352e-05
5.5443e-05
5.5534e-05
5.5625e-05
5.5716e-05
5.5807e-05
5.5898e-05
5.5989e-05
5.6081e-05
5.6172e-05
5.6263e-05
5.6354e-05
5.6445e-05
5.6536e-05
5.6627e-05
5.6718e-05
5.6809e-05
5.6901e-05
5.6992e-05
5.7083e-05
5.7174e-05
5.7265e-05
5.7356e-05
5.7447e-05
5.7538e-05
5.7629e-05
5.7721e-05
5.7812e-05
5.7903e-05
5.7994e-05
5.8085e-05
5.8176e-05
5.8267e-05
5.8358e-05
5.8449e-05
5.8541e-05
5.8632e-05
5.8723e-05
5.8814e-05
5.8905e-05
5.8996e-05
5.9087e-05
5.9178e-05
5.927e-05
5.9361e-05
5.9452e-05
5.9543e-05
5.9634e-05
5.9725e-05
5.9816e-05
5.9907e-05
5.9998e-05
6.009e-05
6.0181e-05
6.0272e-05
6.0363e-05
6.0454e-05
6.0545e-05
6.0636e-05
6.0727e-05
6.0818e-05
6.091e-05
6.1001e-05
6.1092e-05
6.1183e-05
6.1274e-05
6.1365e-05
6.1456e-05
6.1547e-05
6.1638e-05
6.173e-05
6.1821e-05
6.1912e-05
6.2003e-05
6.2094e-05
6.2185e-05
6.2276e-05
6.2367e-05
6.2458e-05
6.255e-05
6.2641e-05
6.2732e-05
6.2823e-05
6.2914e-05
6.3005e-05
6.3096e-05
6.3187e-05
6.3279e-05
6.337e-05
6.3461e-05
6.3552e-05
6.3643e-05
6.3734e-05
6.3825e-05
6.3916e-05
6.4007e-05
6.4098e-05
6.4189e-05
6.428e-05
6.4372e-05
6.4463e-05
6.4554e-05
6.4644e-05
6.4735e-05
6.4826e-05
6.4917e-05
6.5008e-05
6.5099e-05
6.5189e-05
6.528e-05
6.537e-05
6.546e-05
6.555e-05
6.564e-05
6.5729e-05
6.5819e-05
6.5907e-05
6.5996e-05
6.6084e-05
6.6171e-05
6.6257e-05
6.6343e-05
6.6427e-05
6.6511e-05
6.6593e-05
6.6674e-05
6.6753e-05
6.6829e-05
6.6904e-05
6.6975e-05
6.7044e-05
6.711e-05
6.7171e-05
6.7228e-05
6.7279e-05
6.7326e-05
6.7364e-05
6.7399e-05
6.742e-05
6.7439e-05
6.7441e-05
6.7439e-05
6.7418e-05
6.7388e-05
6.7342e-05
6.7275e-05
6.7202e-05
6.7088e-05
6.6985e-05
6.6813e-05
6.6675e-05
6.6434e-05
6.6254e-05
6.5937e-05
6.5702e-05
6.5305e-05
6.4998e-05
6.4517e-05
6.4118e-05
6.3554e-05
6.304e-05
6.2394e-05
6.1741e-05
6.1013e-05
6.0199e-05
5.9384e-05
5.8392e-05
5.7482e-05
5.6302e-05
5.5283e-05
5.3908e-05
5.2761e-05
5.1192e-05
4.9897e-05
4.8137e-05
4.6671e-05
4.4726e-05
4.307e-05
4.0946e-05
3.9081e-05
3.6783e-05
3.4698e-05
3.2227e-05
2.9916e-05
2.7273e-05
2.4732e-05
2.1915e-05
1.9146e-05
1.6154e-05
1.3161e-05
9.9902e-06
6.7772e-06
3.4285e-06
