-2.5514e-05
-4.9187e-05
-7.1897e-05
-9.207e-05
-0.00011211
-0.00012868
-0.00014618
-0.00015926
-0.00017421
-0.00018421
-0.00019641
-0.00020403
-0.00021327
-0.00021921
-0.00022551
-0.00023024
-0.00023399
-0.0002376
-0.00023952
-0.00024194
-0.00024274
-0.00024395
-0.00024412
-0.00024433
-0.00024408
-0.0002436
-0.00024298
-0.00024212
-0.00024119
-0.00024011
-0.00023897
-0.00023776
-0.00023649
-0.00023519
-0.00023385
-0.0002325
-0.00023113
-0.00022974
-0.00022835
-0.00022695
-0.00022554
-0.00022413
-0.00022272
-0.00022131
-0.0002199
-0.00021849
-0.00021707
-0.00021566
-0.00021425
-0.00021283
-0.00021142
-0.00021
-0.00020859
-0.00020718
-0.00020576
-0.00020435
-0.00020293
-0.00020152
-0.00020011
-0.00019869
-0.00019728
-0.00019586
-0.00019445
-0.00019303
-0.00019162
-0.00019021
-0.00018879
-0.00018738
-0.00018596
-0.00018455
-0.00018314
-0.00018172
-0.00018031
-0.00017889
-0.00017748
-0.00017606
-0.00017465
-0.00017324
-0.00017182
-0.00017041
-0.00016899
-0.00016758
-0.00016617
-0.00016475
-0.00016334
-0.00016192
-0.00016051
-0.00015909
-0.00015768
-0.00015627
-0.00015485
-0.00015344
-0.00015202
-0.00015061
-0.0001492
-0.00014778
-0.00014637
-0.00014495
-0.00014354
-0.00014212
-0.00014071
-0.0001393
-0.00013788
-0.00013647
-0.00013505
-0.00013364
-0.00013223
-0.00013081
-0.0001294
-0.00012798
-0.00012657
-0.00012515
-0.00012374
-0.00012233
-0.00012091
-0.0001195
-0.00011808
-0.00011667
-0.00011526
-0.00011384
-0.00011243
-0.00011101
-0.0001096
-0.00010818
-0.00010677
-0.00010536
-0.00010394
-0.00010253
-0.00010111
-9.9699e-05
-9.8285e-05
-9.6871e-05
-9.5457e-05
-9.4042e-05
-9.2628e-05
-9.1214e-05
-8.98e-05
-8.8386e-05
-8.6972e-05
-8.5557e-05
-8.4143e-05
-8.2729e-05
-8.1315e-05
-7.9901e-05
-7.8487e-05
-7.7072e-05
-7.5658e-05
-7.4244e-05
-7.283e-05
-7.1416e-05
-7.0002e-05
-6.8587e-05
-6.7173e-05
-6.5759e-05
-6.4345e-05
-6.2931e-05
-6.1516e-05
-6.0102e-05
-5.8688e-05
-5.7274e-05
-5.586e-05
-5.4446e-05
-5.3031e-05
-5.1617e-05
-5.0203e-05
-4.8789e-05
-4.7375e-05
-4.5961e-05
-4.4546e-05
-4.3132e-05
-4.1718e-05
-4.0304e-05
-3.889e-05
-3.7476e-05
-3.6061e-05
-3.4647e-05
-3.3233e-05
-3.1819e-05
-3.0405e-05
-2.8991e-05
-2.7576e-05
-2.6162e-05
-2.4748e-05
-2.3334e-05
-2.192e-05
-2.0505e-05
-1.9091e-05
-1.7677e-05
-1.6263e-05
-1.4849e-05
-1.3435e-05
-1.202e-05
-1.0606e-05
-9.1921e-06
-7.7779e-06
-6.3638e-06
-4.9496e-06
-3.5354e-06
-2.1213e-06
-7.0709e-07
7.0709e-07
2.1213e-06
3.5354e-06
4.9496e-06
6.3638e-06
7.7779e-06
9.1921e-06
1.0606e-05
1.202e-05
1.3435e-05
1.4849e-05
1.6263e-05
1.7677e-05
1.9091e-05
2.0505e-05
2.192e-05
2.3334e-05
2.4748e-05
2.6162e-05
2.7576e-05
2.8991e-05
3.0405e-05
3.1819e-05
3.3233e-05
3.4647e-05
3.6061e-05
3.7476e-05
3.889e-05
4.0304e-05
4.1718e-05
4.3132e-05
4.4546e-05
4.5961e-05
4.7375e-05
4.8789e-05
5.0203e-05
5.1617e-05
5.3031e-05
5.4446e-05
5.586e-05
5.7274e-05
5.8688e-05
6.0102e-05
6.1516e-05
6.2931e-05
6.4345e-05
6.5759e-05
6.7173e-05
6.8587e-05
7.0002e-05
7.1416e-05
7.283e-05
7.4244e-05
7.5658e-05
7.7072e-05
7.8487e-05
7.9901e-05
8.1315e-05
8.2729e-05
8.4143e-05
8.5557e-05
8.6972e-05
8.8386e-05
8.98e-05
9.1214e-05
9.2628e-05
9.4042e-05
9.5457e-05
9.6871e-05
9.8285e-05
9.9699e-05
0.00010111
0.00010253
0.00010394
0.00010536
0.00010677
0.00010818
0.0001096
0.00011101
0.00011243
0.00011384
0.00011526
0.00011667
0.00011808
0.0001195
0.00012091
0.00012233
0.00012374
0.00012515
0.00012657
0.00012798
0.0001294
0.00013081
0.00013223
0.00013364
0.00013505
0.00013647
0.00013788
0.0001393
0.00014071
0.00014212
0.00014354
0.00014495
0.00014637
0.00014778
0.0001492
0.00015061
0.00015202
0.00015344
0.00015485
0.00015627
0.00015768
0.00015909
0.00016051
0.00016192
0.00016334
0.00016475
0.00016617
0.00016758
0.00016899
0.00017041
0.00017182
0.00017324
0.00017465
0.00017606
0.00017748
0.00017889
0.00018031
0.00018172
0.00018314
0.00018455
0.00018596
0.00018738
0.00018879
0.00019021
0.00019162
0.00019303
0.00019445
0.00019586
0.00019728
0.00019869
0.00020011
0.00020152
0.00020293
0.00020435
0.00020576
0.00020718
0.00020859
0.00021
0.00021142
0.00021283
0.00021425
0.00021566
0.00021707
0.00021849
0.0002199
0.00022131
0.00022272
0.00022413
0.00022554
0.00022695
0.00022835
0.00022974
0.00023113
0.0002325
0.00023385
0.00023519
0.00023649
0.00023776
0.00023897
0.00024011
0.00024119
0.00024212
0.00024298
0.0002436
0.00024408
0.00024433
0.00024412
0.00024395
0.00024274
0.00024194
0.00023952
0.0002376
0.00023399
0.00023024
0.00022551
0.00021921
0.00021327
0.00020403
0.00019641
0.00018421
0.00017421
0.00015926
0.00014618
0.00012868
0.00011211
9.207e-05
7.1897e-05
4.9187e-05
2.5514e-05
