-7.3029e-05
-0.0001381
-0.0002012
-0.00025354
-0.00030672
-0.00034839
-0.00039121
-0.00042461
-0.00045666
-0.00048395
-0.00050549
-0.00052801
-0.00054039
-0.00055835
-0.00056397
-0.00057681
-0.00057835
-0.00058563
-0.00058511
-0.00058718
-0.00058549
-0.00058359
-0.00058072
-0.00057636
-0.00057212
-0.00056649
-0.00056095
-0.00055464
-0.00054815
-0.00054137
-0.00053433
-0.00052718
-0.00051985
-0.00051245
-0.00050495
-0.0004974
-0.0004898
-0.00048217
-0.00047451
-0.00046684
-0.00045915
-0.00045145
-0.00044375
-0.00043604
-0.00042833
-0.00042061
-0.0004129
-0.00040518
-0.00039747
-0.00038975
-0.00038203
-0.00037431
-0.0003666
-0.00035888
-0.00035116
-0.00034344
-0.00033572
-0.00032801
-0.00032029
-0.00031257
-0.00030485
-0.00029714
-0.00028942
-0.0002817
-0.00027398
-0.00026626
-0.00025855
-0.00025083
-0.00024311
-0.00023539
-0.00022768
-0.00021996
-0.00021224
-0.00020452
-0.0001968
-0.00018909
-0.00018137
-0.00017365
-0.00016593
-0.00015822
-0.0001505
-0.00014278
-0.00013506
-0.00012734
-0.00011963
-0.00011191
-0.00010419
-9.6473e-05
-8.8755e-05
-8.1037e-05
-7.3319e-05
-6.5601e-05
-5.7884e-05
-5.0166e-05
-4.2448e-05
-3.473e-05
-2.7012e-05
-1.9295e-05
-1.1577e-05
-3.8589e-06
3.8589e-06
1.1577e-05
1.9295e-05
2.7012e-05
3.473e-05
4.2448e-05
5.0166e-05
5.7884e-05
6.5601e-05
7.3319e-05
8.1037e-05
8.8755e-05
9.6473e-05
0.00010419
0.00011191
0.00011963
0.00012734
0.00013506
0.00014278
0.0001505
0.00015822
0.00016593
0.00017365
0.00018137
0.00018909
0.0001968
0.00020452
0.00021224
0.00021996
0.00022768
0.00023539
0.00024311
0.00025083
0.00025855
0.00026626
0.00027398
0.0002817
0.00028942
0.00029714
0.00030485
0.00031257
0.00032029
0.00032801
0.00033572
0.00034344
0.00035116
0.00035888
0.0003666
0.00037431
0.00038203
0.00038975
0.00039747
0.00040518
0.0004129
0.00042061
0.00042833
0.00043604
0.00044375
0.00045145
0.00045915
0.00046684
0.00047451
0.00048217
0.0004898
0.0004974
0.00050495
0.00051245
0.00051985
0.00052718
0.00053433
0.00054137
0.00054815
0.00055464
0.00056095
0.00056649
0.00057212
0.00057636
0.00058072
0.00058359
0.00058549
0.00058718
0.00058511
0.00058563
0.00057835
0.00057681
0.00056397
0.00055835
0.00054039
0.00052801
0.00050549
0.00048395
0.00045666
0.00042461
0.00039121
0.00034839
0.00030672
0.00025354
0.0002012
0.0001381
7.3029e-05
