-6.7304e-05
-0.00012518
-0.00018331
-0.00022678
-0.00027453
-0.00030648
-0.00034177
-0.00036612
-0.00038776
-0.0004071
-0.00041711
-0.00043108
-0.0004343
-0.00044148
-0.000442
-0.00044302
-0.00044201
-0.00043949
-0.0004367
-0.00043276
-0.00042853
-0.0004239
-0.00041897
-0.0004139
-0.00040869
-0.00040339
-0.00039806
-0.00039268
-0.00038729
-0.00038189
-0.00037648
-0.00037106
-0.00036565
-0.00036023
-0.00035481
-0.0003494
-0.00034398
-0.00033856
-0.00033315
-0.00032773
-0.00032231
-0.0003169
-0.00031148
-0.00030606
-0.00030064
-0.00029523
-0.00028981
-0.00028439
-0.00027898
-0.00027356
-0.00026814
-0.00026273
-0.00025731
-0.00025189
-0.00024647
-0.00024106
-0.00023564
-0.00023022
-0.00022481
-0.00021939
-0.00021397
-0.00020855
-0.00020314
-0.00019772
-0.0001923
-0.00018689
-0.00018147
-0.00017605
-0.00017064
-0.00016522
-0.0001598
-0.00015438
-0.00014897
-0.00014355
-0.00013813
-0.00013272
-0.0001273
-0.00012188
-0.00011647
-0.00011105
-0.00010563
-0.00010021
-9.4798e-05
-8.9381e-05
-8.3964e-05
-7.8547e-05
-7.313e-05
-6.7713e-05
-6.2296e-05
-5.6879e-05
-5.1462e-05
-4.6045e-05
-4.0628e-05
-3.5211e-05
-2.9794e-05
-2.4377e-05
-1.896e-05
-1.3543e-05
-8.1255e-06
-2.7085e-06
2.7085e-06
8.1255e-06
1.3543e-05
1.896e-05
2.4377e-05
2.9794e-05
3.5211e-05
4.0628e-05
4.6045e-05
5.1462e-05
5.6879e-05
6.2296e-05
6.7713e-05
7.313e-05
7.8547e-05
8.3964e-05
8.9381e-05
9.4798e-05
0.00010021
0.00010563
0.00011105
0.00011647
0.00012188
0.0001273
0.00013272
0.00013813
0.00014355
0.00014897
0.00015438
0.0001598
0.00016522
0.00017064
0.00017605
0.00018147
0.00018689
0.0001923
0.00019772
0.00020314
0.00020855
0.00021397
0.00021939
0.00022481
0.00023022
0.00023564
0.00024106
0.00024647
0.00025189
0.00025731
0.00026273
0.00026814
0.00027356
0.00027898
0.00028439
0.00028981
0.00029523
0.00030064
0.00030606
0.00031148
0.0003169
0.00032231
0.00032773
0.00033315
0.00033856
0.00034398
0.0003494
0.00035481
0.00036023
0.00036565
0.00037106
0.00037648
0.00038189
0.00038729
0.00039268
0.00039806
0.00040339
0.00040869
0.0004139
0.00041897
0.0004239
0.00042853
0.00043276
0.0004367
0.00043949
0.00044201
0.00044302
0.000442
0.00044148
0.0004343
0.00043108
0.00041711
0.0004071
0.00038776
0.00036612
0.00034177
0.00030648
0.00027453
0.00022678
0.00018331
0.00012518
6.7304e-05
