-0.00019473
-0.00037238
-0.00051629
-0.00065632
-0.00075702
-0.00086133
-0.00092863
-0.00099769
-0.0010419
-0.0010774
-0.0011057
-0.0011138
-0.001128
-0.0011185
-0.0011178
-0.0010998
-0.0010852
-0.001063
-0.0010387
-0.0010129
-0.00098387
-0.00095447
-0.00092337
-0.00089163
-0.0008593
-0.00082643
-0.00079331
-0.00075994
-0.00072641
-0.00069279
-0.0006591
-0.00062536
-0.00059159
-0.00055781
-0.00052401
-0.00049021
-0.00045641
-0.0004226
-0.0003888
-0.00035499
-0.00032118
-0.00028737
-0.00025356
-0.00021975
-0.00018595
-0.00015214
-0.00011833
-8.4521e-05
-5.0713e-05
-1.6904e-05
1.6904e-05
5.0713e-05
8.4521e-05
0.00011833
0.00015214
0.00018595
0.00021975
0.00025356
0.00028737
0.00032118
0.00035499
0.0003888
0.0004226
0.00045641
0.00049021
0.00052401
0.00055781
0.00059159
0.00062536
0.0006591
0.00069279
0.00072641
0.00075994
0.00079331
0.00082643
0.0008593
0.00089163
0.00092337
0.00095447
0.00098387
0.0010129
0.0010387
0.001063
0.0010852
0.0010998
0.0011178
0.0011185
0.001128
0.0011138
0.0011057
0.0010774
0.0010419
0.00099769
0.00092863
0.00086133
0.00075702
0.00065632
0.00051629
0.00037238
0.00019473
