-3.5546e-06
-7.0208e-06
-1.0376e-05
-1.366e-05
-1.6821e-05
-1.9925e-05
-2.2899e-05
-2.5825e-05
-2.862e-05
-3.1368e-05
-3.3994e-05
-3.6565e-05
-3.9029e-05
-4.1423e-05
-4.3736e-05
-4.5954e-05
-4.8124e-05
-5.0167e-05
-5.2204e-05
-5.4075e-05
-5.5986e-05
-5.7688e-05
-5.948e-05
-6.1018e-05
-6.2697e-05
-6.4078e-05
-6.5648e-05
-6.688e-05
-6.8344e-05
-6.9437e-05
-7.0797e-05
-7.1763e-05
-7.3018e-05
-7.3869e-05
-7.502e-05
-7.5769e-05
-7.6815e-05
-7.7474e-05
-7.8416e-05
-7.8998e-05
-7.9835e-05
-8.0351e-05
-8.1086e-05
-8.1546e-05
-8.2181e-05
-8.2592e-05
-8.3132e-05
-8.3502e-05
-8.3953e-05
-8.4284e-05
-8.4654e-05
-8.495e-05
-8.5247e-05
-8.5508e-05
-8.5741e-05
-8.5969e-05
-8.6147e-05
-8.6342e-05
-8.6473e-05
-8.6635e-05
-8.6728e-05
-8.6856e-05
-8.6918e-05
-8.7015e-05
-8.7051e-05
-8.7118e-05
-8.7133e-05
-8.7171e-05
-8.7169e-05
-8.7182e-05
-8.7165e-05
-8.7156e-05
-8.7125e-05
-8.7097e-05
-8.7054e-05
-8.701e-05
-8.6957e-05
-8.6899e-05
-8.6836e-05
-8.6767e-05
-8.6695e-05
-8.6617e-05
-8.6537e-05
-8.6451e-05
-8.6365e-05
-8.6273e-05
-8.6181e-05
-8.6084e-05
-8.5986e-05
-8.5885e-05
-8.5783e-05
-8.5678e-05
-8.5572e-05
-8.5465e-05
-8.5356e-05
-8.5246e-05
-8.5135e-05
-8.5023e-05
-8.491e-05
-8.4796e-05
-8.4681e-05
-8.4566e-05
-8.445e-05
-8.4333e-05
-8.4216e-05
-8.4099e-05
-8.3981e-05
-8.3863e-05
-8.3744e-05
-8.3625e-05
-8.3506e-05
-8.3387e-05
-8.3267e-05
-8.3147e-05
-8.3027e-05
-8.2907e-05
-8.2787e-05
-8.2667e-05
-8.2547e-05
-8.2426e-05
-8.2305e-05
-8.2185e-05
-8.2064e-05
-8.1943e-05
-8.1823e-05
-8.1702e-05
-8.1581e-05
-8.146e-05
-8.1339e-05
-8.1218e-05
-8.1097e-05
-8.0976e-05
-8.0855e-05
-8.0734e-05
-8.0613e-05
-8.0492e-05
-8.0371e-05
-8.025e-05
-8.0129e-05
-8.0007e-05
-7.9886e-05
-7.9765e-05
-7.9644e-05
-7.9523e-05
-7.9402e-05
-7.9281e-05
-7.916e-05
-7.9039e-05
-7.8917e-05
-7.8796e-05
-7.8675e-05
-7.8554e-05
-7.8433e-05
-7.8312e-05
-7.8191e-05
-7.807e-05
-7.7948e-05
-7.7827e-05
-7.7706e-05
-7.7585e-05
-7.7464e-05
-7.7343e-05
-7.7222e-05
-7.7101e-05
-7.6979e-05
-7.6858e-05
-7.6737e-05
-7.6616e-05
-7.6495e-05
-7.6374e-05
-7.6253e-05
-7.6131e-05
-7.601e-05
-7.5889e-05
-7.5768e-05
-7.5647e-05
-7.5526e-05
-7.5405e-05
-7.5284e-05
-7.5162e-05
-7.5041e-05
-7.492e-05
-7.4799e-05
-7.4678e-05
-7.4557e-05
-7.4436e-05
-7.4314e-05
-7.4193e-05
-7.4072e-05
-7.3951e-05
-7.383e-05
-7.3709e-05
-7.3588e-05
-7.3467e-05
-7.3345e-05
-7.3224e-05
-7.3103e-05
-7.2982e-05
-7.2861e-05
-7.274e-05
-7.2619e-05
-7.2498e-05
-7.2376e-05
-7.2255e-05
-7.2134e-05
-7.2013e-05
-7.1892e-05
-7.1771e-05
-7.165e-05
-7.1528e-05
-7.1407e-05
-7.1286e-05
-7.1165e-05
-7.1044e-05
-7.0923e-05
-7.0802e-05
-7.0681e-05
-7.0559e-05
-7.0438e-05
-7.0317e-05
-7.0196e-05
-7.0075e-05
-6.9954e-05
-6.9833e-05
-6.9711e-05
-6.959e-05
-6.9469e-05
-6.9348e-05
-6.9227e-05
-6.9106e-05
-6.8985e-05
-6.8864e-05
-6.8742e-05
-6.8621e-05
-6.85e-05
-6.8379e-05
-6.8258e-05
-6.8137e-05
-6.8016e-05
-6.7894e-05
-6.7773e-05
-6.7652e-05
-6.7531e-05
-6.741e-05
-6.7289e-05
-6.7168e-05
-6.7047e-05
-6.6925e-05
-6.6804e-05
-6.6683e-05
-6.6562e-05
-6.6441e-05
-6.632e-05
-6.6199e-05
-6.6078e-05
-6.5956e-05
-6.5835e-05
-6.5714e-05
-6.5593e-05
-6.5472e-05
-6.5351e-05
-6.523e-05
-6.5108e-05
-6.4987e-05
-6.4866e-05
-6.4745e-05
-6.4624e-05
-6.4503e-05
-6.4382e-05
-6.4261e-05
-6.4139e-05
-6.4018e-05
-6.3897e-05
-6.3776e-05
-6.3655e-05
-6.3534e-05
-6.3413e-05
-6.3291e-05
-6.317e-05
-6.3049e-05
-6.2928e-05
-6.2807e-05
-6.2686e-05
-6.2565e-05
-6.2444e-05
-6.2322e-05
-6.2201e-05
-6.208e-05
-6.1959e-05
-6.1838e-05
-6.1717e-05
-6.1596e-05
-6.1474e-05
-6.1353e-05
-6.1232e-05
-6.1111e-05
-6.099e-05
-6.0869e-05
-6.0748e-05
-6.0627e-05
-6.0505e-05
-6.0384e-05
-6.0263e-05
-6.0142e-05
-6.0021e-05
-5.99e-05
-5.9779e-05
-5.9658e-05
-5.9536e-05
-5.9415e-05
-5.9294e-05
-5.9173e-05
-5.9052e-05
-5.8931e-05
-5.881e-05
-5.8688e-05
-5.8567e-05
-5.8446e-05
-5.8325e-05
-5.8204e-05
-5.8083e-05
-5.7962e-05
-5.7841e-05
-5.7719e-05
-5.7598e-05
-5.7477e-05
-5.7356e-05
-5.7235e-05
-5.7114e-05
-5.6993e-05
-5.6871e-05
-5.675e-05
-5.6629e-05
-5.6508e-05
-5.6387e-05
-5.6266e-05
-5.6145e-05
-5.6024e-05
-5.5902e-05
-5.5781e-05
-5.566e-05
-5.5539e-05
-5.5418e-05
-5.5297e-05
-5.5176e-05
-5.5054e-05
-5.4933e-05
-5.4812e-05
-5.4691e-05
-5.457e-05
-5.4449e-05
-5.4328e-05
-5.4207e-05
-5.4085e-05
-5.3964e-05
-5.3843e-05
-5.3722e-05
-5.3601e-05
-5.348e-05
-5.3359e-05
-5.3238e-05
-5.3116e-05
-5.2995e-05
-5.2874e-05
-5.2753e-05
-5.2632e-05
-5.2511e-05
-5.239e-05
-5.2268e-05
-5.2147e-05
-5.2026e-05
-5.1905e-05
-5.1784e-05
-5.1663e-05
-5.1542e-05
-5.1421e-05
-5.1299e-05
-5.1178e-05
-5.1057e-05
-5.0936e-05
-5.0815e-05
-5.0694e-05
-5.0573e-05
-5.0451e-05
-5.033e-05
-5.0209e-05
-5.0088e-05
-4.9967e-05
-4.9846e-05
-4.9725e-05
-4.9604e-05
-4.9482e-05
-4.9361e-05
-4.924e-05
-4.9119e-05
-4.8998e-05
-4.8877e-05
-4.8756e-05
-4.8635e-05
-4.8513e-05
-4.8392e-05
-4.8271e-05
-4.815e-05
-4.8029e-05
-4.7908e-05
-4.7787e-05
-4.7665e-05
-4.7544e-05
-4.7423e-05
-4.7302e-05
-4.7181e-05
-4.706e-05
-4.6939e-05
-4.6818e-05
-4.6696e-05
-4.6575e-05
-4.6454e-05
-4.6333e-05
-4.6212e-05
-4.6091e-05
-4.597e-05
-4.5848e-05
-4.5727e-05
-4.5606e-05
-4.5485e-05
-4.5364e-05
-4.5243e-05
-4.5122e-05
-4.5001e-05
-4.4879e-05
-4.4758e-05
-4.4637e-05
-4.4516e-05
-4.4395e-05
-4.4274e-05
-4.4153e-05
-4.4031e-05
-4.391e-05
-4.3789e-05
-4.3668e-05
-4.3547e-05
-4.3426e-05
-4.3305e-05
-4.3184e-05
-4.3062e-05
-4.2941e-05
-4.282e-05
-4.2699e-05
-4.2578e-05
-4.2457e-05
-4.2336e-05
-4.2215e-05
-4.2093e-05
-4.1972e-05
-4.1851e-05
-4.173e-05
-4.1609e-05
-4.1488e-05
-4.1367e-05
-4.1245e-05
-4.1124e-05
-4.1003e-05
-4.0882e-05
-4.0761e-05
-4.064e-05
-4.0519e-05
-4.0398e-05
-4.0276e-05
-4.0155e-05
-4.0034e-05
-3.9913e-05
-3.9792e-05
-3.9671e-05
-3.955e-05
-3.9428e-05
-3.9307e-05
-3.9186e-05
-3.9065e-05
-3.8944e-05
-3.8823e-05
-3.8702e-05
-3.8581e-05
-3.8459e-05
-3.8338e-05
-3.8217e-05
-3.8096e-05
-3.7975e-05
-3.7854e-05
-3.7733e-05
-3.7611e-05
-3.749e-05
-3.7369e-05
-3.7248e-05
-3.7127e-05
-3.7006e-05
-3.6885e-05
-3.6764e-05
-3.6642e-05
-3.6521e-05
-3.64e-05
-3.6279e-05
-3.6158e-05
-3.6037e-05
-3.5916e-05
-3.5795e-05
-3.5673e-05
-3.5552e-05
-3.5431e-05
-3.531e-05
-3.5189e-05
-3.5068e-05
-3.4947e-05
-3.4825e-05
-3.4704e-05
-3.4583e-05
-3.4462e-05
-3.4341e-05
-3.422e-05
-3.4099e-05
-3.3978e-05
-3.3856e-05
-3.3735e-05
-3.3614e-05
-3.3493e-05
-3.3372e-05
-3.3251e-05
-3.313e-05
-3.3008e-05
-3.2887e-05
-3.2766e-05
-3.2645e-05
-3.2524e-05
-3.2403e-05
-3.2282e-05
-3.2161e-05
-3.2039e-05
-3.1918e-05
-3.1797e-05
-3.1676e-05
-3.1555e-05
-3.1434e-05
-3.1313e-05
-3.1191e-05
-3.107e-05
-3.0949e-05
-3.0828e-05
-3.0707e-05
-3.0586e-05
-3.0465e-05
-3.0344e-05
-3.0222e-05
-3.0101e-05
-2.998e-05
-2.9859e-05
-2.9738e-05
-2.9617e-05
-2.9496e-05
-2.9375e-05
-2.9253e-05
-2.9132e-05
-2.9011e-05
-2.889e-05
-2.8769e-05
-2.8648e-05
-2.8527e-05
-2.8405e-05
-2.8284e-05
-2.8163e-05
-2.8042e-05
-2.7921e-05
-2.78e-05
-2.7679e-05
-2.7558e-05
-2.7436e-05
-2.7315e-05
-2.7194e-05
-2.7073e-05
-2.6952e-05
-2.6831e-05
-2.671e-05
-2.6588e-05
-2.6467e-05
-2.6346e-05
-2.6225e-05
-2.6104e-05
-2.5983e-05
-2.5862e-05
-2.5741e-05
-2.5619e-05
-2.5498e-05
-2.5377e-05
-2.5256e-05
-2.5135e-05
-2.5014e-05
-2.4893e-05
-2.4771e-05
-2.465e-05
-2.4529e-05
-2.4408e-05
-2.4287e-05
-2.4166e-05
-2.4045e-05
-2.3924e-05
-2.3802e-05
-2.3681e-05
-2.356e-05
-2.3439e-05
-2.3318e-05
-2.3197e-05
-2.3076e-05
-2.2955e-05
-2.2833e-05
-2.2712e-05
-2.2591e-05
-2.247e-05
-2.2349e-05
-2.2228e-05
-2.2107e-05
-2.1985e-05
-2.1864e-05
-2.1743e-05
-2.1622e-05
-2.1501e-05
-2.138e-05
-2.1259e-05
-2.1138e-05
-2.1016e-05
-2.0895e-05
-2.0774e-05
-2.0653e-05
-2.0532e-05
-2.0411e-05
-2.029e-05
-2.0168e-05
-2.0047e-05
-1.9926e-05
-1.9805e-05
-1.9684e-05
-1.9563e-05
-1.9442e-05
-1.9321e-05
-1.9199e-05
-1.9078e-05
-1.8957e-05
-1.8836e-05
-1.8715e-05
-1.8594e-05
-1.8473e-05
-1.8351e-05
-1.823e-05
-1.8109e-05
-1.7988e-05
-1.7867e-05
-1.7746e-05
-1.7625e-05
-1.7504e-05
-1.7382e-05
-1.7261e-05
-1.714e-05
-1.7019e-05
-1.6898e-05
-1.6777e-05
-1.6656e-05
-1.6535e-05
-1.6413e-05
-1.6292e-05
-1.6171e-05
-1.605e-05
-1.5929e-05
-1.5808e-05
-1.5687e-05
-1.5565e-05
-1.5444e-05
-1.5323e-05
-1.5202e-05
-1.5081e-05
-1.496e-05
-1.4839e-05
-1.4718e-05
-1.4596e-05
-1.4475e-05
-1.4354e-05
-1.4233e-05
-1.4112e-05
-1.3991e-05
-1.387e-05
-1.3748e-05
-1.3627e-05
-1.3506e-05
-1.3385e-05
-1.3264e-05
-1.3143e-05
-1.3022e-05
-1.2901e-05
-1.2779e-05
-1.2658e-05
-1.2537e-05
-1.2416e-05
-1.2295e-05
-1.2174e-05
-1.2053e-05
-1.1932e-05
-1.181e-05
-1.1689e-05
-1.1568e-05
-1.1447e-05
-1.1326e-05
-1.1205e-05
-1.1084e-05
-1.0962e-05
-1.0841e-05
-1.072e-05
-1.0599e-05
-1.0478e-05
-1.0357e-05
-1.0236e-05
-1.0115e-05
-9.9934e-06
-9.8723e-06
-9.7511e-06
-9.63e-06
-9.5089e-06
-9.3877e-06
-9.2666e-06
-9.1455e-06
-9.0243e-06
-8.9032e-06
-8.7821e-06
-8.6609e-06
-8.5398e-06
-8.4187e-06
-8.2975e-06
-8.1764e-06
-8.0553e-06
-7.9341e-06
-7.813e-06
-7.6919e-06
-7.5708e-06
-7.4496e-06
-7.3285e-06
-7.2074e-06
-7.0862e-06
-6.9651e-06
-6.844e-06
-6.7228e-06
-6.6017e-06
-6.4806e-06
-6.3594e-06
-6.2383e-06
-6.1172e-06
-5.996e-06
-5.8749e-06
-5.7538e-06
-5.6326e-06
-5.5115e-06
-5.3904e-06
-5.2692e-06
-5.1481e-06
-5.027e-06
-4.9058e-06
-4.7847e-06
-4.6636e-06
-4.5425e-06
-4.4213e-06
-4.3002e-06
-4.1791e-06
-4.0579e-06
-3.9368e-06
-3.8157e-06
-3.6945e-06
-3.5734e-06
-3.4523e-06
-3.3311e-06
-3.21e-06
-3.0889e-06
-2.9677e-06
-2.8466e-06
-2.7255e-06
-2.6043e-06
-2.4832e-06
-2.3621e-06
-2.2409e-06
-2.1198e-06
-1.9987e-06
-1.8775e-06
-1.7564e-06
-1.6353e-06
-1.5142e-06
-1.393e-06
-1.2719e-06
-1.1508e-06
-1.0296e-06
-9.0849e-07
-7.8736e-07
-6.6623e-07
-5.4509e-07
-4.2396e-07
-3.0283e-07
-1.817e-07
-6.0566e-08
6.0566e-08
1.817e-07
3.0283e-07
4.2396e-07
5.4509e-07
6.6623e-07
7.8736e-07
9.0849e-07
1.0296e-06
1.1508e-06
1.2719e-06
1.393e-06
1.5142e-06
1.6353e-06
1.7564e-06
1.8775e-06
1.9987e-06
2.1198e-06
2.2409e-06
2.3621e-06
2.4832e-06
2.6043e-06
2.7255e-06
2.8466e-06
2.9677e-06
3.0889e-06
3.21e-06
3.3311e-06
3.4523e-06
3.5734e-06
3.6945e-06
3.8157e-06
3.9368e-06
4.0579e-06
4.1791e-06
4.3002e-06
4.4213e-06
4.5425e-06
4.6636e-06
4.7847e-06
4.9058e-06
5.027e-06
5.1481e-06
5.2692e-06
5.3904e-06
5.5115e-06
5.6326e-06
5.7538e-06
5.8749e-06
5.996e-06
6.1172e-06
6.2383e-06
6.3594e-06
6.4806e-06
6.6017e-06
6.7228e-06
6.844e-06
6.9651e-06
7.0862e-06
7.2074e-06
7.3285e-06
7.4496e-06
7.5708e-06
7.6919e-06
7.813e-06
7.9341e-06
8.0553e-06
8.1764e-06
8.2975e-06
8.4187e-06
8.5398e-06
8.6609e-06
8.7821e-06
8.9032e-06
9.0243e-06
9.1455e-06
9.2666e-06
9.3877e-06
9.5089e-06
9.63e-06
9.7511e-06
9.8723e-06
9.9934e-06
1.0115e-05
1.0236e-05
1.0357e-05
1.0478e-05
1.0599e-05
1.072e-05
1.0841e-05
1.0962e-05
1.1084e-05
1.1205e-05
1.1326e-05
1.1447e-05
1.1568e-05
1.1689e-05
1.181e-05
1.1932e-05
1.2053e-05
1.2174e-05
1.2295e-05
1.2416e-05
1.2537e-05
1.2658e-05
1.2779e-05
1.2901e-05
1.3022e-05
1.3143e-05
1.3264e-05
1.3385e-05
1.3506e-05
1.3627e-05
1.3748e-05
1.387e-05
1.3991e-05
1.4112e-05
1.4233e-05
1.4354e-05
1.4475e-05
1.4596e-05
1.4718e-05
1.4839e-05
1.496e-05
1.5081e-05
1.5202e-05
1.5323e-05
1.5444e-05
1.5565e-05
1.5687e-05
1.5808e-05
1.5929e-05
1.605e-05
1.6171e-05
1.6292e-05
1.6413e-05
1.6535e-05
1.6656e-05
1.6777e-05
1.6898e-05
1.7019e-05
1.714e-05
1.7261e-05
1.7382e-05
1.7504e-05
1.7625e-05
1.7746e-05
1.7867e-05
1.7988e-05
1.8109e-05
1.823e-05
1.8351e-05
1.8473e-05
1.8594e-05
1.8715e-05
1.8836e-05
1.8957e-05
1.9078e-05
1.9199e-05
1.9321e-05
1.9442e-05
1.9563e-05
1.9684e-05
1.9805e-05
1.9926e-05
2.0047e-05
2.0168e-05
2.029e-05
2.0411e-05
2.0532e-05
2.0653e-05
2.0774e-05
2.0895e-05
2.1016e-05
2.1138e-05
2.1259e-05
2.138e-05
2.1501e-05
2.1622e-05
2.1743e-05
2.1864e-05
2.1985e-05
2.2107e-05
2.2228e-05
2.2349e-05
2.247e-05
2.2591e-05
2.2712e-05
2.2833e-05
2.2955e-05
2.3076e-05
2.3197e-05
2.3318e-05
2.3439e-05
2.356e-05
2.3681e-05
2.3802e-05
2.3924e-05
2.4045e-05
2.4166e-05
2.4287e-05
2.4408e-05
2.4529e-05
2.465e-05
2.4771e-05
2.4893e-05
2.5014e-05
2.5135e-05
2.5256e-05
2.5377e-05
2.5498e-05
2.5619e-05
2.5741e-05
2.5862e-05
2.5983e-05
2.6104e-05
2.6225e-05
2.6346e-05
2.6467e-05
2.6588e-05
2.671e-05
2.6831e-05
2.6952e-05
2.7073e-05
2.7194e-05
2.7315e-05
2.7436e-05
2.7558e-05
2.7679e-05
2.78e-05
2.7921e-05
2.8042e-05
2.8163e-05
2.8284e-05
2.8405e-05
2.8527e-05
2.8648e-05
2.8769e-05
2.889e-05
2.9011e-05
2.9132e-05
2.9253e-05
2.9375e-05
2.9496e-05
2.9617e-05
2.9738e-05
2.9859e-05
2.998e-05
3.0101e-05
3.0222e-05
3.0344e-05
3.0465e-05
3.0586e-05
3.0707e-05
3.0828e-05
3.0949e-05
3.107e-05
3.1191e-05
3.1313e-05
3.1434e-05
3.1555e-05
3.1676e-05
3.1797e-05
3.1918e-05
3.2039e-05
3.2161e-05
3.2282e-05
3.2403e-05
3.2524e-05
3.2645e-05
3.2766e-05
3.2887e-05
3.3008e-05
3.313e-05
3.3251e-05
3.3372e-05
3.3493e-05
3.3614e-05
3.3735e-05
3.3856e-05
3.3978e-05
3.4099e-05
3.422e-05
3.4341e-05
3.4462e-05
3.4583e-05
3.4704e-05
3.4825e-05
3.4947e-05
3.5068e-05
3.5189e-05
3.531e-05
3.5431e-05
3.5552e-05
3.5673e-05
3.5795e-05
3.5916e-05
3.6037e-05
3.6158e-05
3.6279e-05
3.64e-05
3.6521e-05
3.6642e-05
3.6764e-05
3.6885e-05
3.7006e-05
3.7127e-05
3.7248e-05
3.7369e-05
3.749e-05
3.7611e-05
3.7733e-05
3.7854e-05
3.7975e-05
3.8096e-05
3.8217e-05
3.8338e-05
3.8459e-05
3.8581e-05
3.8702e-05
3.8823e-05
3.8944e-05
3.9065e-05
3.9186e-05
3.9307e-05
3.9428e-05
3.955e-05
3.9671e-05
3.9792e-05
3.9913e-05
4.0034e-05
4.0155e-05
4.0276e-05
4.0398e-05
4.0519e-05
4.064e-05
4.0761e-05
4.0882e-05
4.1003e-05
4.1124e-05
4.1245e-05
4.1367e-05
4.1488e-05
4.1609e-05
4.173e-05
4.1851e-05
4.1972e-05
4.2093e-05
4.2215e-05
4.2336e-05
4.2457e-05
4.2578e-05
4.2699e-05
4.282e-05
4.2941e-05
4.3062e-05
4.3184e-05
4.3305e-05
4.3426e-05
4.3547e-05
4.3668e-05
4.3789e-05
4.391e-05
4.4031e-05
4.4153e-05
4.4274e-05
4.4395e-05
4.4516e-05
4.4637e-05
4.4758e-05
4.4879e-05
4.5001e-05
4.5122e-05
4.5243e-05
4.5364e-05
4.5485e-05
4.5606e-05
4.5727e-05
4.5848e-05
4.597e-05
4.6091e-05
4.6212e-05
4.6333e-05
4.6454e-05
4.6575e-05
4.6696e-05
4.6818e-05
4.6939e-05
4.706e-05
4.7181e-05
4.7302e-05
4.7423e-05
4.7544e-05
4.7665e-05
4.7787e-05
4.7908e-05
4.8029e-05
4.815e-05
4.8271e-05
4.8392e-05
4.8513e-05
4.8635e-05
4.8756e-05
4.8877e-05
4.8998e-05
4.9119e-05
4.924e-05
4.9361e-05
4.9482e-05
4.9604e-05
4.9725e-05
4.9846e-05
4.9967e-05
5.0088e-05
5.0209e-05
5.033e-05
5.0451e-05
5.0573e-05
5.0694e-05
5.0815e-05
5.0936e-05
5.1057e-05
5.1178e-05
5.1299e-05
5.1421e-05
5.1542e-05
5.1663e-05
5.1784e-05
5.1905e-05
5.2026e-05
5.2147e-05
5.2268e-05
5.239e-05
5.2511e-05
5.2632e-05
5.2753e-05
5.2874e-05
5.2995e-05
5.3116e-05
5.3238e-05
5.3359e-05
5.348e-05
5.3601e-05
5.3722e-05
5.3843e-05
5.3964e-05
5.4085e-05
5.4207e-05
5.4328e-05
5.4449e-05
5.457e-05
5.4691e-05
5.4812e-05
5.4933e-05
5.5054e-05
5.5176e-05
5.5297e-05
5.5418e-05
5.5539e-05
5.566e-05
5.5781e-05
5.5902e-05
5.6024e-05
5.6145e-05
5.6266e-05
5.6387e-05
5.6508e-05
5.6629e-05
5.675e-05
5.6871e-05
5.6993e-05
5.7114e-05
5.7235e-05
5.7356e-05
5.7477e-05
5.7598e-05
5.7719e-05
5.7841e-05
5.7962e-05
5.8083e-05
5.8204e-05
5.8325e-05
5.8446e-05
5.8567e-05
5.8688e-05
5.881e-05
5.8931e-05
5.9052e-05
5.9173e-05
5.9294e-05
5.9415e-05
5.9536e-05
5.9658e-05
5.9779e-05
5.99e-05
6.0021e-05
6.0142e-05
6.0263e-05
6.0384e-05
6.0505e-05
6.0627e-05
6.0748e-05
6.0869e-05
6.099e-05
6.1111e-05
6.1232e-05
6.1353e-05
6.1474e-05
6.1596e-05
6.1717e-05
6.1838e-05
6.1959e-05
6.208e-05
6.2201e-05
6.2322e-05
6.2444e-05
6.2565e-05
6.2686e-05
6.2807e-05
6.2928e-05
6.3049e-05
6.317e-05
6.3291e-05
6.3413e-05
6.3534e-05
6.3655e-05
6.3776e-05
6.3897e-05
6.4018e-05
6.4139e-05
6.4261e-05
6.4382e-05
6.4503e-05
6.4624e-05
6.4745e-05
6.4866e-05
6.4987e-05
6.5108e-05
6.523e-05
6.5351e-05
6.5472e-05
6.5593e-05
6.5714e-05
6.5835e-05
6.5956e-05
6.6078e-05
6.6199e-05
6.632e-05
6.6441e-05
6.6562e-05
6.6683e-05
6.6804e-05
6.6925e-05
6.7047e-05
6.7168e-05
6.7289e-05
6.741e-05
6.7531e-05
6.7652e-05
6.7773e-05
6.7894e-05
6.8016e-05
6.8137e-05
6.8258e-05
6.8379e-05
6.85e-05
6.8621e-05
6.8742e-05
6.8864e-05
6.8985e-05
6.9106e-05
6.9227e-05
6.9348e-05
6.9469e-05
6.959e-05
6.9711e-05
6.9833e-05
6.9954e-05
7.0075e-05
7.0196e-05
7.0317e-05
7.0438e-05
7.0559e-05
7.0681e-05
7.0802e-05
7.0923e-05
7.1044e-05
7.1165e-05
7.1286e-05
7.1407e-05
7.1528e-05
7.165e-05
7.1771e-05
7.1892e-05
7.2013e-05
7.2134e-05
7.2255e-05
7.2376e-05
7.2498e-05
7.2619e-05
7.274e-05
7.2861e-05
7.2982e-05
7.3103e-05
7.3224e-05
7.3345e-05
7.3467e-05
7.3588e-05
7.3709e-05
7.383e-05
7.3951e-05
7.4072e-05
7.4193e-05
7.4314e-05
7.4436e-05
7.4557e-05
7.4678e-05
7.4799e-05
7.492e-05
7.5041e-05
7.5162e-05
7.5284e-05
7.5405e-05
7.5526e-05
7.5647e-05
7.5768e-05
7.5889e-05
7.601e-05
7.6131e-05
7.6253e-05
7.6374e-05
7.6495e-05
7.6616e-05
7.6737e-05
7.6858e-05
7.6979e-05
7.7101e-05
7.7222e-05
7.7343e-05
7.7464e-05
7.7585e-05
7.7706e-05
7.7827e-05
7.7948e-05
7.807e-05
7.8191e-05
7.8312e-05
7.8433e-05
7.8554e-05
7.8675e-05
7.8796e-05
7.8917e-05
7.9039e-05
7.916e-05
7.9281e-05
7.9402e-05
7.9523e-05
7.9644e-05
7.9765e-05
7.9886e-05
8.0007e-05
8.0129e-05
8.025e-05
8.0371e-05
8.0492e-05
8.0613e-05
8.0734e-05
8.0855e-05
8.0976e-05
8.1097e-05
8.1218e-05
8.1339e-05
8.146e-05
8.1581e-05
8.1702e-05
8.1823e-05
8.1943e-05
8.2064e-05
8.2185e-05
8.2305e-05
8.2426e-05
8.2547e-05
8.2667e-05
8.2787e-05
8.2907e-05
8.3027e-05
8.3147e-05
8.3267e-05
8.3387e-05
8.3506e-05
8.3625e-05
8.3744e-05
8.3863e-05
8.3981e-05
8.4099e-05
8.4216e-05
8.4333e-05
8.445e-05
8.4566e-05
8.4681e-05
8.4796e-05
8.491e-05
8.5023e-05
8.5135e-05
8.5246e-05
8.5356e-05
8.5465e-05
8.5572e-05
8.5678e-05
8.5783e-05
8.5885e-05
8.5986e-05
8.6084e-05
8.6181e-05
8.6273e-05
8.6365e-05
8.6451e-05
8.6537e-05
8.6617e-05
8.6695e-05
8.6767e-05
8.6836e-05
8.6899e-05
8.6957e-05
8.701e-05
8.7054e-05
8.7097e-05
8.7125e-05
8.7156e-05
8.7165e-05
8.7182e-05
8.7169e-05
8.7171e-05
8.7133e-05
8.7118e-05
8.7051e-05
8.7015e-05
8.6918e-05
8.6856e-05
8.6728e-05
8.6635e-05
8.6473e-05
8.6342e-05
8.6147e-05
8.5969e-05
8.5741e-05
8.5508e-05
8.5247e-05
8.495e-05
8.4654e-05
8.4284e-05
8.3953e-05
8.3502e-05
8.3132e-05
8.2592e-05
8.2181e-05
8.1546e-05
8.1086e-05
8.0351e-05
7.9835e-05
7.8998e-05
7.8416e-05
7.7474e-05
7.6815e-05
7.5769e-05
7.502e-05
7.3869e-05
7.3018e-05
7.1763e-05
7.0797e-05
6.9437e-05
6.8344e-05
6.688e-05
6.5648e-05
6.4078e-05
6.2697e-05
6.1018e-05
5.948e-05
5.7688e-05
5.5986e-05
5.4075e-05
5.2204e-05
5.0167e-05
4.8124e-05
4.5954e-05
4.3736e-05
4.1423e-05
3.9029e-05
3.6565e-05
3.3994e-05
3.1368e-05
2.862e-05
2.5825e-05
2.2899e-05
1.9925e-05
1.6821e-05
1.366e-05
1.0376e-05
7.0208e-06
3.5546e-06
