-0.0021014
-0.0022836
-0.0022943
-0.0022772
-0.0022548
-0.0022314
-0.0022078
-0.0021841
-0.0021604
-0.0021368
-0.0021131
-0.0020894
-0.0020657
-0.002042
-0.0020184
-0.0019947
-0.001971
-0.0019473
-0.0019236
-0.0018999
-0.0018763
-0.0018526
-0.0018289
-0.0018052
-0.0017815
-0.0017579
-0.0017342
-0.0017105
-0.0016868
-0.0016631
-0.0016395
-0.0016158
-0.0015921
-0.0015684
-0.0015447
-0.001521
-0.0014974
-0.0014737
-0.00145
-0.0014263
-0.0014026
-0.001379
-0.0013553
-0.0013316
-0.0013079
-0.0012842
-0.0012605
-0.0012369
-0.0012132
-0.0011895
-0.0011658
-0.0011421
-0.0011185
-0.0010948
-0.0010711
-0.0010474
-0.0010237
-0.0010001
-0.00097637
-0.00095269
-0.00092901
-0.00090533
-0.00088164
-0.00085796
-0.00083428
-0.0008106
-0.00078692
-0.00076324
-0.00073956
-0.00071587
-0.00069219
-0.00066851
-0.00064483
-0.00062115
-0.00059747
-0.00057379
-0.0005501
-0.00052642
-0.00050274
-0.00047906
-0.00045538
-0.0004317
-0.00040802
-0.00038433
-0.00036065
-0.00033697
-0.00031329
-0.00028961
-0.00026593
-0.00024224
-0.00021856
-0.00019488
-0.0001712
-0.00014752
-0.00012384
-0.00010016
-7.6474e-05
-5.2793e-05
-2.9112e-05
-5.4301e-06
1.8251e-05
4.1933e-05
6.5614e-05
8.9296e-05
0.00011298
0.00013666
0.00016034
0.00018402
0.0002077
0.00023138
0.00025507
0.00027875
0.00030243
0.00032611
0.00034979
0.00037347
0.00039715
0.00042084
0.00044452
0.0004682
0.00049188
0.00051556
0.00053924
0.00056293
0.00058661
0.00061029
0.00063397
0.00065765
0.00068133
0.00070501
0.0007287
0.00075238
0.00077606
0.00079974
0.00082342
0.0008471
0.00087078
0.00089447
0.00091815
0.00094183
0.00096551
0.00098919
0.0010129
0.0010366
0.0010602
0.0010839
0.0011076
0.0011313
0.001155
0.0011786
0.0012023
0.001226
0.0012497
0.0012734
0.001297
0.0013207
0.0013444
0.001368
0.0013916
0.0014153
0.0014388
0.0014624
0.0014858
0.0015092
0.0015324
0.0015554
0.0015782
0.0016007
0.0016228
0.0016443
0.0016651
0.0016851
0.001704
0.0017215
0.0017375
0.0017514
0.0017631
0.001772
0.0017774
0.0017799
0.0017766
0.001771
0.0017557
0.001741
0.00171
0.0016848
0.0016345
0.0015972
0.0015253
0.0014727
0.001379
0.0013065
0.0011932
0.001095
0.00096521
0.0008374
0.00069184
0.00053502
0.0003702
0.0001893
