-0.00023382
-0.0002368
-0.00023628
-0.00023569
-0.0002351
-0.0002345
-0.00023391
-0.00023331
-0.00023272
-0.00023213
-0.00023153
-0.00023094
-0.00023034
-0.00022975
-0.00022915
-0.00022856
-0.00022796
-0.00022737
-0.00022677
-0.00022618
-0.00022559
-0.00022499
-0.0002244
-0.0002238
-0.00022321
-0.00022261
-0.00022202
-0.00022142
-0.00022083
-0.00022024
-0.00021964
-0.00021905
-0.00021845
-0.00021786
-0.00021726
-0.00021667
-0.00021607
-0.00021548
-0.00021489
-0.00021429
-0.0002137
-0.0002131
-0.00021251
-0.00021191
-0.00021132
-0.00021072
-0.00021013
-0.00020953
-0.00020894
-0.00020835
-0.00020775
-0.00020716
-0.00020656
-0.00020597
-0.00020537
-0.00020478
-0.00020418
-0.00020359
-0.000203
-0.0002024
-0.00020181
-0.00020121
-0.00020062
-0.00020002
-0.00019943
-0.00019883
-0.00019824
-0.00019765
-0.00019705
-0.00019646
-0.00019586
-0.00019527
-0.00019467
-0.00019408
-0.00019348
-0.00019289
-0.0001923
-0.0001917
-0.00019111
-0.00019051
-0.00018992
-0.00018932
-0.00018873
-0.00018813
-0.00018754
-0.00018694
-0.00018635
-0.00018576
-0.00018516
-0.00018457
-0.00018397
-0.00018338
-0.00018278
-0.00018219
-0.00018159
-0.000181
-0.00018041
-0.00017981
-0.00017922
-0.00017862
-0.00017803
-0.00017743
-0.00017684
-0.00017624
-0.00017565
-0.00017506
-0.00017446
-0.00017387
-0.00017327
-0.00017268
-0.00017208
-0.00017149
-0.00017089
-0.0001703
-0.0001697
-0.00016911
-0.00016852
-0.00016792
-0.00016733
-0.00016673
-0.00016614
-0.00016554
-0.00016495
-0.00016435
-0.00016376
-0.00016317
-0.00016257
-0.00016198
-0.00016138
-0.00016079
-0.00016019
-0.0001596
-0.000159
-0.00015841
-0.00015782
-0.00015722
-0.00015663
-0.00015603
-0.00015544
-0.00015484
-0.00015425
-0.00015365
-0.00015306
-0.00015247
-0.00015187
-0.00015128
-0.00015068
-0.00015009
-0.00014949
-0.0001489
-0.0001483
-0.00014771
-0.00014711
-0.00014652
-0.00014593
-0.00014533
-0.00014474
-0.00014414
-0.00014355
-0.00014295
-0.00014236
-0.00014176
-0.00014117
-0.00014058
-0.00013998
-0.00013939
-0.00013879
-0.0001382
-0.0001376
-0.00013701
-0.00013641
-0.00013582
-0.00013523
-0.00013463
-0.00013404
-0.00013344
-0.00013285
-0.00013225
-0.00013166
-0.00013106
-0.00013047
-0.00012987
-0.00012928
-0.00012869
-0.00012809
-0.0001275
-0.0001269
-0.00012631
-0.00012571
-0.00012512
-0.00012452
-0.00012393
-0.00012334
-0.00012274
-0.00012215
-0.00012155
-0.00012096
-0.00012036
-0.00011977
-0.00011917
-0.00011858
-0.00011799
-0.00011739
-0.0001168
-0.0001162
-0.00011561
-0.00011501
-0.00011442
-0.00011382
-0.00011323
-0.00011263
-0.00011204
-0.00011145
-0.00011085
-0.00011026
-0.00010966
-0.00010907
-0.00010847
-0.00010788
-0.00010728
-0.00010669
-0.0001061
-0.0001055
-0.00010491
-0.00010431
-0.00010372
-0.00010312
-0.00010253
-0.00010193
-0.00010134
-0.00010075
-0.00010015
-9.9556e-05
-9.8962e-05
-9.8367e-05
-9.7773e-05
-9.7178e-05
-9.6584e-05
-9.599e-05
-9.5395e-05
-9.4801e-05
-9.4206e-05
-9.3612e-05
-9.3017e-05
-9.2423e-05
-9.1828e-05
-9.1234e-05
-9.0639e-05
-9.0045e-05
-8.945e-05
-8.8856e-05
-8.8261e-05
-8.7667e-05
-8.7072e-05
-8.6478e-05
-8.5883e-05
-8.5289e-05
-8.4694e-05
-8.41e-05
-8.3505e-05
-8.2911e-05
-8.2316e-05
-8.1722e-05
-8.1128e-05
-8.0533e-05
-7.9939e-05
-7.9344e-05
-7.875e-05
-7.8155e-05
-7.7561e-05
-7.6966e-05
-7.6372e-05
-7.5777e-05
-7.5183e-05
-7.4588e-05
-7.3994e-05
-7.3399e-05
-7.2805e-05
-7.221e-05
-7.1616e-05
-7.1021e-05
-7.0427e-05
-6.9832e-05
-6.9238e-05
-6.8643e-05
-6.8049e-05
-6.7455e-05
-6.686e-05
-6.6266e-05
-6.5671e-05
-6.5077e-05
-6.4482e-05
-6.3888e-05
-6.3293e-05
-6.2699e-05
-6.2104e-05
-6.151e-05
-6.0915e-05
-6.0321e-05
-5.9726e-05
-5.9132e-05
-5.8537e-05
-5.7943e-05
-5.7348e-05
-5.6754e-05
-5.6159e-05
-5.5565e-05
-5.497e-05
-5.4376e-05
-5.3782e-05
-5.3187e-05
-5.2593e-05
-5.1998e-05
-5.1404e-05
-5.0809e-05
-5.0215e-05
-4.962e-05
-4.9026e-05
-4.8431e-05
-4.7837e-05
-4.7242e-05
-4.6648e-05
-4.6053e-05
-4.5459e-05
-4.4864e-05
-4.427e-05
-4.3675e-05
-4.3081e-05
-4.2486e-05
-4.1892e-05
-4.1297e-05
-4.0703e-05
-4.0108e-05
-3.9514e-05
-3.892e-05
-3.8325e-05
-3.7731e-05
-3.7136e-05
-3.6542e-05
-3.5947e-05
-3.5353e-05
-3.4758e-05
-3.4164e-05
-3.3569e-05
-3.2975e-05
-3.238e-05
-3.1786e-05
-3.1191e-05
-3.0597e-05
-3.0002e-05
-2.9408e-05
-2.8813e-05
-2.8219e-05
-2.7624e-05
-2.703e-05
-2.6435e-05
-2.5841e-05
-2.5247e-05
-2.4652e-05
-2.4058e-05
-2.3463e-05
-2.2869e-05
-2.2274e-05
-2.168e-05
-2.1085e-05
-2.0491e-05
-1.9896e-05
-1.9302e-05
-1.8707e-05
-1.8113e-05
-1.7518e-05
-1.6924e-05
-1.6329e-05
-1.5735e-05
-1.514e-05
-1.4546e-05
-1.3951e-05
-1.3357e-05
-1.2762e-05
-1.2168e-05
-1.1573e-05
-1.0979e-05
-1.0385e-05
-9.7901e-06
-9.1956e-06
-8.6011e-06
-8.0066e-06
-7.4121e-06
-6.8177e-06
-6.2232e-06
-5.6287e-06
-5.0342e-06
-4.4397e-06
-3.8453e-06
-3.2508e-06
-2.6563e-06
-2.0618e-06
-1.4674e-06
-8.7288e-07
-2.784e-07
3.1608e-07
9.1056e-07
1.505e-06
2.0995e-06
2.694e-06
3.2885e-06
3.883e-06
4.4774e-06
5.0719e-06
5.6664e-06
6.2609e-06
6.8553e-06
7.4498e-06
8.0443e-06
8.6388e-06
9.2333e-06
9.8277e-06
1.0422e-05
1.1017e-05
1.1611e-05
1.2206e-05
1.28e-05
1.3395e-05
1.3989e-05
1.4584e-05
1.5178e-05
1.5773e-05
1.6367e-05
1.6961e-05
1.7556e-05
1.815e-05
1.8745e-05
1.9339e-05
1.9934e-05
2.0528e-05
2.1123e-05
2.1717e-05
2.2312e-05
2.2906e-05
2.3501e-05
2.4095e-05
2.469e-05
2.5284e-05
2.5879e-05
2.6473e-05
2.7068e-05
2.7662e-05
2.8257e-05
2.8851e-05
2.9446e-05
3.004e-05
3.0635e-05
3.1229e-05
3.1823e-05
3.2418e-05
3.3012e-05
3.3607e-05
3.4201e-05
3.4796e-05
3.539e-05
3.5985e-05
3.6579e-05
3.7174e-05
3.7768e-05
3.8363e-05
3.8957e-05
3.9552e-05
4.0146e-05
4.0741e-05
4.1335e-05
4.193e-05
4.2524e-05
4.3119e-05
4.3713e-05
4.4308e-05
4.4902e-05
4.5496e-05
4.6091e-05
4.6685e-05
4.728e-05
4.7874e-05
4.8469e-05
4.9063e-05
4.9658e-05
5.0252e-05
5.0847e-05
5.1441e-05
5.2036e-05
5.263e-05
5.3225e-05
5.3819e-05
5.4414e-05
5.5008e-05
5.5603e-05
5.6197e-05
5.6792e-05
5.7386e-05
5.7981e-05
5.8575e-05
5.9169e-05
5.9764e-05
6.0358e-05
6.0953e-05
6.1547e-05
6.2142e-05
6.2736e-05
6.3331e-05
6.3925e-05
6.452e-05
6.5114e-05
6.5709e-05
6.6303e-05
6.6898e-05
6.7492e-05
6.8087e-05
6.8681e-05
6.9276e-05
6.987e-05
7.0465e-05
7.1059e-05
7.1654e-05
7.2248e-05
7.2843e-05
7.3437e-05
7.4031e-05
7.4626e-05
7.522e-05
7.5815e-05
7.6409e-05
7.7004e-05
7.7598e-05
7.8193e-05
7.8787e-05
7.9382e-05
7.9976e-05
8.0571e-05
8.1165e-05
8.176e-05
8.2354e-05
8.2949e-05
8.3543e-05
8.4138e-05
8.4732e-05
8.5327e-05
8.5921e-05
8.6516e-05
8.711e-05
8.7704e-05
8.8299e-05
8.8893e-05
8.9488e-05
9.0082e-05
9.0677e-05
9.1271e-05
9.1866e-05
9.246e-05
9.3055e-05
9.3649e-05
9.4244e-05
9.4838e-05
9.5433e-05
9.6027e-05
9.6622e-05
9.7216e-05
9.7811e-05
9.8405e-05
9.9e-05
9.9594e-05
0.00010019
0.00010078
0.00010138
0.00010197
0.00010257
0.00010316
0.00010376
0.00010435
0.00010494
0.00010554
0.00010613
0.00010673
0.00010732
0.00010792
0.00010851
0.00010911
0.0001097
0.00011029
0.00011089
0.00011148
0.00011208
0.00011267
0.00011327
0.00011386
0.00011446
0.00011505
0.00011564
0.00011624
0.00011683
0.00011743
0.00011802
0.00011862
0.00011921
0.00011981
0.0001204
0.000121
0.00012159
0.00012218
0.00012278
0.00012337
0.00012397
0.00012456
0.00012516
0.00012575
0.00012635
0.00012694
0.00012753
0.00012813
0.00012872
0.00012932
0.00012991
0.00013051
0.0001311
0.0001317
0.00013229
0.00013288
0.00013348
0.00013407
0.00013467
0.00013526
0.00013586
0.00013645
0.00013705
0.00013764
0.00013824
0.00013883
0.00013942
0.00014002
0.00014061
0.00014121
0.0001418
0.0001424
0.00014299
0.00014359
0.00014418
0.00014477
0.00014537
0.00014596
0.00014656
0.00014715
0.00014775
0.00014834
0.00014894
0.00014953
0.00015012
0.00015072
0.00015131
0.00015191
0.0001525
0.0001531
0.00015369
0.00015429
0.00015488
0.00015548
0.00015607
0.00015666
0.00015726
0.00015785
0.00015845
0.00015904
0.00015964
0.00016023
0.00016083
0.00016142
0.00016201
0.00016261
0.0001632
0.0001638
0.00016439
0.00016499
0.00016558
0.00016618
0.00016677
0.00016736
0.00016796
0.00016855
0.00016915
0.00016974
0.00017034
0.00017093
0.00017153
0.00017212
0.00017271
0.00017331
0.0001739
0.0001745
0.00017509
0.00017569
0.00017628
0.00017688
0.00017747
0.00017807
0.00017866
0.00017925
0.00017985
0.00018044
0.00018104
0.00018163
0.00018223
0.00018282
0.00018342
0.00018401
0.0001846
0.0001852
0.00018579
0.00018639
0.00018698
0.00018758
0.00018817
0.00018877
0.00018936
0.00018995
0.00019055
0.00019114
0.00019174
0.00019233
0.00019293
0.00019352
0.00019412
0.00019471
0.00019531
0.0001959
0.00019649
0.00019709
0.00019768
0.00019828
0.00019887
0.00019947
0.00020006
0.00020066
0.00020125
0.00020184
0.00020244
0.00020303
0.00020363
0.00020422
0.00020482
0.00020541
0.00020601
0.0002066
0.00020719
0.00020779
0.00020838
0.00020898
0.00020957
0.00021017
0.00021076
0.00021136
0.00021195
0.00021255
0.00021314
0.00021373
0.00021433
0.00021492
0.00021552
0.00021611
0.00021671
0.0002173
0.0002179
0.00021849
0.00021908
0.00021968
0.00022027
0.00022086
0.00022145
0.00022204
0.00022262
0.00022318
0.00022372
0.00022421
0.00022464
0.00022497
0.00022513
0.00022512
0.00022476
0.00022398
0.00022282
0.00022058
0.00021803
0.00021382
0.00020859
0.00020229
0.00019286
0.00018404
0.00016983
0.00015725
0.00013888
0.00012132
9.9684e-05
7.7219e-05
5.2768e-05
2.6851e-05
