-0.0040009
-0.0043102
-0.0042863
-0.0042081
-0.0041196
-0.004029
-0.003938
-0.003847
-0.0037559
-0.0036648
-0.0035737
-0.0034826
-0.0033915
-0.0033004
-0.0032093
-0.0031182
-0.003027
-0.0029359
-0.0028448
-0.0027537
-0.0026626
-0.0025715
-0.0024804
-0.0023893
-0.0022982
-0.0022071
-0.002116
-0.0020249
-0.0019338
-0.0018427
-0.0017516
-0.0016605
-0.0015694
-0.0014783
-0.0013872
-0.0012961
-0.001205
-0.0011139
-0.0010228
-0.00093168
-0.00084058
-0.00074948
-0.00065837
-0.00056727
-0.00047617
-0.00038507
-0.00029396
-0.00020286
-0.00011176
-2.0654e-05
7.0449e-05
0.00016155
0.00025265
0.00034376
0.00043486
0.00052596
0.00061707
0.00070817
0.00079927
0.00089037
0.00098148
0.0010726
0.0011637
0.0012548
0.0013459
0.001437
0.0015281
0.0016192
0.0017103
0.0018014
0.0018924
0.0019834
0.0020743
0.002165
0.0022554
0.0023453
0.0024345
0.0025223
0.0026084
0.002692
0.0027715
0.0028467
0.0029144
0.0029739
0.0030235
0.0030549
0.0030809
0.0030658
0.0030637
0.0029819
0.0029424
0.0027835
0.0026837
0.0024561
0.0022602
0.001983
0.0016641
0.0013376
0.00090819
0.00049503
