-0.00015155
-0.00015368
-0.00015354
-0.00015335
-0.00015316
-0.00015297
-0.00015277
-0.00015258
-0.00015239
-0.0001522
-0.000152
-0.00015181
-0.00015162
-0.00015143
-0.00015123
-0.00015104
-0.00015085
-0.00015066
-0.00015046
-0.00015027
-0.00015008
-0.00014989
-0.00014969
-0.0001495
-0.00014931
-0.00014911
-0.00014892
-0.00014873
-0.00014854
-0.00014834
-0.00014815
-0.00014796
-0.00014777
-0.00014757
-0.00014738
-0.00014719
-0.000147
-0.0001468
-0.00014661
-0.00014642
-0.00014623
-0.00014603
-0.00014584
-0.00014565
-0.00014546
-0.00014526
-0.00014507
-0.00014488
-0.00014469
-0.00014449
-0.0001443
-0.00014411
-0.00014392
-0.00014372
-0.00014353
-0.00014334
-0.00014315
-0.00014295
-0.00014276
-0.00014257
-0.00014238
-0.00014218
-0.00014199
-0.0001418
-0.00014161
-0.00014141
-0.00014122
-0.00014103
-0.00014084
-0.00014064
-0.00014045
-0.00014026
-0.00014007
-0.00013987
-0.00013968
-0.00013949
-0.0001393
-0.0001391
-0.00013891
-0.00013872
-0.00013853
-0.00013833
-0.00013814
-0.00013795
-0.00013776
-0.00013756
-0.00013737
-0.00013718
-0.00013698
-0.00013679
-0.0001366
-0.00013641
-0.00013621
-0.00013602
-0.00013583
-0.00013564
-0.00013544
-0.00013525
-0.00013506
-0.00013487
-0.00013467
-0.00013448
-0.00013429
-0.0001341
-0.0001339
-0.00013371
-0.00013352
-0.00013333
-0.00013313
-0.00013294
-0.00013275
-0.00013256
-0.00013236
-0.00013217
-0.00013198
-0.00013179
-0.00013159
-0.0001314
-0.00013121
-0.00013102
-0.00013082
-0.00013063
-0.00013044
-0.00013025
-0.00013005
-0.00012986
-0.00012967
-0.00012948
-0.00012928
-0.00012909
-0.0001289
-0.00012871
-0.00012851
-0.00012832
-0.00012813
-0.00012794
-0.00012774
-0.00012755
-0.00012736
-0.00012717
-0.00012697
-0.00012678
-0.00012659
-0.0001264
-0.0001262
-0.00012601
-0.00012582
-0.00012563
-0.00012543
-0.00012524
-0.00012505
-0.00012486
-0.00012466
-0.00012447
-0.00012428
-0.00012408
-0.00012389
-0.0001237
-0.00012351
-0.00012331
-0.00012312
-0.00012293
-0.00012274
-0.00012254
-0.00012235
-0.00012216
-0.00012197
-0.00012177
-0.00012158
-0.00012139
-0.0001212
-0.000121
-0.00012081
-0.00012062
-0.00012043
-0.00012023
-0.00012004
-0.00011985
-0.00011966
-0.00011946
-0.00011927
-0.00011908
-0.00011889
-0.00011869
-0.0001185
-0.00011831
-0.00011812
-0.00011792
-0.00011773
-0.00011754
-0.00011735
-0.00011715
-0.00011696
-0.00011677
-0.00011658
-0.00011638
-0.00011619
-0.000116
-0.00011581
-0.00011561
-0.00011542
-0.00011523
-0.00011504
-0.00011484
-0.00011465
-0.00011446
-0.00011427
-0.00011407
-0.00011388
-0.00011369
-0.0001135
-0.0001133
-0.00011311
-0.00011292
-0.00011273
-0.00011253
-0.00011234
-0.00011215
-0.00011195
-0.00011176
-0.00011157
-0.00011138
-0.00011118
-0.00011099
-0.0001108
-0.00011061
-0.00011041
-0.00011022
-0.00011003
-0.00010984
-0.00010964
-0.00010945
-0.00010926
-0.00010907
-0.00010887
-0.00010868
-0.00010849
-0.0001083
-0.0001081
-0.00010791
-0.00010772
-0.00010753
-0.00010733
-0.00010714
-0.00010695
-0.00010676
-0.00010656
-0.00010637
-0.00010618
-0.00010599
-0.00010579
-0.0001056
-0.00010541
-0.00010522
-0.00010502
-0.00010483
-0.00010464
-0.00010445
-0.00010425
-0.00010406
-0.00010387
-0.00010368
-0.00010348
-0.00010329
-0.0001031
-0.00010291
-0.00010271
-0.00010252
-0.00010233
-0.00010214
-0.00010194
-0.00010175
-0.00010156
-0.00010137
-0.00010117
-0.00010098
-0.00010079
-0.0001006
-0.0001004
-0.00010021
-0.00010002
-9.9825e-05
-9.9632e-05
-9.944e-05
-9.9247e-05
-9.9055e-05
-9.8862e-05
-9.867e-05
-9.8477e-05
-9.8285e-05
-9.8092e-05
-9.79e-05
-9.7707e-05
-9.7515e-05
-9.7322e-05
-9.7129e-05
-9.6937e-05
-9.6744e-05
-9.6552e-05
-9.6359e-05
-9.6167e-05
-9.5974e-05
-9.5782e-05
-9.5589e-05
-9.5397e-05
-9.5204e-05
-9.5012e-05
-9.4819e-05
-9.4626e-05
-9.4434e-05
-9.4241e-05
-9.4049e-05
-9.3856e-05
-9.3664e-05
-9.3471e-05
-9.3279e-05
-9.3086e-05
-9.2894e-05
-9.2701e-05
-9.2509e-05
-9.2316e-05
-9.2123e-05
-9.1931e-05
-9.1738e-05
-9.1546e-05
-9.1353e-05
-9.1161e-05
-9.0968e-05
-9.0776e-05
-9.0583e-05
-9.0391e-05
-9.0198e-05
-9.0006e-05
-8.9813e-05
-8.962e-05
-8.9428e-05
-8.9235e-05
-8.9043e-05
-8.885e-05
-8.8658e-05
-8.8465e-05
-8.8273e-05
-8.808e-05
-8.7888e-05
-8.7695e-05
-8.7503e-05
-8.731e-05
-8.7117e-05
-8.6925e-05
-8.6732e-05
-8.654e-05
-8.6347e-05
-8.6155e-05
-8.5962e-05
-8.577e-05
-8.5577e-05
-8.5385e-05
-8.5192e-05
-8.5e-05
-8.4807e-05
-8.4614e-05
-8.4422e-05
-8.4229e-05
-8.4037e-05
-8.3844e-05
-8.3652e-05
-8.3459e-05
-8.3267e-05
-8.3074e-05
-8.2882e-05
-8.2689e-05
-8.2497e-05
-8.2304e-05
-8.2111e-05
-8.1919e-05
-8.1726e-05
-8.1534e-05
-8.1341e-05
-8.1149e-05
-8.0956e-05
-8.0764e-05
-8.0571e-05
-8.0379e-05
-8.0186e-05
-7.9994e-05
-7.9801e-05
-7.9608e-05
-7.9416e-05
-7.9223e-05
-7.9031e-05
-7.8838e-05
-7.8646e-05
-7.8453e-05
-7.8261e-05
-7.8068e-05
-7.7876e-05
-7.7683e-05
-7.7491e-05
-7.7298e-05
-7.7105e-05
-7.6913e-05
-7.672e-05
-7.6528e-05
-7.6335e-05
-7.6143e-05
-7.595e-05
-7.5758e-05
-7.5565e-05
-7.5373e-05
-7.518e-05
-7.4988e-05
-7.4795e-05
-7.4602e-05
-7.441e-05
-7.4217e-05
-7.4025e-05
-7.3832e-05
-7.364e-05
-7.3447e-05
-7.3255e-05
-7.3062e-05
-7.287e-05
-7.2677e-05
-7.2485e-05
-7.2292e-05
-7.2099e-05
-7.1907e-05
-7.1714e-05
-7.1522e-05
-7.1329e-05
-7.1137e-05
-7.0944e-05
-7.0752e-05
-7.0559e-05
-7.0367e-05
-7.0174e-05
-6.9982e-05
-6.9789e-05
-6.9597e-05
-6.9404e-05
-6.9211e-05
-6.9019e-05
-6.8826e-05
-6.8634e-05
-6.8441e-05
-6.8249e-05
-6.8056e-05
-6.7864e-05
-6.7671e-05
-6.7479e-05
-6.7286e-05
-6.7094e-05
-6.6901e-05
-6.6708e-05
-6.6516e-05
-6.6323e-05
-6.6131e-05
-6.5938e-05
-6.5746e-05
-6.5553e-05
-6.5361e-05
-6.5168e-05
-6.4976e-05
-6.4783e-05
-6.4591e-05
-6.4398e-05
-6.4205e-05
-6.4013e-05
-6.382e-05
-6.3628e-05
-6.3435e-05
-6.3243e-05
-6.305e-05
-6.2858e-05
-6.2665e-05
-6.2473e-05
-6.228e-05
-6.2088e-05
-6.1895e-05
-6.1702e-05
-6.151e-05
-6.1317e-05
-6.1125e-05
-6.0932e-05
-6.074e-05
-6.0547e-05
-6.0355e-05
-6.0162e-05
-5.997e-05
-5.9777e-05
-5.9585e-05
-5.9392e-05
-5.9199e-05
-5.9007e-05
-5.8814e-05
-5.8622e-05
-5.8429e-05
-5.8237e-05
-5.8044e-05
-5.7852e-05
-5.7659e-05
-5.7467e-05
-5.7274e-05
-5.7082e-05
-5.6889e-05
-5.6696e-05
-5.6504e-05
-5.6311e-05
-5.6119e-05
-5.5926e-05
-5.5734e-05
-5.5541e-05
-5.5349e-05
-5.5156e-05
-5.4964e-05
-5.4771e-05
-5.4579e-05
-5.4386e-05
-5.4193e-05
-5.4001e-05
-5.3808e-05
-5.3616e-05
-5.3423e-05
-5.3231e-05
-5.3038e-05
-5.2846e-05
-5.2653e-05
-5.2461e-05
-5.2268e-05
-5.2076e-05
-5.1883e-05
-5.169e-05
-5.1498e-05
-5.1305e-05
-5.1113e-05
-5.092e-05
-5.0728e-05
-5.0535e-05
-5.0343e-05
-5.015e-05
-4.9958e-05
-4.9765e-05
-4.9573e-05
-4.938e-05
-4.9187e-05
-4.8995e-05
-4.8802e-05
-4.861e-05
-4.8417e-05
-4.8225e-05
-4.8032e-05
-4.784e-05
-4.7647e-05
-4.7455e-05
-4.7262e-05
-4.707e-05
-4.6877e-05
-4.6684e-05
-4.6492e-05
-4.6299e-05
-4.6107e-05
-4.5914e-05
-4.5722e-05
-4.5529e-05
-4.5337e-05
-4.5144e-05
-4.4952e-05
-4.4759e-05
-4.4567e-05
-4.4374e-05
-4.4181e-05
-4.3989e-05
-4.3796e-05
-4.3604e-05
-4.3411e-05
-4.3219e-05
-4.3026e-05
-4.2834e-05
-4.2641e-05
-4.2449e-05
-4.2256e-05
-4.2064e-05
-4.1871e-05
-4.1678e-05
-4.1486e-05
-4.1293e-05
-4.1101e-05
-4.0908e-05
-4.0716e-05
-4.0523e-05
-4.0331e-05
-4.0138e-05
-3.9946e-05
-3.9753e-05
-3.9561e-05
-3.9368e-05
-3.9175e-05
-3.8983e-05
-3.879e-05
-3.8598e-05
-3.8405e-05
-3.8213e-05
-3.802e-05
-3.7828e-05
-3.7635e-05
-3.7443e-05
-3.725e-05
-3.7058e-05
-3.6865e-05
-3.6672e-05
-3.648e-05
-3.6287e-05
-3.6095e-05
-3.5902e-05
-3.571e-05
-3.5517e-05
-3.5325e-05
-3.5132e-05
-3.494e-05
-3.4747e-05
-3.4555e-05
-3.4362e-05
-3.4169e-05
-3.3977e-05
-3.3784e-05
-3.3592e-05
-3.3399e-05
-3.3207e-05
-3.3014e-05
-3.2822e-05
-3.2629e-05
-3.2437e-05
-3.2244e-05
-3.2052e-05
-3.1859e-05
-3.1666e-05
-3.1474e-05
-3.1281e-05
-3.1089e-05
-3.0896e-05
-3.0704e-05
-3.0511e-05
-3.0319e-05
-3.0126e-05
-2.9934e-05
-2.9741e-05
-2.9549e-05
-2.9356e-05
-2.9163e-05
-2.8971e-05
-2.8778e-05
-2.8586e-05
-2.8393e-05
-2.8201e-05
-2.8008e-05
-2.7816e-05
-2.7623e-05
-2.7431e-05
-2.7238e-05
-2.7046e-05
-2.6853e-05
-2.666e-05
-2.6468e-05
-2.6275e-05
-2.6083e-05
-2.589e-05
-2.5698e-05
-2.5505e-05
-2.5313e-05
-2.512e-05
-2.4928e-05
-2.4735e-05
-2.4543e-05
-2.435e-05
-2.4157e-05
-2.3965e-05
-2.3772e-05
-2.358e-05
-2.3387e-05
-2.3195e-05
-2.3002e-05
-2.281e-05
-2.2617e-05
-2.2425e-05
-2.2232e-05
-2.204e-05
-2.1847e-05
-2.1654e-05
-2.1462e-05
-2.1269e-05
-2.1077e-05
-2.0884e-05
-2.0692e-05
-2.0499e-05
-2.0307e-05
-2.0114e-05
-1.9922e-05
-1.9729e-05
-1.9537e-05
-1.9344e-05
-1.9151e-05
-1.8959e-05
-1.8766e-05
-1.8574e-05
-1.8381e-05
-1.8189e-05
-1.7996e-05
-1.7804e-05
-1.7611e-05
-1.7419e-05
-1.7226e-05
-1.7034e-05
-1.6841e-05
-1.6648e-05
-1.6456e-05
-1.6263e-05
-1.6071e-05
-1.5878e-05
-1.5686e-05
-1.5493e-05
-1.5301e-05
-1.5108e-05
-1.4916e-05
-1.4723e-05
-1.4531e-05
-1.4338e-05
-1.4145e-05
-1.3953e-05
-1.376e-05
-1.3568e-05
-1.3375e-05
-1.3183e-05
-1.299e-05
-1.2798e-05
-1.2605e-05
-1.2413e-05
-1.222e-05
-1.2028e-05
-1.1835e-05
-1.1642e-05
-1.145e-05
-1.1257e-05
-1.1065e-05
-1.0872e-05
-1.068e-05
-1.0487e-05
-1.0295e-05
-1.0102e-05
-9.9096e-06
-9.7171e-06
-9.5245e-06
-9.332e-06
-9.1395e-06
-8.9469e-06
-8.7544e-06
-8.5618e-06
-8.3693e-06
-8.1768e-06
-7.9842e-06
-7.7917e-06
-7.5991e-06
-7.4066e-06
-7.2141e-06
-7.0215e-06
-6.829e-06
-6.6365e-06
-6.4439e-06
-6.2514e-06
-6.0588e-06
-5.8663e-06
-5.6738e-06
-5.4812e-06
-5.2887e-06
-5.0961e-06
-4.9036e-06
-4.7111e-06
-4.5185e-06
-4.326e-06
-4.1335e-06
-3.9409e-06
-3.7484e-06
-3.5558e-06
-3.3633e-06
-3.1708e-06
-2.9782e-06
-2.7857e-06
-2.5931e-06
-2.4006e-06
-2.2081e-06
-2.0155e-06
-1.823e-06
-1.6305e-06
-1.4379e-06
-1.2454e-06
-1.0528e-06
-8.603e-07
-6.6776e-07
-4.7522e-07
-2.8269e-07
-9.0148e-08
1.0239e-07
2.9493e-07
4.8747e-07
6.8001e-07
8.7254e-07
1.0651e-06
1.2576e-06
1.4502e-06
1.6427e-06
1.8352e-06
2.0278e-06
2.2203e-06
2.4129e-06
2.6054e-06
2.7979e-06
2.9905e-06
3.183e-06
3.3755e-06
3.5681e-06
3.7606e-06
3.9532e-06
4.1457e-06
4.3382e-06
4.5308e-06
4.7233e-06
4.9159e-06
5.1084e-06
5.3009e-06
5.4935e-06
5.686e-06
5.8785e-06
6.0711e-06
6.2636e-06
6.4562e-06
6.6487e-06
6.8412e-06
7.0338e-06
7.2263e-06
7.4188e-06
7.6114e-06
7.8039e-06
7.9965e-06
8.189e-06
8.3815e-06
8.5741e-06
8.7666e-06
8.9592e-06
9.1517e-06
9.3442e-06
9.5368e-06
9.7293e-06
9.9218e-06
1.0114e-05
1.0307e-05
1.0499e-05
1.0692e-05
1.0885e-05
1.1077e-05
1.127e-05
1.1462e-05
1.1655e-05
1.1847e-05
1.204e-05
1.2232e-05
1.2425e-05
1.2617e-05
1.281e-05
1.3002e-05
1.3195e-05
1.3388e-05
1.358e-05
1.3773e-05
1.3965e-05
1.4158e-05
1.435e-05
1.4543e-05
1.4735e-05
1.4928e-05
1.512e-05
1.5313e-05
1.5505e-05
1.5698e-05
1.5891e-05
1.6083e-05
1.6276e-05
1.6468e-05
1.6661e-05
1.6853e-05
1.7046e-05
1.7238e-05
1.7431e-05
1.7623e-05
1.7816e-05
1.8008e-05
1.8201e-05
1.8394e-05
1.8586e-05
1.8779e-05
1.8971e-05
1.9164e-05
1.9356e-05
1.9549e-05
1.9741e-05
1.9934e-05
2.0126e-05
2.0319e-05
2.0511e-05
2.0704e-05
2.0897e-05
2.1089e-05
2.1282e-05
2.1474e-05
2.1667e-05
2.1859e-05
2.2052e-05
2.2244e-05
2.2437e-05
2.2629e-05
2.2822e-05
2.3014e-05
2.3207e-05
2.34e-05
2.3592e-05
2.3785e-05
2.3977e-05
2.417e-05
2.4362e-05
2.4555e-05
2.4747e-05
2.494e-05
2.5132e-05
2.5325e-05
2.5517e-05
2.571e-05
2.5903e-05
2.6095e-05
2.6288e-05
2.648e-05
2.6673e-05
2.6865e-05
2.7058e-05
2.725e-05
2.7443e-05
2.7635e-05
2.7828e-05
2.802e-05
2.8213e-05
2.8406e-05
2.8598e-05
2.8791e-05
2.8983e-05
2.9176e-05
2.9368e-05
2.9561e-05
2.9753e-05
2.9946e-05
3.0138e-05
3.0331e-05
3.0523e-05
3.0716e-05
3.0909e-05
3.1101e-05
3.1294e-05
3.1486e-05
3.1679e-05
3.1871e-05
3.2064e-05
3.2256e-05
3.2449e-05
3.2641e-05
3.2834e-05
3.3026e-05
3.3219e-05
3.3412e-05
3.3604e-05
3.3797e-05
3.3989e-05
3.4182e-05
3.4374e-05
3.4567e-05
3.4759e-05
3.4952e-05
3.5144e-05
3.5337e-05
3.5529e-05
3.5722e-05
3.5915e-05
3.6107e-05
3.63e-05
3.6492e-05
3.6685e-05
3.6877e-05
3.707e-05
3.7262e-05
3.7455e-05
3.7647e-05
3.784e-05
3.8032e-05
3.8225e-05
3.8418e-05
3.861e-05
3.8803e-05
3.8995e-05
3.9188e-05
3.938e-05
3.9573e-05
3.9765e-05
3.9958e-05
4.015e-05
4.0343e-05
4.0535e-05
4.0728e-05
4.0921e-05
4.1113e-05
4.1306e-05
4.1498e-05
4.1691e-05
4.1883e-05
4.2076e-05
4.2268e-05
4.2461e-05
4.2653e-05
4.2846e-05
4.3038e-05
4.3231e-05
4.3424e-05
4.3616e-05
4.3809e-05
4.4001e-05
4.4194e-05
4.4386e-05
4.4579e-05
4.4771e-05
4.4964e-05
4.5156e-05
4.5349e-05
4.5541e-05
4.5734e-05
4.5927e-05
4.6119e-05
4.6312e-05
4.6504e-05
4.6697e-05
4.6889e-05
4.7082e-05
4.7274e-05
4.7467e-05
4.7659e-05
4.7852e-05
4.8044e-05
4.8237e-05
4.843e-05
4.8622e-05
4.8815e-05
4.9007e-05
4.92e-05
4.9392e-05
4.9585e-05
4.9777e-05
4.997e-05
5.0162e-05
5.0355e-05
5.0547e-05
5.074e-05
5.0933e-05
5.1125e-05
5.1318e-05
5.151e-05
5.1703e-05
5.1895e-05
5.2088e-05
5.228e-05
5.2473e-05
5.2665e-05
5.2858e-05
5.305e-05
5.3243e-05
5.3436e-05
5.3628e-05
5.3821e-05
5.4013e-05
5.4206e-05
5.4398e-05
5.4591e-05
5.4783e-05
5.4976e-05
5.5168e-05
5.5361e-05
5.5553e-05
5.5746e-05
5.5939e-05
5.6131e-05
5.6324e-05
5.6516e-05
5.6709e-05
5.6901e-05
5.7094e-05
5.7286e-05
5.7479e-05
5.7671e-05
5.7864e-05
5.8056e-05
5.8249e-05
5.8442e-05
5.8634e-05
5.8827e-05
5.9019e-05
5.9212e-05
5.9404e-05
5.9597e-05
5.9789e-05
5.9982e-05
6.0174e-05
6.0367e-05
6.0559e-05
6.0752e-05
6.0945e-05
6.1137e-05
6.133e-05
6.1522e-05
6.1715e-05
6.1907e-05
6.21e-05
6.2292e-05
6.2485e-05
6.2677e-05
6.287e-05
6.3062e-05
6.3255e-05
6.3448e-05
6.364e-05
6.3833e-05
6.4025e-05
6.4218e-05
6.441e-05
6.4603e-05
6.4795e-05
6.4988e-05
6.518e-05
6.5373e-05
6.5565e-05
6.5758e-05
6.5951e-05
6.6143e-05
6.6336e-05
6.6528e-05
6.6721e-05
6.6913e-05
6.7106e-05
6.7298e-05
6.7491e-05
6.7683e-05
6.7876e-05
6.8068e-05
6.8261e-05
6.8454e-05
6.8646e-05
6.8839e-05
6.9031e-05
6.9224e-05
6.9416e-05
6.9609e-05
6.9801e-05
6.9994e-05
7.0186e-05
7.0379e-05
7.0571e-05
7.0764e-05
7.0957e-05
7.1149e-05
7.1342e-05
7.1534e-05
7.1727e-05
7.1919e-05
7.2112e-05
7.2304e-05
7.2497e-05
7.2689e-05
7.2882e-05
7.3074e-05
7.3267e-05
7.346e-05
7.3652e-05
7.3845e-05
7.4037e-05
7.423e-05
7.4422e-05
7.4615e-05
7.4807e-05
7.5e-05
7.5192e-05
7.5385e-05
7.5577e-05
7.577e-05
7.5963e-05
7.6155e-05
7.6348e-05
7.654e-05
7.6733e-05
7.6925e-05
7.7118e-05
7.731e-05
7.7503e-05
7.7695e-05
7.7888e-05
7.808e-05
7.8273e-05
7.8466e-05
7.8658e-05
7.8851e-05
7.9043e-05
7.9236e-05
7.9428e-05
7.9621e-05
7.9813e-05
8.0006e-05
8.0198e-05
8.0391e-05
8.0583e-05
8.0776e-05
8.0969e-05
8.1161e-05
8.1354e-05
8.1546e-05
8.1739e-05
8.1931e-05
8.2124e-05
8.2316e-05
8.2509e-05
8.2701e-05
8.2894e-05
8.3086e-05
8.3279e-05
8.3472e-05
8.3664e-05
8.3857e-05
8.4049e-05
8.4242e-05
8.4434e-05
8.4627e-05
8.4819e-05
8.5012e-05
8.5204e-05
8.5397e-05
8.5589e-05
8.5782e-05
8.5975e-05
8.6167e-05
8.636e-05
8.6552e-05
8.6745e-05
8.6937e-05
8.713e-05
8.7322e-05
8.7515e-05
8.7707e-05
8.79e-05
8.8092e-05
8.8285e-05
8.8478e-05
8.867e-05
8.8863e-05
8.9055e-05
8.9248e-05
8.944e-05
8.9633e-05
8.9825e-05
9.0018e-05
9.021e-05
9.0403e-05
9.0595e-05
9.0788e-05
9.0981e-05
9.1173e-05
9.1366e-05
9.1558e-05
9.1751e-05
9.1943e-05
9.2136e-05
9.2328e-05
9.2521e-05
9.2713e-05
9.2906e-05
9.3098e-05
9.3291e-05
9.3484e-05
9.3676e-05
9.3869e-05
9.4061e-05
9.4254e-05
9.4446e-05
9.4639e-05
9.4831e-05
9.5024e-05
9.5216e-05
9.5409e-05
9.5601e-05
9.5794e-05
9.5987e-05
9.6179e-05
9.6372e-05
9.6564e-05
9.6757e-05
9.6949e-05
9.7142e-05
9.7334e-05
9.7527e-05
9.7719e-05
9.7912e-05
9.8104e-05
9.8297e-05
9.8489e-05
9.8682e-05
9.8875e-05
9.9067e-05
9.926e-05
9.9452e-05
9.9645e-05
9.9837e-05
0.00010003
0.00010022
0.00010041
0.00010061
0.0001008
0.00010099
0.00010119
0.00010138
0.00010157
0.00010176
0.00010196
0.00010215
0.00010234
0.00010253
0.00010273
0.00010292
0.00010311
0.0001033
0.0001035
0.00010369
0.00010388
0.00010407
0.00010427
0.00010446
0.00010465
0.00010484
0.00010504
0.00010523
0.00010542
0.00010561
0.00010581
0.000106
0.00010619
0.00010638
0.00010658
0.00010677
0.00010696
0.00010715
0.00010735
0.00010754
0.00010773
0.00010792
0.00010812
0.00010831
0.0001085
0.00010869
0.00010889
0.00010908
0.00010927
0.00010946
0.00010966
0.00010985
0.00011004
0.00011023
0.00011043
0.00011062
0.00011081
0.000111
0.0001112
0.00011139
0.00011158
0.00011177
0.00011197
0.00011216
0.00011235
0.00011254
0.00011274
0.00011293
0.00011312
0.00011331
0.00011351
0.0001137
0.00011389
0.00011409
0.00011428
0.00011447
0.00011466
0.00011486
0.00011505
0.00011524
0.00011543
0.00011563
0.00011582
0.00011601
0.0001162
0.0001164
0.00011659
0.00011678
0.00011697
0.00011717
0.00011736
0.00011755
0.00011774
0.00011794
0.00011813
0.00011832
0.00011851
0.00011871
0.0001189
0.00011909
0.00011928
0.00011948
0.00011967
0.00011986
0.00012005
0.00012025
0.00012044
0.00012063
0.00012082
0.00012102
0.00012121
0.0001214
0.00012159
0.00012179
0.00012198
0.00012217
0.00012236
0.00012256
0.00012275
0.00012294
0.00012313
0.00012333
0.00012352
0.00012371
0.0001239
0.0001241
0.00012429
0.00012448
0.00012467
0.00012487
0.00012506
0.00012525
0.00012544
0.00012564
0.00012583
0.00012602
0.00012622
0.00012641
0.0001266
0.00012679
0.00012699
0.00012718
0.00012737
0.00012756
0.00012776
0.00012795
0.00012814
0.00012833
0.00012853
0.00012872
0.00012891
0.0001291
0.0001293
0.00012949
0.00012968
0.00012987
0.00013007
0.00013026
0.00013045
0.00013064
0.00013084
0.00013103
0.00013122
0.00013141
0.00013161
0.0001318
0.00013199
0.00013218
0.00013238
0.00013257
0.00013276
0.00013295
0.00013315
0.00013334
0.00013353
0.00013372
0.00013392
0.00013411
0.0001343
0.00013449
0.00013469
0.00013488
0.00013507
0.00013526
0.00013546
0.00013565
0.00013584
0.00013603
0.00013623
0.00013642
0.00013661
0.0001368
0.000137
0.00013719
0.00013738
0.00013757
0.00013777
0.00013796
0.00013815
0.00013834
0.00013854
0.00013873
0.00013892
0.00013912
0.00013931
0.0001395
0.00013969
0.00013989
0.00014008
0.00014027
0.00014046
0.00014066
0.00014085
0.00014104
0.00014123
0.00014143
0.00014162
0.00014181
0.000142
0.0001422
0.00014239
0.00014258
0.00014277
0.00014297
0.00014316
0.00014335
0.00014354
0.00014374
0.00014393
0.00014412
0.00014431
0.00014451
0.0001447
0.00014489
0.00014508
0.00014528
0.00014547
0.00014566
0.00014585
0.00014604
0.00014623
0.00014642
0.00014661
0.0001468
0.00014698
0.00014716
0.00014732
0.00014748
0.00014763
0.00014776
0.00014786
0.00014792
0.00014795
0.00014791
0.0001478
0.0001476
0.00014727
0.00014684
0.00014616
0.00014537
0.00014425
0.00014286
0.00014122
0.00013895
0.00013671
0.00013328
0.00013027
0.00012552
0.00012143
0.00011539
0.00010985
0.00010263
9.536e-05
8.7076e-05
7.8032e-05
6.8711e-05
5.8121e-05
4.7743e-05
3.6036e-05
2.4624e-05
1.2302e-05
