-1.2747e-06
-2.5299e-06
-3.7518e-06
-4.9636e-06
-6.1337e-06
-7.3028e-06
-8.422e-06
-9.5487e-06
-1.0618e-05
-1.1703e-05
-1.2724e-05
-1.3767e-05
-1.4742e-05
-1.5743e-05
-1.6672e-05
-1.7632e-05
-1.8517e-05
-1.9435e-05
-2.0278e-05
-2.1155e-05
-2.1958e-05
-2.2793e-05
-2.3558e-05
-2.4351e-05
-2.5079e-05
-2.5831e-05
-2.6524e-05
-2.7234e-05
-2.7895e-05
-2.8564e-05
-2.9193e-05
-2.9821e-05
-3.042e-05
-3.1008e-05
-3.1579e-05
-3.2127e-05
-3.2671e-05
-3.318e-05
-3.3699e-05
-3.4169e-05
-3.4664e-05
-3.5098e-05
-3.5568e-05
-3.5967e-05
-3.6414e-05
-3.6779e-05
-3.7204e-05
-3.7537e-05
-3.794e-05
-3.8242e-05
-3.8623e-05
-3.8898e-05
-3.9257e-05
-3.9506e-05
-3.9843e-05
-4.0069e-05
-4.0384e-05
-4.0588e-05
-4.0881e-05
-4.1066e-05
-4.1338e-05
-4.1505e-05
-4.1755e-05
-4.1907e-05
-4.2136e-05
-4.2274e-05
-4.2482e-05
-4.2608e-05
-4.2795e-05
-4.2911e-05
-4.3078e-05
-4.3184e-05
-4.3333e-05
-4.343e-05
-4.3561e-05
-4.365e-05
-4.3764e-05
-4.3845e-05
-4.3944e-05
-4.4018e-05
-4.4102e-05
-4.417e-05
-4.4241e-05
-4.4302e-05
-4.4361e-05
-4.4416e-05
-4.4465e-05
-4.4513e-05
-4.4553e-05
-4.4595e-05
-4.4626e-05
-4.4662e-05
-4.4686e-05
-4.4716e-05
-4.4735e-05
-4.4759e-05
-4.4772e-05
-4.479e-05
-4.4799e-05
-4.4812e-05
-4.4816e-05
-4.4825e-05
-4.4826e-05
-4.4829e-05
-4.4827e-05
-4.4827e-05
-4.4822e-05
-4.4818e-05
-4.481e-05
-4.4803e-05
-4.4793e-05
-4.4782e-05
-4.477e-05
-4.4757e-05
-4.4743e-05
-4.4728e-05
-4.4712e-05
-4.4695e-05
-4.4677e-05
-4.4659e-05
-4.4639e-05
-4.4619e-05
-4.4599e-05
-4.4577e-05
-4.4555e-05
-4.4532e-05
-4.451e-05
-4.4486e-05
-4.4462e-05
-4.4437e-05
-4.4413e-05
-4.4387e-05
-4.4362e-05
-4.4336e-05
-4.431e-05
-4.4283e-05
-4.4256e-05
-4.4229e-05
-4.4202e-05
-4.4174e-05
-4.4147e-05
-4.4119e-05
-4.4091e-05
-4.4062e-05
-4.4034e-05
-4.4005e-05
-4.3977e-05
-4.3948e-05
-4.3919e-05
-4.389e-05
-4.3861e-05
-4.3832e-05
-4.3802e-05
-4.3773e-05
-4.3744e-05
-4.3714e-05
-4.3684e-05
-4.3655e-05
-4.3625e-05
-4.3595e-05
-4.3566e-05
-4.3536e-05
-4.3506e-05
-4.3476e-05
-4.3446e-05
-4.3416e-05
-4.3386e-05
-4.3356e-05
-4.3326e-05
-4.3296e-05
-4.3266e-05
-4.3236e-05
-4.3206e-05
-4.3176e-05
-4.3145e-05
-4.3115e-05
-4.3085e-05
-4.3055e-05
-4.3025e-05
-4.2995e-05
-4.2964e-05
-4.2934e-05
-4.2904e-05
-4.2874e-05
-4.2844e-05
-4.2813e-05
-4.2783e-05
-4.2753e-05
-4.2723e-05
-4.2692e-05
-4.2662e-05
-4.2632e-05
-4.2602e-05
-4.2571e-05
-4.2541e-05
-4.2511e-05
-4.2481e-05
-4.245e-05
-4.242e-05
-4.239e-05
-4.236e-05
-4.2329e-05
-4.2299e-05
-4.2269e-05
-4.2239e-05
-4.2208e-05
-4.2178e-05
-4.2148e-05
-4.2118e-05
-4.2087e-05
-4.2057e-05
-4.2027e-05
-4.1996e-05
-4.1966e-05
-4.1936e-05
-4.1906e-05
-4.1875e-05
-4.1845e-05
-4.1815e-05
-4.1785e-05
-4.1754e-05
-4.1724e-05
-4.1694e-05
-4.1664e-05
-4.1633e-05
-4.1603e-05
-4.1573e-05
-4.1542e-05
-4.1512e-05
-4.1482e-05
-4.1452e-05
-4.1421e-05
-4.1391e-05
-4.1361e-05
-4.1331e-05
-4.13e-05
-4.127e-05
-4.124e-05
-4.121e-05
-4.1179e-05
-4.1149e-05
-4.1119e-05
-4.1088e-05
-4.1058e-05
-4.1028e-05
-4.0998e-05
-4.0967e-05
-4.0937e-05
-4.0907e-05
-4.0877e-05
-4.0846e-05
-4.0816e-05
-4.0786e-05
-4.0756e-05
-4.0725e-05
-4.0695e-05
-4.0665e-05
-4.0634e-05
-4.0604e-05
-4.0574e-05
-4.0544e-05
-4.0513e-05
-4.0483e-05
-4.0453e-05
-4.0423e-05
-4.0392e-05
-4.0362e-05
-4.0332e-05
-4.0302e-05
-4.0271e-05
-4.0241e-05
-4.0211e-05
-4.018e-05
-4.015e-05
-4.012e-05
-4.009e-05
-4.0059e-05
-4.0029e-05
-3.9999e-05
-3.9969e-05
-3.9938e-05
-3.9908e-05
-3.9878e-05
-3.9848e-05
-3.9817e-05
-3.9787e-05
-3.9757e-05
-3.9726e-05
-3.9696e-05
-3.9666e-05
-3.9636e-05
-3.9605e-05
-3.9575e-05
-3.9545e-05
-3.9515e-05
-3.9484e-05
-3.9454e-05
-3.9424e-05
-3.9393e-05
-3.9363e-05
-3.9333e-05
-3.9303e-05
-3.9272e-05
-3.9242e-05
-3.9212e-05
-3.9182e-05
-3.9151e-05
-3.9121e-05
-3.9091e-05
-3.9061e-05
-3.903e-05
-3.9e-05
-3.897e-05
-3.8939e-05
-3.8909e-05
-3.8879e-05
-3.8849e-05
-3.8818e-05
-3.8788e-05
-3.8758e-05
-3.8728e-05
-3.8697e-05
-3.8667e-05
-3.8637e-05
-3.8607e-05
-3.8576e-05
-3.8546e-05
-3.8516e-05
-3.8485e-05
-3.8455e-05
-3.8425e-05
-3.8395e-05
-3.8364e-05
-3.8334e-05
-3.8304e-05
-3.8274e-05
-3.8243e-05
-3.8213e-05
-3.8183e-05
-3.8153e-05
-3.8122e-05
-3.8092e-05
-3.8062e-05
-3.8031e-05
-3.8001e-05
-3.7971e-05
-3.7941e-05
-3.791e-05
-3.788e-05
-3.785e-05
-3.782e-05
-3.7789e-05
-3.7759e-05
-3.7729e-05
-3.7698e-05
-3.7668e-05
-3.7638e-05
-3.7608e-05
-3.7577e-05
-3.7547e-05
-3.7517e-05
-3.7487e-05
-3.7456e-05
-3.7426e-05
-3.7396e-05
-3.7366e-05
-3.7335e-05
-3.7305e-05
-3.7275e-05
-3.7244e-05
-3.7214e-05
-3.7184e-05
-3.7154e-05
-3.7123e-05
-3.7093e-05
-3.7063e-05
-3.7033e-05
-3.7002e-05
-3.6972e-05
-3.6942e-05
-3.6912e-05
-3.6881e-05
-3.6851e-05
-3.6821e-05
-3.679e-05
-3.676e-05
-3.673e-05
-3.67e-05
-3.6669e-05
-3.6639e-05
-3.6609e-05
-3.6579e-05
-3.6548e-05
-3.6518e-05
-3.6488e-05
-3.6458e-05
-3.6427e-05
-3.6397e-05
-3.6367e-05
-3.6336e-05
-3.6306e-05
-3.6276e-05
-3.6246e-05
-3.6215e-05
-3.6185e-05
-3.6155e-05
-3.6125e-05
-3.6094e-05
-3.6064e-05
-3.6034e-05
-3.6004e-05
-3.5973e-05
-3.5943e-05
-3.5913e-05
-3.5882e-05
-3.5852e-05
-3.5822e-05
-3.5792e-05
-3.5761e-05
-3.5731e-05
-3.5701e-05
-3.5671e-05
-3.564e-05
-3.561e-05
-3.558e-05
-3.5549e-05
-3.5519e-05
-3.5489e-05
-3.5459e-05
-3.5428e-05
-3.5398e-05
-3.5368e-05
-3.5338e-05
-3.5307e-05
-3.5277e-05
-3.5247e-05
-3.5217e-05
-3.5186e-05
-3.5156e-05
-3.5126e-05
-3.5095e-05
-3.5065e-05
-3.5035e-05
-3.5005e-05
-3.4974e-05
-3.4944e-05
-3.4914e-05
-3.4884e-05
-3.4853e-05
-3.4823e-05
-3.4793e-05
-3.4763e-05
-3.4732e-05
-3.4702e-05
-3.4672e-05
-3.4641e-05
-3.4611e-05
-3.4581e-05
-3.4551e-05
-3.452e-05
-3.449e-05
-3.446e-05
-3.443e-05
-3.4399e-05
-3.4369e-05
-3.4339e-05
-3.4309e-05
-3.4278e-05
-3.4248e-05
-3.4218e-05
-3.4187e-05
-3.4157e-05
-3.4127e-05
-3.4097e-05
-3.4066e-05
-3.4036e-05
-3.4006e-05
-3.3976e-05
-3.3945e-05
-3.3915e-05
-3.3885e-05
-3.3854e-05
-3.3824e-05
-3.3794e-05
-3.3764e-05
-3.3733e-05
-3.3703e-05
-3.3673e-05
-3.3643e-05
-3.3612e-05
-3.3582e-05
-3.3552e-05
-3.3522e-05
-3.3491e-05
-3.3461e-05
-3.3431e-05
-3.34e-05
-3.337e-05
-3.334e-05
-3.331e-05
-3.3279e-05
-3.3249e-05
-3.3219e-05
-3.3189e-05
-3.3158e-05
-3.3128e-05
-3.3098e-05
-3.3068e-05
-3.3037e-05
-3.3007e-05
-3.2977e-05
-3.2946e-05
-3.2916e-05
-3.2886e-05
-3.2856e-05
-3.2825e-05
-3.2795e-05
-3.2765e-05
-3.2735e-05
-3.2704e-05
-3.2674e-05
-3.2644e-05
-3.2614e-05
-3.2583e-05
-3.2553e-05
-3.2523e-05
-3.2492e-05
-3.2462e-05
-3.2432e-05
-3.2402e-05
-3.2371e-05
-3.2341e-05
-3.2311e-05
-3.2281e-05
-3.225e-05
-3.222e-05
-3.219e-05
-3.2159e-05
-3.2129e-05
-3.2099e-05
-3.2069e-05
-3.2038e-05
-3.2008e-05
-3.1978e-05
-3.1948e-05
-3.1917e-05
-3.1887e-05
-3.1857e-05
-3.1827e-05
-3.1796e-05
-3.1766e-05
-3.1736e-05
-3.1705e-05
-3.1675e-05
-3.1645e-05
-3.1615e-05
-3.1584e-05
-3.1554e-05
-3.1524e-05
-3.1494e-05
-3.1463e-05
-3.1433e-05
-3.1403e-05
-3.1373e-05
-3.1342e-05
-3.1312e-05
-3.1282e-05
-3.1251e-05
-3.1221e-05
-3.1191e-05
-3.1161e-05
-3.113e-05
-3.11e-05
-3.107e-05
-3.104e-05
-3.1009e-05
-3.0979e-05
-3.0949e-05
-3.0919e-05
-3.0888e-05
-3.0858e-05
-3.0828e-05
-3.0797e-05
-3.0767e-05
-3.0737e-05
-3.0707e-05
-3.0676e-05
-3.0646e-05
-3.0616e-05
-3.0586e-05
-3.0555e-05
-3.0525e-05
-3.0495e-05
-3.0465e-05
-3.0434e-05
-3.0404e-05
-3.0374e-05
-3.0343e-05
-3.0313e-05
-3.0283e-05
-3.0253e-05
-3.0222e-05
-3.0192e-05
-3.0162e-05
-3.0132e-05
-3.0101e-05
-3.0071e-05
-3.0041e-05
-3.001e-05
-2.998e-05
-2.995e-05
-2.992e-05
-2.9889e-05
-2.9859e-05
-2.9829e-05
-2.9799e-05
-2.9768e-05
-2.9738e-05
-2.9708e-05
-2.9678e-05
-2.9647e-05
-2.9617e-05
-2.9587e-05
-2.9556e-05
-2.9526e-05
-2.9496e-05
-2.9466e-05
-2.9435e-05
-2.9405e-05
-2.9375e-05
-2.9345e-05
-2.9314e-05
-2.9284e-05
-2.9254e-05
-2.9224e-05
-2.9193e-05
-2.9163e-05
-2.9133e-05
-2.9102e-05
-2.9072e-05
-2.9042e-05
-2.9012e-05
-2.8981e-05
-2.8951e-05
-2.8921e-05
-2.8891e-05
-2.886e-05
-2.883e-05
-2.88e-05
-2.877e-05
-2.8739e-05
-2.8709e-05
-2.8679e-05
-2.8648e-05
-2.8618e-05
-2.8588e-05
-2.8558e-05
-2.8527e-05
-2.8497e-05
-2.8467e-05
-2.8437e-05
-2.8406e-05
-2.8376e-05
-2.8346e-05
-2.8315e-05
-2.8285e-05
-2.8255e-05
-2.8225e-05
-2.8194e-05
-2.8164e-05
-2.8134e-05
-2.8104e-05
-2.8073e-05
-2.8043e-05
-2.8013e-05
-2.7983e-05
-2.7952e-05
-2.7922e-05
-2.7892e-05
-2.7861e-05
-2.7831e-05
-2.7801e-05
-2.7771e-05
-2.774e-05
-2.771e-05
-2.768e-05
-2.765e-05
-2.7619e-05
-2.7589e-05
-2.7559e-05
-2.7529e-05
-2.7498e-05
-2.7468e-05
-2.7438e-05
-2.7407e-05
-2.7377e-05
-2.7347e-05
-2.7317e-05
-2.7286e-05
-2.7256e-05
-2.7226e-05
-2.7196e-05
-2.7165e-05
-2.7135e-05
-2.7105e-05
-2.7075e-05
-2.7044e-05
-2.7014e-05
-2.6984e-05
-2.6953e-05
-2.6923e-05
-2.6893e-05
-2.6863e-05
-2.6832e-05
-2.6802e-05
-2.6772e-05
-2.6742e-05
-2.6711e-05
-2.6681e-05
-2.6651e-05
-2.662e-05
-2.659e-05
-2.656e-05
-2.653e-05
-2.6499e-05
-2.6469e-05
-2.6439e-05
-2.6409e-05
-2.6378e-05
-2.6348e-05
-2.6318e-05
-2.6288e-05
-2.6257e-05
-2.6227e-05
-2.6197e-05
-2.6166e-05
-2.6136e-05
-2.6106e-05
-2.6076e-05
-2.6045e-05
-2.6015e-05
-2.5985e-05
-2.5955e-05
-2.5924e-05
-2.5894e-05
-2.5864e-05
-2.5834e-05
-2.5803e-05
-2.5773e-05
-2.5743e-05
-2.5712e-05
-2.5682e-05
-2.5652e-05
-2.5622e-05
-2.5591e-05
-2.5561e-05
-2.5531e-05
-2.5501e-05
-2.547e-05
-2.544e-05
-2.541e-05
-2.538e-05
-2.5349e-05
-2.5319e-05
-2.5289e-05
-2.5258e-05
-2.5228e-05
-2.5198e-05
-2.5168e-05
-2.5137e-05
-2.5107e-05
-2.5077e-05
-2.5047e-05
-2.5016e-05
-2.4986e-05
-2.4956e-05
-2.4926e-05
-2.4895e-05
-2.4865e-05
-2.4835e-05
-2.4804e-05
-2.4774e-05
-2.4744e-05
-2.4714e-05
-2.4683e-05
-2.4653e-05
-2.4623e-05
-2.4593e-05
-2.4562e-05
-2.4532e-05
-2.4502e-05
-2.4471e-05
-2.4441e-05
-2.4411e-05
-2.4381e-05
-2.435e-05
-2.432e-05
-2.429e-05
-2.426e-05
-2.4229e-05
-2.4199e-05
-2.4169e-05
-2.4139e-05
-2.4108e-05
-2.4078e-05
-2.4048e-05
-2.4017e-05
-2.3987e-05
-2.3957e-05
-2.3927e-05
-2.3896e-05
-2.3866e-05
-2.3836e-05
-2.3806e-05
-2.3775e-05
-2.3745e-05
-2.3715e-05
-2.3685e-05
-2.3654e-05
-2.3624e-05
-2.3594e-05
-2.3563e-05
-2.3533e-05
-2.3503e-05
-2.3473e-05
-2.3442e-05
-2.3412e-05
-2.3382e-05
-2.3352e-05
-2.3321e-05
-2.3291e-05
-2.3261e-05
-2.3231e-05
-2.32e-05
-2.317e-05
-2.314e-05
-2.3109e-05
-2.3079e-05
-2.3049e-05
-2.3019e-05
-2.2988e-05
-2.2958e-05
-2.2928e-05
-2.2898e-05
-2.2867e-05
-2.2837e-05
-2.2807e-05
-2.2776e-05
-2.2746e-05
-2.2716e-05
-2.2686e-05
-2.2655e-05
-2.2625e-05
-2.2595e-05
-2.2565e-05
-2.2534e-05
-2.2504e-05
-2.2474e-05
-2.2444e-05
-2.2413e-05
-2.2383e-05
-2.2353e-05
-2.2322e-05
-2.2292e-05
-2.2262e-05
-2.2232e-05
-2.2201e-05
-2.2171e-05
-2.2141e-05
-2.2111e-05
-2.208e-05
-2.205e-05
-2.202e-05
-2.199e-05
-2.1959e-05
-2.1929e-05
-2.1899e-05
-2.1868e-05
-2.1838e-05
-2.1808e-05
-2.1778e-05
-2.1747e-05
-2.1717e-05
-2.1687e-05
-2.1657e-05
-2.1626e-05
-2.1596e-05
-2.1566e-05
-2.1536e-05
-2.1505e-05
-2.1475e-05
-2.1445e-05
-2.1414e-05
-2.1384e-05
-2.1354e-05
-2.1324e-05
-2.1293e-05
-2.1263e-05
-2.1233e-05
-2.1203e-05
-2.1172e-05
-2.1142e-05
-2.1112e-05
-2.1081e-05
-2.1051e-05
-2.1021e-05
-2.0991e-05
-2.096e-05
-2.093e-05
-2.09e-05
-2.087e-05
-2.0839e-05
-2.0809e-05
-2.0779e-05
-2.0749e-05
-2.0718e-05
-2.0688e-05
-2.0658e-05
-2.0627e-05
-2.0597e-05
-2.0567e-05
-2.0537e-05
-2.0506e-05
-2.0476e-05
-2.0446e-05
-2.0416e-05
-2.0385e-05
-2.0355e-05
-2.0325e-05
-2.0295e-05
-2.0264e-05
-2.0234e-05
-2.0204e-05
-2.0173e-05
-2.0143e-05
-2.0113e-05
-2.0083e-05
-2.0052e-05
-2.0022e-05
-1.9992e-05
-1.9962e-05
-1.9931e-05
-1.9901e-05
-1.9871e-05
-1.9841e-05
-1.981e-05
-1.978e-05
-1.975e-05
-1.9719e-05
-1.9689e-05
-1.9659e-05
-1.9629e-05
-1.9598e-05
-1.9568e-05
-1.9538e-05
-1.9508e-05
-1.9477e-05
-1.9447e-05
-1.9417e-05
-1.9387e-05
-1.9356e-05
-1.9326e-05
-1.9296e-05
-1.9265e-05
-1.9235e-05
-1.9205e-05
-1.9175e-05
-1.9144e-05
-1.9114e-05
-1.9084e-05
-1.9054e-05
-1.9023e-05
-1.8993e-05
-1.8963e-05
-1.8932e-05
-1.8902e-05
-1.8872e-05
-1.8842e-05
-1.8811e-05
-1.8781e-05
-1.8751e-05
-1.8721e-05
-1.869e-05
-1.866e-05
-1.863e-05
-1.86e-05
-1.8569e-05
-1.8539e-05
-1.8509e-05
-1.8478e-05
-1.8448e-05
-1.8418e-05
-1.8388e-05
-1.8357e-05
-1.8327e-05
-1.8297e-05
-1.8267e-05
-1.8236e-05
-1.8206e-05
-1.8176e-05
-1.8146e-05
-1.8115e-05
-1.8085e-05
-1.8055e-05
-1.8024e-05
-1.7994e-05
-1.7964e-05
-1.7934e-05
-1.7903e-05
-1.7873e-05
-1.7843e-05
-1.7813e-05
-1.7782e-05
-1.7752e-05
-1.7722e-05
-1.7692e-05
-1.7661e-05
-1.7631e-05
-1.7601e-05
-1.757e-05
-1.754e-05
-1.751e-05
-1.748e-05
-1.7449e-05
-1.7419e-05
-1.7389e-05
-1.7359e-05
-1.7328e-05
-1.7298e-05
-1.7268e-05
-1.7237e-05
-1.7207e-05
-1.7177e-05
-1.7147e-05
-1.7116e-05
-1.7086e-05
-1.7056e-05
-1.7026e-05
-1.6995e-05
-1.6965e-05
-1.6935e-05
-1.6905e-05
-1.6874e-05
-1.6844e-05
-1.6814e-05
-1.6783e-05
-1.6753e-05
-1.6723e-05
-1.6693e-05
-1.6662e-05
-1.6632e-05
-1.6602e-05
-1.6572e-05
-1.6541e-05
-1.6511e-05
-1.6481e-05
-1.6451e-05
-1.642e-05
-1.639e-05
-1.636e-05
-1.6329e-05
-1.6299e-05
-1.6269e-05
-1.6239e-05
-1.6208e-05
-1.6178e-05
-1.6148e-05
-1.6118e-05
-1.6087e-05
-1.6057e-05
-1.6027e-05
-1.5997e-05
-1.5966e-05
-1.5936e-05
-1.5906e-05
-1.5875e-05
-1.5845e-05
-1.5815e-05
-1.5785e-05
-1.5754e-05
-1.5724e-05
-1.5694e-05
-1.5664e-05
-1.5633e-05
-1.5603e-05
-1.5573e-05
-1.5542e-05
-1.5512e-05
-1.5482e-05
-1.5452e-05
-1.5421e-05
-1.5391e-05
-1.5361e-05
-1.5331e-05
-1.53e-05
-1.527e-05
-1.524e-05
-1.521e-05
-1.5179e-05
-1.5149e-05
-1.5119e-05
-1.5088e-05
-1.5058e-05
-1.5028e-05
-1.4998e-05
-1.4967e-05
-1.4937e-05
-1.4907e-05
-1.4877e-05
-1.4846e-05
-1.4816e-05
-1.4786e-05
-1.4756e-05
-1.4725e-05
-1.4695e-05
-1.4665e-05
-1.4634e-05
-1.4604e-05
-1.4574e-05
-1.4544e-05
-1.4513e-05
-1.4483e-05
-1.4453e-05
-1.4423e-05
-1.4392e-05
-1.4362e-05
-1.4332e-05
-1.4302e-05
-1.4271e-05
-1.4241e-05
-1.4211e-05
-1.418e-05
-1.415e-05
-1.412e-05
-1.409e-05
-1.4059e-05
-1.4029e-05
-1.3999e-05
-1.3969e-05
-1.3938e-05
-1.3908e-05
-1.3878e-05
-1.3848e-05
-1.3817e-05
-1.3787e-05
-1.3757e-05
-1.3726e-05
-1.3696e-05
-1.3666e-05
-1.3636e-05
-1.3605e-05
-1.3575e-05
-1.3545e-05
-1.3515e-05
-1.3484e-05
-1.3454e-05
-1.3424e-05
-1.3393e-05
-1.3363e-05
-1.3333e-05
-1.3303e-05
-1.3272e-05
-1.3242e-05
-1.3212e-05
-1.3182e-05
-1.3151e-05
-1.3121e-05
-1.3091e-05
-1.3061e-05
-1.303e-05
-1.3e-05
-1.297e-05
-1.2939e-05
-1.2909e-05
-1.2879e-05
-1.2849e-05
-1.2818e-05
-1.2788e-05
-1.2758e-05
-1.2728e-05
-1.2697e-05
-1.2667e-05
-1.2637e-05
-1.2607e-05
-1.2576e-05
-1.2546e-05
-1.2516e-05
-1.2485e-05
-1.2455e-05
-1.2425e-05
-1.2395e-05
-1.2364e-05
-1.2334e-05
-1.2304e-05
-1.2274e-05
-1.2243e-05
-1.2213e-05
-1.2183e-05
-1.2153e-05
-1.2122e-05
-1.2092e-05
-1.2062e-05
-1.2031e-05
-1.2001e-05
-1.1971e-05
-1.1941e-05
-1.191e-05
-1.188e-05
-1.185e-05
-1.182e-05
-1.1789e-05
-1.1759e-05
-1.1729e-05
-1.1698e-05
-1.1668e-05
-1.1638e-05
-1.1608e-05
-1.1577e-05
-1.1547e-05
-1.1517e-05
-1.1487e-05
-1.1456e-05
-1.1426e-05
-1.1396e-05
-1.1366e-05
-1.1335e-05
-1.1305e-05
-1.1275e-05
-1.1244e-05
-1.1214e-05
-1.1184e-05
-1.1154e-05
-1.1123e-05
-1.1093e-05
-1.1063e-05
-1.1033e-05
-1.1002e-05
-1.0972e-05
-1.0942e-05
-1.0912e-05
-1.0881e-05
-1.0851e-05
-1.0821e-05
-1.079e-05
-1.076e-05
-1.073e-05
-1.07e-05
-1.0669e-05
-1.0639e-05
-1.0609e-05
-1.0579e-05
-1.0548e-05
-1.0518e-05
-1.0488e-05
-1.0458e-05
-1.0427e-05
-1.0397e-05
-1.0367e-05
-1.0336e-05
-1.0306e-05
-1.0276e-05
-1.0246e-05
-1.0215e-05
-1.0185e-05
-1.0155e-05
-1.0125e-05
-1.0094e-05
-1.0064e-05
-1.0034e-05
-1.0003e-05
-9.9732e-06
-9.943e-06
-9.9127e-06
-9.8824e-06
-9.8522e-06
-9.8219e-06
-9.7916e-06
-9.7614e-06
-9.7311e-06
-9.7008e-06
-9.6705e-06
-9.6403e-06
-9.61e-06
-9.5797e-06
-9.5495e-06
-9.5192e-06
-9.4889e-06
-9.4587e-06
-9.4284e-06
-9.3981e-06
-9.3679e-06
-9.3376e-06
-9.3073e-06
-9.2771e-06
-9.2468e-06
-9.2165e-06
-9.1863e-06
-9.156e-06
-9.1257e-06
-9.0955e-06
-9.0652e-06
-9.0349e-06
-9.0047e-06
-8.9744e-06
-8.9441e-06
-8.9139e-06
-8.8836e-06
-8.8533e-06
-8.8231e-06
-8.7928e-06
-8.7625e-06
-8.7322e-06
-8.702e-06
-8.6717e-06
-8.6414e-06
-8.6112e-06
-8.5809e-06
-8.5506e-06
-8.5204e-06
-8.4901e-06
-8.4598e-06
-8.4296e-06
-8.3993e-06
-8.369e-06
-8.3388e-06
-8.3085e-06
-8.2782e-06
-8.248e-06
-8.2177e-06
-8.1874e-06
-8.1572e-06
-8.1269e-06
-8.0966e-06
-8.0664e-06
-8.0361e-06
-8.0058e-06
-7.9756e-06
-7.9453e-06
-7.915e-06
-7.8848e-06
-7.8545e-06
-7.8242e-06
-7.7939e-06
-7.7637e-06
-7.7334e-06
-7.7031e-06
-7.6729e-06
-7.6426e-06
-7.6123e-06
-7.5821e-06
-7.5518e-06
-7.5215e-06
-7.4913e-06
-7.461e-06
-7.4307e-06
-7.4005e-06
-7.3702e-06
-7.3399e-06
-7.3097e-06
-7.2794e-06
-7.2491e-06
-7.2189e-06
-7.1886e-06
-7.1583e-06
-7.1281e-06
-7.0978e-06
-7.0675e-06
-7.0373e-06
-7.007e-06
-6.9767e-06
-6.9465e-06
-6.9162e-06
-6.8859e-06
-6.8556e-06
-6.8254e-06
-6.7951e-06
-6.7648e-06
-6.7346e-06
-6.7043e-06
-6.674e-06
-6.6438e-06
-6.6135e-06
-6.5832e-06
-6.553e-06
-6.5227e-06
-6.4924e-06
-6.4622e-06
-6.4319e-06
-6.4016e-06
-6.3714e-06
-6.3411e-06
-6.3108e-06
-6.2806e-06
-6.2503e-06
-6.22e-06
-6.1898e-06
-6.1595e-06
-6.1292e-06
-6.099e-06
-6.0687e-06
-6.0384e-06
-6.0082e-06
-5.9779e-06
-5.9476e-06
-5.9173e-06
-5.8871e-06
-5.8568e-06
-5.8265e-06
-5.7963e-06
-5.766e-06
-5.7357e-06
-5.7055e-06
-5.6752e-06
-5.6449e-06
-5.6147e-06
-5.5844e-06
-5.5541e-06
-5.5239e-06
-5.4936e-06
-5.4633e-06
-5.4331e-06
-5.4028e-06
-5.3725e-06
-5.3423e-06
-5.312e-06
-5.2817e-06
-5.2515e-06
-5.2212e-06
-5.1909e-06
-5.1607e-06
-5.1304e-06
-5.1001e-06
-5.0698e-06
-5.0396e-06
-5.0093e-06
-4.979e-06
-4.9488e-06
-4.9185e-06
-4.8882e-06
-4.858e-06
-4.8277e-06
-4.7974e-06
-4.7672e-06
-4.7369e-06
-4.7066e-06
-4.6764e-06
-4.6461e-06
-4.6158e-06
-4.5856e-06
-4.5553e-06
-4.525e-06
-4.4948e-06
-4.4645e-06
-4.4342e-06
-4.404e-06
-4.3737e-06
-4.3434e-06
-4.3132e-06
-4.2829e-06
-4.2526e-06
-4.2224e-06
-4.1921e-06
-4.1618e-06
-4.1315e-06
-4.1013e-06
-4.071e-06
-4.0407e-06
-4.0105e-06
-3.9802e-06
-3.9499e-06
-3.9197e-06
-3.8894e-06
-3.8591e-06
-3.8289e-06
-3.7986e-06
-3.7683e-06
-3.7381e-06
-3.7078e-06
-3.6775e-06
-3.6473e-06
-3.617e-06
-3.5867e-06
-3.5565e-06
-3.5262e-06
-3.4959e-06
-3.4657e-06
-3.4354e-06
-3.4051e-06
-3.3749e-06
-3.3446e-06
-3.3143e-06
-3.2841e-06
-3.2538e-06
-3.2235e-06
-3.1932e-06
-3.163e-06
-3.1327e-06
-3.1024e-06
-3.0722e-06
-3.0419e-06
-3.0116e-06
-2.9814e-06
-2.9511e-06
-2.9208e-06
-2.8906e-06
-2.8603e-06
-2.83e-06
-2.7998e-06
-2.7695e-06
-2.7392e-06
-2.709e-06
-2.6787e-06
-2.6484e-06
-2.6182e-06
-2.5879e-06
-2.5576e-06
-2.5274e-06
-2.4971e-06
-2.4668e-06
-2.4366e-06
-2.4063e-06
-2.376e-06
-2.3458e-06
-2.3155e-06
-2.2852e-06
-2.2549e-06
-2.2247e-06
-2.1944e-06
-2.1641e-06
-2.1339e-06
-2.1036e-06
-2.0733e-06
-2.0431e-06
-2.0128e-06
-1.9825e-06
-1.9523e-06
-1.922e-06
-1.8917e-06
-1.8615e-06
-1.8312e-06
-1.8009e-06
-1.7707e-06
-1.7404e-06
-1.7101e-06
-1.6799e-06
-1.6496e-06
-1.6193e-06
-1.5891e-06
-1.5588e-06
-1.5285e-06
-1.4983e-06
-1.468e-06
-1.4377e-06
-1.4075e-06
-1.3772e-06
-1.3469e-06
-1.3166e-06
-1.2864e-06
-1.2561e-06
-1.2258e-06
-1.1956e-06
-1.1653e-06
-1.135e-06
-1.1048e-06
-1.0745e-06
-1.0442e-06
-1.014e-06
-9.837e-07
-9.5343e-07
-9.2317e-07
-8.929e-07
-8.6263e-07
-8.3236e-07
-8.021e-07
-7.7183e-07
-7.4156e-07
-7.1129e-07
-6.8102e-07
-6.5076e-07
-6.2049e-07
-5.9022e-07
-5.5995e-07
-5.2969e-07
-4.9942e-07
-4.6915e-07
-4.3888e-07
-4.0861e-07
-3.7835e-07
-3.4808e-07
-3.1781e-07
-2.8754e-07
-2.5728e-07
-2.2701e-07
-1.9674e-07
-1.6647e-07
-1.362e-07
-1.0594e-07
-7.5669e-08
-4.5402e-08
-1.5134e-08
1.5134e-08
4.5402e-08
7.5669e-08
1.0594e-07
1.362e-07
1.6647e-07
1.9674e-07
2.2701e-07
2.5728e-07
2.8754e-07
3.1781e-07
3.4808e-07
3.7835e-07
4.0861e-07
4.3888e-07
4.6915e-07
4.9942e-07
5.2969e-07
5.5995e-07
5.9022e-07
6.2049e-07
6.5076e-07
6.8102e-07
7.1129e-07
7.4156e-07
7.7183e-07
8.021e-07
8.3236e-07
8.6263e-07
8.929e-07
9.2317e-07
9.5343e-07
9.837e-07
1.014e-06
1.0442e-06
1.0745e-06
1.1048e-06
1.135e-06
1.1653e-06
1.1956e-06
1.2258e-06
1.2561e-06
1.2864e-06
1.3166e-06
1.3469e-06
1.3772e-06
1.4075e-06
1.4377e-06
1.468e-06
1.4983e-06
1.5285e-06
1.5588e-06
1.5891e-06
1.6193e-06
1.6496e-06
1.6799e-06
1.7101e-06
1.7404e-06
1.7707e-06
1.8009e-06
1.8312e-06
1.8615e-06
1.8917e-06
1.922e-06
1.9523e-06
1.9825e-06
2.0128e-06
2.0431e-06
2.0733e-06
2.1036e-06
2.1339e-06
2.1641e-06
2.1944e-06
2.2247e-06
2.2549e-06
2.2852e-06
2.3155e-06
2.3458e-06
2.376e-06
2.4063e-06
2.4366e-06
2.4668e-06
2.4971e-06
2.5274e-06
2.5576e-06
2.5879e-06
2.6182e-06
2.6484e-06
2.6787e-06
2.709e-06
2.7392e-06
2.7695e-06
2.7998e-06
2.83e-06
2.8603e-06
2.8906e-06
2.9208e-06
2.9511e-06
2.9814e-06
3.0116e-06
3.0419e-06
3.0722e-06
3.1024e-06
3.1327e-06
3.163e-06
3.1932e-06
3.2235e-06
3.2538e-06
3.2841e-06
3.3143e-06
3.3446e-06
3.3749e-06
3.4051e-06
3.4354e-06
3.4657e-06
3.4959e-06
3.5262e-06
3.5565e-06
3.5867e-06
3.617e-06
3.6473e-06
3.6775e-06
3.7078e-06
3.7381e-06
3.7683e-06
3.7986e-06
3.8289e-06
3.8591e-06
3.8894e-06
3.9197e-06
3.9499e-06
3.9802e-06
4.0105e-06
4.0407e-06
4.071e-06
4.1013e-06
4.1315e-06
4.1618e-06
4.1921e-06
4.2224e-06
4.2526e-06
4.2829e-06
4.3132e-06
4.3434e-06
4.3737e-06
4.404e-06
4.4342e-06
4.4645e-06
4.4948e-06
4.525e-06
4.5553e-06
4.5856e-06
4.6158e-06
4.6461e-06
4.6764e-06
4.7066e-06
4.7369e-06
4.7672e-06
4.7974e-06
4.8277e-06
4.858e-06
4.8882e-06
4.9185e-06
4.9488e-06
4.979e-06
5.0093e-06
5.0396e-06
5.0698e-06
5.1001e-06
5.1304e-06
5.1607e-06
5.1909e-06
5.2212e-06
5.2515e-06
5.2817e-06
5.312e-06
5.3423e-06
5.3725e-06
5.4028e-06
5.4331e-06
5.4633e-06
5.4936e-06
5.5239e-06
5.5541e-06
5.5844e-06
5.6147e-06
5.6449e-06
5.6752e-06
5.7055e-06
5.7357e-06
5.766e-06
5.7963e-06
5.8265e-06
5.8568e-06
5.8871e-06
5.9173e-06
5.9476e-06
5.9779e-06
6.0082e-06
6.0384e-06
6.0687e-06
6.099e-06
6.1292e-06
6.1595e-06
6.1898e-06
6.22e-06
6.2503e-06
6.2806e-06
6.3108e-06
6.3411e-06
6.3714e-06
6.4016e-06
6.4319e-06
6.4622e-06
6.4924e-06
6.5227e-06
6.553e-06
6.5832e-06
6.6135e-06
6.6438e-06
6.674e-06
6.7043e-06
6.7346e-06
6.7648e-06
6.7951e-06
6.8254e-06
6.8556e-06
6.8859e-06
6.9162e-06
6.9465e-06
6.9767e-06
7.007e-06
7.0373e-06
7.0675e-06
7.0978e-06
7.1281e-06
7.1583e-06
7.1886e-06
7.2189e-06
7.2491e-06
7.2794e-06
7.3097e-06
7.3399e-06
7.3702e-06
7.4005e-06
7.4307e-06
7.461e-06
7.4913e-06
7.5215e-06
7.5518e-06
7.5821e-06
7.6123e-06
7.6426e-06
7.6729e-06
7.7031e-06
7.7334e-06
7.7637e-06
7.7939e-06
7.8242e-06
7.8545e-06
7.8848e-06
7.915e-06
7.9453e-06
7.9756e-06
8.0058e-06
8.0361e-06
8.0664e-06
8.0966e-06
8.1269e-06
8.1572e-06
8.1874e-06
8.2177e-06
8.248e-06
8.2782e-06
8.3085e-06
8.3388e-06
8.369e-06
8.3993e-06
8.4296e-06
8.4598e-06
8.4901e-06
8.5204e-06
8.5506e-06
8.5809e-06
8.6112e-06
8.6414e-06
8.6717e-06
8.702e-06
8.7322e-06
8.7625e-06
8.7928e-06
8.8231e-06
8.8533e-06
8.8836e-06
8.9139e-06
8.9441e-06
8.9744e-06
9.0047e-06
9.0349e-06
9.0652e-06
9.0955e-06
9.1257e-06
9.156e-06
9.1863e-06
9.2165e-06
9.2468e-06
9.2771e-06
9.3073e-06
9.3376e-06
9.3679e-06
9.3981e-06
9.4284e-06
9.4587e-06
9.4889e-06
9.5192e-06
9.5495e-06
9.5797e-06
9.61e-06
9.6403e-06
9.6705e-06
9.7008e-06
9.7311e-06
9.7614e-06
9.7916e-06
9.8219e-06
9.8522e-06
9.8824e-06
9.9127e-06
9.943e-06
9.9732e-06
1.0003e-05
1.0034e-05
1.0064e-05
1.0094e-05
1.0125e-05
1.0155e-05
1.0185e-05
1.0215e-05
1.0246e-05
1.0276e-05
1.0306e-05
1.0336e-05
1.0367e-05
1.0397e-05
1.0427e-05
1.0458e-05
1.0488e-05
1.0518e-05
1.0548e-05
1.0579e-05
1.0609e-05
1.0639e-05
1.0669e-05
1.07e-05
1.073e-05
1.076e-05
1.079e-05
1.0821e-05
1.0851e-05
1.0881e-05
1.0912e-05
1.0942e-05
1.0972e-05
1.1002e-05
1.1033e-05
1.1063e-05
1.1093e-05
1.1123e-05
1.1154e-05
1.1184e-05
1.1214e-05
1.1244e-05
1.1275e-05
1.1305e-05
1.1335e-05
1.1366e-05
1.1396e-05
1.1426e-05
1.1456e-05
1.1487e-05
1.1517e-05
1.1547e-05
1.1577e-05
1.1608e-05
1.1638e-05
1.1668e-05
1.1698e-05
1.1729e-05
1.1759e-05
1.1789e-05
1.182e-05
1.185e-05
1.188e-05
1.191e-05
1.1941e-05
1.1971e-05
1.2001e-05
1.2031e-05
1.2062e-05
1.2092e-05
1.2122e-05
1.2153e-05
1.2183e-05
1.2213e-05
1.2243e-05
1.2274e-05
1.2304e-05
1.2334e-05
1.2364e-05
1.2395e-05
1.2425e-05
1.2455e-05
1.2485e-05
1.2516e-05
1.2546e-05
1.2576e-05
1.2607e-05
1.2637e-05
1.2667e-05
1.2697e-05
1.2728e-05
1.2758e-05
1.2788e-05
1.2818e-05
1.2849e-05
1.2879e-05
1.2909e-05
1.2939e-05
1.297e-05
1.3e-05
1.303e-05
1.3061e-05
1.3091e-05
1.3121e-05
1.3151e-05
1.3182e-05
1.3212e-05
1.3242e-05
1.3272e-05
1.3303e-05
1.3333e-05
1.3363e-05
1.3393e-05
1.3424e-05
1.3454e-05
1.3484e-05
1.3515e-05
1.3545e-05
1.3575e-05
1.3605e-05
1.3636e-05
1.3666e-05
1.3696e-05
1.3726e-05
1.3757e-05
1.3787e-05
1.3817e-05
1.3848e-05
1.3878e-05
1.3908e-05
1.3938e-05
1.3969e-05
1.3999e-05
1.4029e-05
1.4059e-05
1.409e-05
1.412e-05
1.415e-05
1.418e-05
1.4211e-05
1.4241e-05
1.4271e-05
1.4302e-05
1.4332e-05
1.4362e-05
1.4392e-05
1.4423e-05
1.4453e-05
1.4483e-05
1.4513e-05
1.4544e-05
1.4574e-05
1.4604e-05
1.4634e-05
1.4665e-05
1.4695e-05
1.4725e-05
1.4756e-05
1.4786e-05
1.4816e-05
1.4846e-05
1.4877e-05
1.4907e-05
1.4937e-05
1.4967e-05
1.4998e-05
1.5028e-05
1.5058e-05
1.5088e-05
1.5119e-05
1.5149e-05
1.5179e-05
1.521e-05
1.524e-05
1.527e-05
1.53e-05
1.5331e-05
1.5361e-05
1.5391e-05
1.5421e-05
1.5452e-05
1.5482e-05
1.5512e-05
1.5542e-05
1.5573e-05
1.5603e-05
1.5633e-05
1.5664e-05
1.5694e-05
1.5724e-05
1.5754e-05
1.5785e-05
1.5815e-05
1.5845e-05
1.5875e-05
1.5906e-05
1.5936e-05
1.5966e-05
1.5997e-05
1.6027e-05
1.6057e-05
1.6087e-05
1.6118e-05
1.6148e-05
1.6178e-05
1.6208e-05
1.6239e-05
1.6269e-05
1.6299e-05
1.6329e-05
1.636e-05
1.639e-05
1.642e-05
1.6451e-05
1.6481e-05
1.6511e-05
1.6541e-05
1.6572e-05
1.6602e-05
1.6632e-05
1.6662e-05
1.6693e-05
1.6723e-05
1.6753e-05
1.6783e-05
1.6814e-05
1.6844e-05
1.6874e-05
1.6905e-05
1.6935e-05
1.6965e-05
1.6995e-05
1.7026e-05
1.7056e-05
1.7086e-05
1.7116e-05
1.7147e-05
1.7177e-05
1.7207e-05
1.7237e-05
1.7268e-05
1.7298e-05
1.7328e-05
1.7359e-05
1.7389e-05
1.7419e-05
1.7449e-05
1.748e-05
1.751e-05
1.754e-05
1.757e-05
1.7601e-05
1.7631e-05
1.7661e-05
1.7692e-05
1.7722e-05
1.7752e-05
1.7782e-05
1.7813e-05
1.7843e-05
1.7873e-05
1.7903e-05
1.7934e-05
1.7964e-05
1.7994e-05
1.8024e-05
1.8055e-05
1.8085e-05
1.8115e-05
1.8146e-05
1.8176e-05
1.8206e-05
1.8236e-05
1.8267e-05
1.8297e-05
1.8327e-05
1.8357e-05
1.8388e-05
1.8418e-05
1.8448e-05
1.8478e-05
1.8509e-05
1.8539e-05
1.8569e-05
1.86e-05
1.863e-05
1.866e-05
1.869e-05
1.8721e-05
1.8751e-05
1.8781e-05
1.8811e-05
1.8842e-05
1.8872e-05
1.8902e-05
1.8932e-05
1.8963e-05
1.8993e-05
1.9023e-05
1.9054e-05
1.9084e-05
1.9114e-05
1.9144e-05
1.9175e-05
1.9205e-05
1.9235e-05
1.9265e-05
1.9296e-05
1.9326e-05
1.9356e-05
1.9387e-05
1.9417e-05
1.9447e-05
1.9477e-05
1.9508e-05
1.9538e-05
1.9568e-05
1.9598e-05
1.9629e-05
1.9659e-05
1.9689e-05
1.9719e-05
1.975e-05
1.978e-05
1.981e-05
1.9841e-05
1.9871e-05
1.9901e-05
1.9931e-05
1.9962e-05
1.9992e-05
2.0022e-05
2.0052e-05
2.0083e-05
2.0113e-05
2.0143e-05
2.0173e-05
2.0204e-05
2.0234e-05
2.0264e-05
2.0295e-05
2.0325e-05
2.0355e-05
2.0385e-05
2.0416e-05
2.0446e-05
2.0476e-05
2.0506e-05
2.0537e-05
2.0567e-05
2.0597e-05
2.0627e-05
2.0658e-05
2.0688e-05
2.0718e-05
2.0749e-05
2.0779e-05
2.0809e-05
2.0839e-05
2.087e-05
2.09e-05
2.093e-05
2.096e-05
2.0991e-05
2.1021e-05
2.1051e-05
2.1081e-05
2.1112e-05
2.1142e-05
2.1172e-05
2.1203e-05
2.1233e-05
2.1263e-05
2.1293e-05
2.1324e-05
2.1354e-05
2.1384e-05
2.1414e-05
2.1445e-05
2.1475e-05
2.1505e-05
2.1536e-05
2.1566e-05
2.1596e-05
2.1626e-05
2.1657e-05
2.1687e-05
2.1717e-05
2.1747e-05
2.1778e-05
2.1808e-05
2.1838e-05
2.1868e-05
2.1899e-05
2.1929e-05
2.1959e-05
2.199e-05
2.202e-05
2.205e-05
2.208e-05
2.2111e-05
2.2141e-05
2.2171e-05
2.2201e-05
2.2232e-05
2.2262e-05
2.2292e-05
2.2322e-05
2.2353e-05
2.2383e-05
2.2413e-05
2.2444e-05
2.2474e-05
2.2504e-05
2.2534e-05
2.2565e-05
2.2595e-05
2.2625e-05
2.2655e-05
2.2686e-05
2.2716e-05
2.2746e-05
2.2776e-05
2.2807e-05
2.2837e-05
2.2867e-05
2.2898e-05
2.2928e-05
2.2958e-05
2.2988e-05
2.3019e-05
2.3049e-05
2.3079e-05
2.3109e-05
2.314e-05
2.317e-05
2.32e-05
2.3231e-05
2.3261e-05
2.3291e-05
2.3321e-05
2.3352e-05
2.3382e-05
2.3412e-05
2.3442e-05
2.3473e-05
2.3503e-05
2.3533e-05
2.3563e-05
2.3594e-05
2.3624e-05
2.3654e-05
2.3685e-05
2.3715e-05
2.3745e-05
2.3775e-05
2.3806e-05
2.3836e-05
2.3866e-05
2.3896e-05
2.3927e-05
2.3957e-05
2.3987e-05
2.4017e-05
2.4048e-05
2.4078e-05
2.4108e-05
2.4139e-05
2.4169e-05
2.4199e-05
2.4229e-05
2.426e-05
2.429e-05
2.432e-05
2.435e-05
2.4381e-05
2.4411e-05
2.4441e-05
2.4471e-05
2.4502e-05
2.4532e-05
2.4562e-05
2.4593e-05
2.4623e-05
2.4653e-05
2.4683e-05
2.4714e-05
2.4744e-05
2.4774e-05
2.4804e-05
2.4835e-05
2.4865e-05
2.4895e-05
2.4926e-05
2.4956e-05
2.4986e-05
2.5016e-05
2.5047e-05
2.5077e-05
2.5107e-05
2.5137e-05
2.5168e-05
2.5198e-05
2.5228e-05
2.5258e-05
2.5289e-05
2.5319e-05
2.5349e-05
2.538e-05
2.541e-05
2.544e-05
2.547e-05
2.5501e-05
2.5531e-05
2.5561e-05
2.5591e-05
2.5622e-05
2.5652e-05
2.5682e-05
2.5712e-05
2.5743e-05
2.5773e-05
2.5803e-05
2.5834e-05
2.5864e-05
2.5894e-05
2.5924e-05
2.5955e-05
2.5985e-05
2.6015e-05
2.6045e-05
2.6076e-05
2.6106e-05
2.6136e-05
2.6166e-05
2.6197e-05
2.6227e-05
2.6257e-05
2.6288e-05
2.6318e-05
2.6348e-05
2.6378e-05
2.6409e-05
2.6439e-05
2.6469e-05
2.6499e-05
2.653e-05
2.656e-05
2.659e-05
2.662e-05
2.6651e-05
2.6681e-05
2.6711e-05
2.6742e-05
2.6772e-05
2.6802e-05
2.6832e-05
2.6863e-05
2.6893e-05
2.6923e-05
2.6953e-05
2.6984e-05
2.7014e-05
2.7044e-05
2.7075e-05
2.7105e-05
2.7135e-05
2.7165e-05
2.7196e-05
2.7226e-05
2.7256e-05
2.7286e-05
2.7317e-05
2.7347e-05
2.7377e-05
2.7407e-05
2.7438e-05
2.7468e-05
2.7498e-05
2.7529e-05
2.7559e-05
2.7589e-05
2.7619e-05
2.765e-05
2.768e-05
2.771e-05
2.774e-05
2.7771e-05
2.7801e-05
2.7831e-05
2.7861e-05
2.7892e-05
2.7922e-05
2.7952e-05
2.7983e-05
2.8013e-05
2.8043e-05
2.8073e-05
2.8104e-05
2.8134e-05
2.8164e-05
2.8194e-05
2.8225e-05
2.8255e-05
2.8285e-05
2.8315e-05
2.8346e-05
2.8376e-05
2.8406e-05
2.8437e-05
2.8467e-05
2.8497e-05
2.8527e-05
2.8558e-05
2.8588e-05
2.8618e-05
2.8648e-05
2.8679e-05
2.8709e-05
2.8739e-05
2.877e-05
2.88e-05
2.883e-05
2.886e-05
2.8891e-05
2.8921e-05
2.8951e-05
2.8981e-05
2.9012e-05
2.9042e-05
2.9072e-05
2.9102e-05
2.9133e-05
2.9163e-05
2.9193e-05
2.9224e-05
2.9254e-05
2.9284e-05
2.9314e-05
2.9345e-05
2.9375e-05
2.9405e-05
2.9435e-05
2.9466e-05
2.9496e-05
2.9526e-05
2.9556e-05
2.9587e-05
2.9617e-05
2.9647e-05
2.9678e-05
2.9708e-05
2.9738e-05
2.9768e-05
2.9799e-05
2.9829e-05
2.9859e-05
2.9889e-05
2.992e-05
2.995e-05
2.998e-05
3.001e-05
3.0041e-05
3.0071e-05
3.0101e-05
3.0132e-05
3.0162e-05
3.0192e-05
3.0222e-05
3.0253e-05
3.0283e-05
3.0313e-05
3.0343e-05
3.0374e-05
3.0404e-05
3.0434e-05
3.0465e-05
3.0495e-05
3.0525e-05
3.0555e-05
3.0586e-05
3.0616e-05
3.0646e-05
3.0676e-05
3.0707e-05
3.0737e-05
3.0767e-05
3.0797e-05
3.0828e-05
3.0858e-05
3.0888e-05
3.0919e-05
3.0949e-05
3.0979e-05
3.1009e-05
3.104e-05
3.107e-05
3.11e-05
3.113e-05
3.1161e-05
3.1191e-05
3.1221e-05
3.1251e-05
3.1282e-05
3.1312e-05
3.1342e-05
3.1373e-05
3.1403e-05
3.1433e-05
3.1463e-05
3.1494e-05
3.1524e-05
3.1554e-05
3.1584e-05
3.1615e-05
3.1645e-05
3.1675e-05
3.1705e-05
3.1736e-05
3.1766e-05
3.1796e-05
3.1827e-05
3.1857e-05
3.1887e-05
3.1917e-05
3.1948e-05
3.1978e-05
3.2008e-05
3.2038e-05
3.2069e-05
3.2099e-05
3.2129e-05
3.2159e-05
3.219e-05
3.222e-05
3.225e-05
3.2281e-05
3.2311e-05
3.2341e-05
3.2371e-05
3.2402e-05
3.2432e-05
3.2462e-05
3.2492e-05
3.2523e-05
3.2553e-05
3.2583e-05
3.2614e-05
3.2644e-05
3.2674e-05
3.2704e-05
3.2735e-05
3.2765e-05
3.2795e-05
3.2825e-05
3.2856e-05
3.2886e-05
3.2916e-05
3.2946e-05
3.2977e-05
3.3007e-05
3.3037e-05
3.3068e-05
3.3098e-05
3.3128e-05
3.3158e-05
3.3189e-05
3.3219e-05
3.3249e-05
3.3279e-05
3.331e-05
3.334e-05
3.337e-05
3.34e-05
3.3431e-05
3.3461e-05
3.3491e-05
3.3522e-05
3.3552e-05
3.3582e-05
3.3612e-05
3.3643e-05
3.3673e-05
3.3703e-05
3.3733e-05
3.3764e-05
3.3794e-05
3.3824e-05
3.3854e-05
3.3885e-05
3.3915e-05
3.3945e-05
3.3976e-05
3.4006e-05
3.4036e-05
3.4066e-05
3.4097e-05
3.4127e-05
3.4157e-05
3.4187e-05
3.4218e-05
3.4248e-05
3.4278e-05
3.4309e-05
3.4339e-05
3.4369e-05
3.4399e-05
3.443e-05
3.446e-05
3.449e-05
3.452e-05
3.4551e-05
3.4581e-05
3.4611e-05
3.4641e-05
3.4672e-05
3.4702e-05
3.4732e-05
3.4763e-05
3.4793e-05
3.4823e-05
3.4853e-05
3.4884e-05
3.4914e-05
3.4944e-05
3.4974e-05
3.5005e-05
3.5035e-05
3.5065e-05
3.5095e-05
3.5126e-05
3.5156e-05
3.5186e-05
3.5217e-05
3.5247e-05
3.5277e-05
3.5307e-05
3.5338e-05
3.5368e-05
3.5398e-05
3.5428e-05
3.5459e-05
3.5489e-05
3.5519e-05
3.5549e-05
3.558e-05
3.561e-05
3.564e-05
3.5671e-05
3.5701e-05
3.5731e-05
3.5761e-05
3.5792e-05
3.5822e-05
3.5852e-05
3.5882e-05
3.5913e-05
3.5943e-05
3.5973e-05
3.6004e-05
3.6034e-05
3.6064e-05
3.6094e-05
3.6125e-05
3.6155e-05
3.6185e-05
3.6215e-05
3.6246e-05
3.6276e-05
3.6306e-05
3.6336e-05
3.6367e-05
3.6397e-05
3.6427e-05
3.6458e-05
3.6488e-05
3.6518e-05
3.6548e-05
3.6579e-05
3.6609e-05
3.6639e-05
3.6669e-05
3.67e-05
3.673e-05
3.676e-05
3.679e-05
3.6821e-05
3.6851e-05
3.6881e-05
3.6912e-05
3.6942e-05
3.6972e-05
3.7002e-05
3.7033e-05
3.7063e-05
3.7093e-05
3.7123e-05
3.7154e-05
3.7184e-05
3.7214e-05
3.7244e-05
3.7275e-05
3.7305e-05
3.7335e-05
3.7366e-05
3.7396e-05
3.7426e-05
3.7456e-05
3.7487e-05
3.7517e-05
3.7547e-05
3.7577e-05
3.7608e-05
3.7638e-05
3.7668e-05
3.7698e-05
3.7729e-05
3.7759e-05
3.7789e-05
3.782e-05
3.785e-05
3.788e-05
3.791e-05
3.7941e-05
3.7971e-05
3.8001e-05
3.8031e-05
3.8062e-05
3.8092e-05
3.8122e-05
3.8153e-05
3.8183e-05
3.8213e-05
3.8243e-05
3.8274e-05
3.8304e-05
3.8334e-05
3.8364e-05
3.8395e-05
3.8425e-05
3.8455e-05
3.8485e-05
3.8516e-05
3.8546e-05
3.8576e-05
3.8607e-05
3.8637e-05
3.8667e-05
3.8697e-05
3.8728e-05
3.8758e-05
3.8788e-05
3.8818e-05
3.8849e-05
3.8879e-05
3.8909e-05
3.8939e-05
3.897e-05
3.9e-05
3.903e-05
3.9061e-05
3.9091e-05
3.9121e-05
3.9151e-05
3.9182e-05
3.9212e-05
3.9242e-05
3.9272e-05
3.9303e-05
3.9333e-05
3.9363e-05
3.9393e-05
3.9424e-05
3.9454e-05
3.9484e-05
3.9515e-05
3.9545e-05
3.9575e-05
3.9605e-05
3.9636e-05
3.9666e-05
3.9696e-05
3.9726e-05
3.9757e-05
3.9787e-05
3.9817e-05
3.9848e-05
3.9878e-05
3.9908e-05
3.9938e-05
3.9969e-05
3.9999e-05
4.0029e-05
4.0059e-05
4.009e-05
4.012e-05
4.015e-05
4.018e-05
4.0211e-05
4.0241e-05
4.0271e-05
4.0302e-05
4.0332e-05
4.0362e-05
4.0392e-05
4.0423e-05
4.0453e-05
4.0483e-05
4.0513e-05
4.0544e-05
4.0574e-05
4.0604e-05
4.0634e-05
4.0665e-05
4.0695e-05
4.0725e-05
4.0756e-05
4.0786e-05
4.0816e-05
4.0846e-05
4.0877e-05
4.0907e-05
4.0937e-05
4.0967e-05
4.0998e-05
4.1028e-05
4.1058e-05
4.1088e-05
4.1119e-05
4.1149e-05
4.1179e-05
4.121e-05
4.124e-05
4.127e-05
4.13e-05
4.1331e-05
4.1361e-05
4.1391e-05
4.1421e-05
4.1452e-05
4.1482e-05
4.1512e-05
4.1542e-05
4.1573e-05
4.1603e-05
4.1633e-05
4.1664e-05
4.1694e-05
4.1724e-05
4.1754e-05
4.1785e-05
4.1815e-05
4.1845e-05
4.1875e-05
4.1906e-05
4.1936e-05
4.1966e-05
4.1996e-05
4.2027e-05
4.2057e-05
4.2087e-05
4.2118e-05
4.2148e-05
4.2178e-05
4.2208e-05
4.2239e-05
4.2269e-05
4.2299e-05
4.2329e-05
4.236e-05
4.239e-05
4.242e-05
4.245e-05
4.2481e-05
4.2511e-05
4.2541e-05
4.2571e-05
4.2602e-05
4.2632e-05
4.2662e-05
4.2692e-05
4.2723e-05
4.2753e-05
4.2783e-05
4.2813e-05
4.2844e-05
4.2874e-05
4.2904e-05
4.2934e-05
4.2964e-05
4.2995e-05
4.3025e-05
4.3055e-05
4.3085e-05
4.3115e-05
4.3145e-05
4.3176e-05
4.3206e-05
4.3236e-05
4.3266e-05
4.3296e-05
4.3326e-05
4.3356e-05
4.3386e-05
4.3416e-05
4.3446e-05
4.3476e-05
4.3506e-05
4.3536e-05
4.3566e-05
4.3595e-05
4.3625e-05
4.3655e-05
4.3684e-05
4.3714e-05
4.3744e-05
4.3773e-05
4.3802e-05
4.3832e-05
4.3861e-05
4.389e-05
4.3919e-05
4.3948e-05
4.3977e-05
4.4005e-05
4.4034e-05
4.4062e-05
4.4091e-05
4.4119e-05
4.4147e-05
4.4174e-05
4.4202e-05
4.4229e-05
4.4256e-05
4.4283e-05
4.431e-05
4.4336e-05
4.4362e-05
4.4387e-05
4.4413e-05
4.4437e-05
4.4462e-05
4.4486e-05
4.451e-05
4.4532e-05
4.4555e-05
4.4577e-05
4.4599e-05
4.4619e-05
4.4639e-05
4.4659e-05
4.4677e-05
4.4695e-05
4.4712e-05
4.4728e-05
4.4743e-05
4.4757e-05
4.477e-05
4.4782e-05
4.4793e-05
4.4803e-05
4.481e-05
4.4818e-05
4.4822e-05
4.4827e-05
4.4827e-05
4.4829e-05
4.4826e-05
4.4825e-05
4.4816e-05
4.4812e-05
4.4799e-05
4.479e-05
4.4772e-05
4.4759e-05
4.4735e-05
4.4716e-05
4.4686e-05
4.4662e-05
4.4626e-05
4.4595e-05
4.4553e-05
4.4513e-05
4.4465e-05
4.4416e-05
4.4361e-05
4.4302e-05
4.4241e-05
4.417e-05
4.4102e-05
4.4018e-05
4.3944e-05
4.3845e-05
4.3764e-05
4.365e-05
4.3561e-05
4.343e-05
4.3333e-05
4.3184e-05
4.3078e-05
4.2911e-05
4.2795e-05
4.2608e-05
4.2482e-05
4.2274e-05
4.2136e-05
4.1907e-05
4.1755e-05
4.1505e-05
4.1338e-05
4.1066e-05
4.0881e-05
4.0588e-05
4.0384e-05
4.0069e-05
3.9843e-05
3.9506e-05
3.9257e-05
3.8898e-05
3.8623e-05
3.8242e-05
3.794e-05
3.7537e-05
3.7204e-05
3.6779e-05
3.6414e-05
3.5967e-05
3.5568e-05
3.5098e-05
3.4664e-05
3.4169e-05
3.3699e-05
3.318e-05
3.2671e-05
3.2127e-05
3.1579e-05
3.1008e-05
3.042e-05
2.9821e-05
2.9193e-05
2.8564e-05
2.7895e-05
2.7234e-05
2.6524e-05
2.5831e-05
2.5079e-05
2.4351e-05
2.3558e-05
2.2793e-05
2.1958e-05
2.1155e-05
2.0278e-05
1.9435e-05
1.8517e-05
1.7632e-05
1.6672e-05
1.5743e-05
1.4742e-05
1.3767e-05
1.2724e-05
1.1703e-05
1.0618e-05
9.5487e-06
8.422e-06
7.3028e-06
6.1337e-06
4.9636e-06
3.7518e-06
2.5299e-06
1.2747e-06
