-1.3248e-06
-2.6222e-06
-3.9021e-06
-5.1486e-06
-6.3844e-06
-7.5808e-06
-8.7735e-06
-9.9207e-06
-1.1071e-05
-1.217e-05
-1.3279e-05
-1.4331e-05
-1.5399e-05
-1.6404e-05
-1.7433e-05
-1.8393e-05
-1.9383e-05
-2.0298e-05
-2.125e-05
-2.2121e-05
-2.3036e-05
-2.3865e-05
-2.4744e-05
-2.5531e-05
-2.6374e-05
-2.7121e-05
-2.7929e-05
-2.8637e-05
-2.941e-05
-3.0081e-05
-3.0821e-05
-3.1455e-05
-3.2161e-05
-3.276e-05
-3.3434e-05
-3.3999e-05
-3.464e-05
-3.5174e-05
-3.5783e-05
-3.6287e-05
-3.6864e-05
-3.7339e-05
-3.7885e-05
-3.8333e-05
-3.8848e-05
-3.9271e-05
-3.9755e-05
-4.0154e-05
-4.0608e-05
-4.0984e-05
-4.1408e-05
-4.1763e-05
-4.2159e-05
-4.2494e-05
-4.2861e-05
-4.3178e-05
-4.3517e-05
-4.3817e-05
-4.4129e-05
-4.4412e-05
-4.4699e-05
-4.4967e-05
-4.5229e-05
-4.5481e-05
-4.572e-05
-4.5958e-05
-4.6174e-05
-4.6399e-05
-4.6593e-05
-4.6805e-05
-4.698e-05
-4.7178e-05
-4.7335e-05
-4.7521e-05
-4.7661e-05
-4.7834e-05
-4.7959e-05
-4.8119e-05
-4.823e-05
-4.8378e-05
-4.8476e-05
-4.8612e-05
-4.8699e-05
-4.8823e-05
-4.8899e-05
-4.9012e-05
-4.9079e-05
-4.918e-05
-4.9239e-05
-4.9329e-05
-4.9381e-05
-4.9461e-05
-4.9506e-05
-4.9575e-05
-4.9615e-05
-4.9674e-05
-4.9708e-05
-4.9759e-05
-4.9788e-05
-4.983e-05
-4.9855e-05
-4.989e-05
-4.991e-05
-4.9937e-05
-4.9954e-05
-4.9974e-05
-4.9987e-05
-5.0002e-05
-5.0011e-05
-5.002e-05
-5.0027e-05
-5.0031e-05
-5.0034e-05
-5.0034e-05
-5.0033e-05
-5.003e-05
-5.0026e-05
-5.0019e-05
-5.0013e-05
-5.0003e-05
-4.9994e-05
-4.9982e-05
-4.997e-05
-4.9955e-05
-4.9942e-05
-4.9925e-05
-4.9909e-05
-4.989e-05
-4.9872e-05
-4.9852e-05
-4.9832e-05
-4.9811e-05
-4.9789e-05
-4.9766e-05
-4.9743e-05
-4.9719e-05
-4.9695e-05
-4.967e-05
-4.9644e-05
-4.9618e-05
-4.9592e-05
-4.9565e-05
-4.9537e-05
-4.9509e-05
-4.9481e-05
-4.9452e-05
-4.9423e-05
-4.9394e-05
-4.9365e-05
-4.9335e-05
-4.9305e-05
-4.9274e-05
-4.9244e-05
-4.9213e-05
-4.9182e-05
-4.9151e-05
-4.9119e-05
-4.9088e-05
-4.9056e-05
-4.9024e-05
-4.8992e-05
-4.896e-05
-4.8927e-05
-4.8895e-05
-4.8862e-05
-4.883e-05
-4.8797e-05
-4.8764e-05
-4.8731e-05
-4.8698e-05
-4.8665e-05
-4.8632e-05
-4.8599e-05
-4.8565e-05
-4.8532e-05
-4.8499e-05
-4.8465e-05
-4.8432e-05
-4.8398e-05
-4.8365e-05
-4.8331e-05
-4.8297e-05
-4.8264e-05
-4.823e-05
-4.8196e-05
-4.8163e-05
-4.8129e-05
-4.8095e-05
-4.8061e-05
-4.8027e-05
-4.7994e-05
-4.796e-05
-4.7926e-05
-4.7892e-05
-4.7858e-05
-4.7824e-05
-4.779e-05
-4.7756e-05
-4.7722e-05
-4.7688e-05
-4.7654e-05
-4.762e-05
-4.7586e-05
-4.7552e-05
-4.7518e-05
-4.7484e-05
-4.745e-05
-4.7416e-05
-4.7382e-05
-4.7348e-05
-4.7314e-05
-4.728e-05
-4.7246e-05
-4.7212e-05
-4.7178e-05
-4.7144e-05
-4.711e-05
-4.7076e-05
-4.7042e-05
-4.7008e-05
-4.6974e-05
-4.694e-05
-4.6906e-05
-4.6872e-05
-4.6838e-05
-4.6804e-05
-4.677e-05
-4.6736e-05
-4.6702e-05
-4.6668e-05
-4.6634e-05
-4.66e-05
-4.6566e-05
-4.6532e-05
-4.6497e-05
-4.6463e-05
-4.6429e-05
-4.6395e-05
-4.6361e-05
-4.6327e-05
-4.6293e-05
-4.6259e-05
-4.6225e-05
-4.6191e-05
-4.6157e-05
-4.6123e-05
-4.6089e-05
-4.6055e-05
-4.6021e-05
-4.5987e-05
-4.5953e-05
-4.5919e-05
-4.5885e-05
-4.585e-05
-4.5816e-05
-4.5782e-05
-4.5748e-05
-4.5714e-05
-4.568e-05
-4.5646e-05
-4.5612e-05
-4.5578e-05
-4.5544e-05
-4.551e-05
-4.5476e-05
-4.5442e-05
-4.5408e-05
-4.5374e-05
-4.534e-05
-4.5306e-05
-4.5272e-05
-4.5238e-05
-4.5204e-05
-4.5169e-05
-4.5135e-05
-4.5101e-05
-4.5067e-05
-4.5033e-05
-4.4999e-05
-4.4965e-05
-4.4931e-05
-4.4897e-05
-4.4863e-05
-4.4829e-05
-4.4795e-05
-4.4761e-05
-4.4727e-05
-4.4693e-05
-4.4659e-05
-4.4625e-05
-4.4591e-05
-4.4557e-05
-4.4522e-05
-4.4488e-05
-4.4454e-05
-4.442e-05
-4.4386e-05
-4.4352e-05
-4.4318e-05
-4.4284e-05
-4.425e-05
-4.4216e-05
-4.4182e-05
-4.4148e-05
-4.4114e-05
-4.408e-05
-4.4046e-05
-4.4012e-05
-4.3978e-05
-4.3944e-05
-4.391e-05
-4.3876e-05
-4.3841e-05
-4.3807e-05
-4.3773e-05
-4.3739e-05
-4.3705e-05
-4.3671e-05
-4.3637e-05
-4.3603e-05
-4.3569e-05
-4.3535e-05
-4.3501e-05
-4.3467e-05
-4.3433e-05
-4.3399e-05
-4.3365e-05
-4.3331e-05
-4.3297e-05
-4.3263e-05
-4.3229e-05
-4.3194e-05
-4.316e-05
-4.3126e-05
-4.3092e-05
-4.3058e-05
-4.3024e-05
-4.299e-05
-4.2956e-05
-4.2922e-05
-4.2888e-05
-4.2854e-05
-4.282e-05
-4.2786e-05
-4.2752e-05
-4.2718e-05
-4.2684e-05
-4.265e-05
-4.2616e-05
-4.2582e-05
-4.2547e-05
-4.2513e-05
-4.2479e-05
-4.2445e-05
-4.2411e-05
-4.2377e-05
-4.2343e-05
-4.2309e-05
-4.2275e-05
-4.2241e-05
-4.2207e-05
-4.2173e-05
-4.2139e-05
-4.2105e-05
-4.2071e-05
-4.2037e-05
-4.2003e-05
-4.1969e-05
-4.1935e-05
-4.1901e-05
-4.1866e-05
-4.1832e-05
-4.1798e-05
-4.1764e-05
-4.173e-05
-4.1696e-05
-4.1662e-05
-4.1628e-05
-4.1594e-05
-4.156e-05
-4.1526e-05
-4.1492e-05
-4.1458e-05
-4.1424e-05
-4.139e-05
-4.1356e-05
-4.1322e-05
-4.1288e-05
-4.1254e-05
-4.1219e-05
-4.1185e-05
-4.1151e-05
-4.1117e-05
-4.1083e-05
-4.1049e-05
-4.1015e-05
-4.0981e-05
-4.0947e-05
-4.0913e-05
-4.0879e-05
-4.0845e-05
-4.0811e-05
-4.0777e-05
-4.0743e-05
-4.0709e-05
-4.0675e-05
-4.0641e-05
-4.0607e-05
-4.0573e-05
-4.0538e-05
-4.0504e-05
-4.047e-05
-4.0436e-05
-4.0402e-05
-4.0368e-05
-4.0334e-05
-4.03e-05
-4.0266e-05
-4.0232e-05
-4.0198e-05
-4.0164e-05
-4.013e-05
-4.0096e-05
-4.0062e-05
-4.0028e-05
-3.9994e-05
-3.996e-05
-3.9926e-05
-3.9891e-05
-3.9857e-05
-3.9823e-05
-3.9789e-05
-3.9755e-05
-3.9721e-05
-3.9687e-05
-3.9653e-05
-3.9619e-05
-3.9585e-05
-3.9551e-05
-3.9517e-05
-3.9483e-05
-3.9449e-05
-3.9415e-05
-3.9381e-05
-3.9347e-05
-3.9313e-05
-3.9279e-05
-3.9244e-05
-3.921e-05
-3.9176e-05
-3.9142e-05
-3.9108e-05
-3.9074e-05
-3.904e-05
-3.9006e-05
-3.8972e-05
-3.8938e-05
-3.8904e-05
-3.887e-05
-3.8836e-05
-3.8802e-05
-3.8768e-05
-3.8734e-05
-3.87e-05
-3.8666e-05
-3.8632e-05
-3.8598e-05
-3.8563e-05
-3.8529e-05
-3.8495e-05
-3.8461e-05
-3.8427e-05
-3.8393e-05
-3.8359e-05
-3.8325e-05
-3.8291e-05
-3.8257e-05
-3.8223e-05
-3.8189e-05
-3.8155e-05
-3.8121e-05
-3.8087e-05
-3.8053e-05
-3.8019e-05
-3.7985e-05
-3.7951e-05
-3.7916e-05
-3.7882e-05
-3.7848e-05
-3.7814e-05
-3.778e-05
-3.7746e-05
-3.7712e-05
-3.7678e-05
-3.7644e-05
-3.761e-05
-3.7576e-05
-3.7542e-05
-3.7508e-05
-3.7474e-05
-3.744e-05
-3.7406e-05
-3.7372e-05
-3.7338e-05
-3.7304e-05
-3.7269e-05
-3.7235e-05
-3.7201e-05
-3.7167e-05
-3.7133e-05
-3.7099e-05
-3.7065e-05
-3.7031e-05
-3.6997e-05
-3.6963e-05
-3.6929e-05
-3.6895e-05
-3.6861e-05
-3.6827e-05
-3.6793e-05
-3.6759e-05
-3.6725e-05
-3.6691e-05
-3.6657e-05
-3.6623e-05
-3.6588e-05
-3.6554e-05
-3.652e-05
-3.6486e-05
-3.6452e-05
-3.6418e-05
-3.6384e-05
-3.635e-05
-3.6316e-05
-3.6282e-05
-3.6248e-05
-3.6214e-05
-3.618e-05
-3.6146e-05
-3.6112e-05
-3.6078e-05
-3.6044e-05
-3.601e-05
-3.5976e-05
-3.5941e-05
-3.5907e-05
-3.5873e-05
-3.5839e-05
-3.5805e-05
-3.5771e-05
-3.5737e-05
-3.5703e-05
-3.5669e-05
-3.5635e-05
-3.5601e-05
-3.5567e-05
-3.5533e-05
-3.5499e-05
-3.5465e-05
-3.5431e-05
-3.5397e-05
-3.5363e-05
-3.5329e-05
-3.5295e-05
-3.526e-05
-3.5226e-05
-3.5192e-05
-3.5158e-05
-3.5124e-05
-3.509e-05
-3.5056e-05
-3.5022e-05
-3.4988e-05
-3.4954e-05
-3.492e-05
-3.4886e-05
-3.4852e-05
-3.4818e-05
-3.4784e-05
-3.475e-05
-3.4716e-05
-3.4682e-05
-3.4648e-05
-3.4613e-05
-3.4579e-05
-3.4545e-05
-3.4511e-05
-3.4477e-05
-3.4443e-05
-3.4409e-05
-3.4375e-05
-3.4341e-05
-3.4307e-05
-3.4273e-05
-3.4239e-05
-3.4205e-05
-3.4171e-05
-3.4137e-05
-3.4103e-05
-3.4069e-05
-3.4035e-05
-3.4001e-05
-3.3966e-05
-3.3932e-05
-3.3898e-05
-3.3864e-05
-3.383e-05
-3.3796e-05
-3.3762e-05
-3.3728e-05
-3.3694e-05
-3.366e-05
-3.3626e-05
-3.3592e-05
-3.3558e-05
-3.3524e-05
-3.349e-05
-3.3456e-05
-3.3422e-05
-3.3388e-05
-3.3354e-05
-3.332e-05
-3.3285e-05
-3.3251e-05
-3.3217e-05
-3.3183e-05
-3.3149e-05
-3.3115e-05
-3.3081e-05
-3.3047e-05
-3.3013e-05
-3.2979e-05
-3.2945e-05
-3.2911e-05
-3.2877e-05
-3.2843e-05
-3.2809e-05
-3.2775e-05
-3.2741e-05
-3.2707e-05
-3.2673e-05
-3.2638e-05
-3.2604e-05
-3.257e-05
-3.2536e-05
-3.2502e-05
-3.2468e-05
-3.2434e-05
-3.24e-05
-3.2366e-05
-3.2332e-05
-3.2298e-05
-3.2264e-05
-3.223e-05
-3.2196e-05
-3.2162e-05
-3.2128e-05
-3.2094e-05
-3.206e-05
-3.2026e-05
-3.1991e-05
-3.1957e-05
-3.1923e-05
-3.1889e-05
-3.1855e-05
-3.1821e-05
-3.1787e-05
-3.1753e-05
-3.1719e-05
-3.1685e-05
-3.1651e-05
-3.1617e-05
-3.1583e-05
-3.1549e-05
-3.1515e-05
-3.1481e-05
-3.1447e-05
-3.1413e-05
-3.1379e-05
-3.1345e-05
-3.131e-05
-3.1276e-05
-3.1242e-05
-3.1208e-05
-3.1174e-05
-3.114e-05
-3.1106e-05
-3.1072e-05
-3.1038e-05
-3.1004e-05
-3.097e-05
-3.0936e-05
-3.0902e-05
-3.0868e-05
-3.0834e-05
-3.08e-05
-3.0766e-05
-3.0732e-05
-3.0698e-05
-3.0663e-05
-3.0629e-05
-3.0595e-05
-3.0561e-05
-3.0527e-05
-3.0493e-05
-3.0459e-05
-3.0425e-05
-3.0391e-05
-3.0357e-05
-3.0323e-05
-3.0289e-05
-3.0255e-05
-3.0221e-05
-3.0187e-05
-3.0153e-05
-3.0119e-05
-3.0085e-05
-3.0051e-05
-3.0017e-05
-2.9982e-05
-2.9948e-05
-2.9914e-05
-2.988e-05
-2.9846e-05
-2.9812e-05
-2.9778e-05
-2.9744e-05
-2.971e-05
-2.9676e-05
-2.9642e-05
-2.9608e-05
-2.9574e-05
-2.954e-05
-2.9506e-05
-2.9472e-05
-2.9438e-05
-2.9404e-05
-2.937e-05
-2.9335e-05
-2.9301e-05
-2.9267e-05
-2.9233e-05
-2.9199e-05
-2.9165e-05
-2.9131e-05
-2.9097e-05
-2.9063e-05
-2.9029e-05
-2.8995e-05
-2.8961e-05
-2.8927e-05
-2.8893e-05
-2.8859e-05
-2.8825e-05
-2.8791e-05
-2.8757e-05
-2.8723e-05
-2.8688e-05
-2.8654e-05
-2.862e-05
-2.8586e-05
-2.8552e-05
-2.8518e-05
-2.8484e-05
-2.845e-05
-2.8416e-05
-2.8382e-05
-2.8348e-05
-2.8314e-05
-2.828e-05
-2.8246e-05
-2.8212e-05
-2.8178e-05
-2.8144e-05
-2.811e-05
-2.8076e-05
-2.8042e-05
-2.8007e-05
-2.7973e-05
-2.7939e-05
-2.7905e-05
-2.7871e-05
-2.7837e-05
-2.7803e-05
-2.7769e-05
-2.7735e-05
-2.7701e-05
-2.7667e-05
-2.7633e-05
-2.7599e-05
-2.7565e-05
-2.7531e-05
-2.7497e-05
-2.7463e-05
-2.7429e-05
-2.7395e-05
-2.736e-05
-2.7326e-05
-2.7292e-05
-2.7258e-05
-2.7224e-05
-2.719e-05
-2.7156e-05
-2.7122e-05
-2.7088e-05
-2.7054e-05
-2.702e-05
-2.6986e-05
-2.6952e-05
-2.6918e-05
-2.6884e-05
-2.685e-05
-2.6816e-05
-2.6782e-05
-2.6748e-05
-2.6713e-05
-2.6679e-05
-2.6645e-05
-2.6611e-05
-2.6577e-05
-2.6543e-05
-2.6509e-05
-2.6475e-05
-2.6441e-05
-2.6407e-05
-2.6373e-05
-2.6339e-05
-2.6305e-05
-2.6271e-05
-2.6237e-05
-2.6203e-05
-2.6169e-05
-2.6135e-05
-2.6101e-05
-2.6067e-05
-2.6032e-05
-2.5998e-05
-2.5964e-05
-2.593e-05
-2.5896e-05
-2.5862e-05
-2.5828e-05
-2.5794e-05
-2.576e-05
-2.5726e-05
-2.5692e-05
-2.5658e-05
-2.5624e-05
-2.559e-05
-2.5556e-05
-2.5522e-05
-2.5488e-05
-2.5454e-05
-2.542e-05
-2.5385e-05
-2.5351e-05
-2.5317e-05
-2.5283e-05
-2.5249e-05
-2.5215e-05
-2.5181e-05
-2.5147e-05
-2.5113e-05
-2.5079e-05
-2.5045e-05
-2.5011e-05
-2.4977e-05
-2.4943e-05
-2.4909e-05
-2.4875e-05
-2.4841e-05
-2.4807e-05
-2.4773e-05
-2.4738e-05
-2.4704e-05
-2.467e-05
-2.4636e-05
-2.4602e-05
-2.4568e-05
-2.4534e-05
-2.45e-05
-2.4466e-05
-2.4432e-05
-2.4398e-05
-2.4364e-05
-2.433e-05
-2.4296e-05
-2.4262e-05
-2.4228e-05
-2.4194e-05
-2.416e-05
-2.4126e-05
-2.4092e-05
-2.4057e-05
-2.4023e-05
-2.3989e-05
-2.3955e-05
-2.3921e-05
-2.3887e-05
-2.3853e-05
-2.3819e-05
-2.3785e-05
-2.3751e-05
-2.3717e-05
-2.3683e-05
-2.3649e-05
-2.3615e-05
-2.3581e-05
-2.3547e-05
-2.3513e-05
-2.3479e-05
-2.3445e-05
-2.341e-05
-2.3376e-05
-2.3342e-05
-2.3308e-05
-2.3274e-05
-2.324e-05
-2.3206e-05
-2.3172e-05
-2.3138e-05
-2.3104e-05
-2.307e-05
-2.3036e-05
-2.3002e-05
-2.2968e-05
-2.2934e-05
-2.29e-05
-2.2866e-05
-2.2832e-05
-2.2798e-05
-2.2764e-05
-2.2729e-05
-2.2695e-05
-2.2661e-05
-2.2627e-05
-2.2593e-05
-2.2559e-05
-2.2525e-05
-2.2491e-05
-2.2457e-05
-2.2423e-05
-2.2389e-05
-2.2355e-05
-2.2321e-05
-2.2287e-05
-2.2253e-05
-2.2219e-05
-2.2185e-05
-2.2151e-05
-2.2117e-05
-2.2082e-05
-2.2048e-05
-2.2014e-05
-2.198e-05
-2.1946e-05
-2.1912e-05
-2.1878e-05
-2.1844e-05
-2.181e-05
-2.1776e-05
-2.1742e-05
-2.1708e-05
-2.1674e-05
-2.164e-05
-2.1606e-05
-2.1572e-05
-2.1538e-05
-2.1504e-05
-2.147e-05
-2.1435e-05
-2.1401e-05
-2.1367e-05
-2.1333e-05
-2.1299e-05
-2.1265e-05
-2.1231e-05
-2.1197e-05
-2.1163e-05
-2.1129e-05
-2.1095e-05
-2.1061e-05
-2.1027e-05
-2.0993e-05
-2.0959e-05
-2.0925e-05
-2.0891e-05
-2.0857e-05
-2.0823e-05
-2.0789e-05
-2.0754e-05
-2.072e-05
-2.0686e-05
-2.0652e-05
-2.0618e-05
-2.0584e-05
-2.055e-05
-2.0516e-05
-2.0482e-05
-2.0448e-05
-2.0414e-05
-2.038e-05
-2.0346e-05
-2.0312e-05
-2.0278e-05
-2.0244e-05
-2.021e-05
-2.0176e-05
-2.0142e-05
-2.0107e-05
-2.0073e-05
-2.0039e-05
-2.0005e-05
-1.9971e-05
-1.9937e-05
-1.9903e-05
-1.9869e-05
-1.9835e-05
-1.9801e-05
-1.9767e-05
-1.9733e-05
-1.9699e-05
-1.9665e-05
-1.9631e-05
-1.9597e-05
-1.9563e-05
-1.9529e-05
-1.9495e-05
-1.946e-05
-1.9426e-05
-1.9392e-05
-1.9358e-05
-1.9324e-05
-1.929e-05
-1.9256e-05
-1.9222e-05
-1.9188e-05
-1.9154e-05
-1.912e-05
-1.9086e-05
-1.9052e-05
-1.9018e-05
-1.8984e-05
-1.895e-05
-1.8916e-05
-1.8882e-05
-1.8848e-05
-1.8814e-05
-1.8779e-05
-1.8745e-05
-1.8711e-05
-1.8677e-05
-1.8643e-05
-1.8609e-05
-1.8575e-05
-1.8541e-05
-1.8507e-05
-1.8473e-05
-1.8439e-05
-1.8405e-05
-1.8371e-05
-1.8337e-05
-1.8303e-05
-1.8269e-05
-1.8235e-05
-1.8201e-05
-1.8167e-05
-1.8132e-05
-1.8098e-05
-1.8064e-05
-1.803e-05
-1.7996e-05
-1.7962e-05
-1.7928e-05
-1.7894e-05
-1.786e-05
-1.7826e-05
-1.7792e-05
-1.7758e-05
-1.7724e-05
-1.769e-05
-1.7656e-05
-1.7622e-05
-1.7588e-05
-1.7554e-05
-1.752e-05
-1.7486e-05
-1.7451e-05
-1.7417e-05
-1.7383e-05
-1.7349e-05
-1.7315e-05
-1.7281e-05
-1.7247e-05
-1.7213e-05
-1.7179e-05
-1.7145e-05
-1.7111e-05
-1.7077e-05
-1.7043e-05
-1.7009e-05
-1.6975e-05
-1.6941e-05
-1.6907e-05
-1.6873e-05
-1.6839e-05
-1.6804e-05
-1.677e-05
-1.6736e-05
-1.6702e-05
-1.6668e-05
-1.6634e-05
-1.66e-05
-1.6566e-05
-1.6532e-05
-1.6498e-05
-1.6464e-05
-1.643e-05
-1.6396e-05
-1.6362e-05
-1.6328e-05
-1.6294e-05
-1.626e-05
-1.6226e-05
-1.6192e-05
-1.6157e-05
-1.6123e-05
-1.6089e-05
-1.6055e-05
-1.6021e-05
-1.5987e-05
-1.5953e-05
-1.5919e-05
-1.5885e-05
-1.5851e-05
-1.5817e-05
-1.5783e-05
-1.5749e-05
-1.5715e-05
-1.5681e-05
-1.5647e-05
-1.5613e-05
-1.5579e-05
-1.5545e-05
-1.5511e-05
-1.5476e-05
-1.5442e-05
-1.5408e-05
-1.5374e-05
-1.534e-05
-1.5306e-05
-1.5272e-05
-1.5238e-05
-1.5204e-05
-1.517e-05
-1.5136e-05
-1.5102e-05
-1.5068e-05
-1.5034e-05
-1.5e-05
-1.4966e-05
-1.4932e-05
-1.4898e-05
-1.4864e-05
-1.4829e-05
-1.4795e-05
-1.4761e-05
-1.4727e-05
-1.4693e-05
-1.4659e-05
-1.4625e-05
-1.4591e-05
-1.4557e-05
-1.4523e-05
-1.4489e-05
-1.4455e-05
-1.4421e-05
-1.4387e-05
-1.4353e-05
-1.4319e-05
-1.4285e-05
-1.4251e-05
-1.4217e-05
-1.4182e-05
-1.4148e-05
-1.4114e-05
-1.408e-05
-1.4046e-05
-1.4012e-05
-1.3978e-05
-1.3944e-05
-1.391e-05
-1.3876e-05
-1.3842e-05
-1.3808e-05
-1.3774e-05
-1.374e-05
-1.3706e-05
-1.3672e-05
-1.3638e-05
-1.3604e-05
-1.357e-05
-1.3536e-05
-1.3501e-05
-1.3467e-05
-1.3433e-05
-1.3399e-05
-1.3365e-05
-1.3331e-05
-1.3297e-05
-1.3263e-05
-1.3229e-05
-1.3195e-05
-1.3161e-05
-1.3127e-05
-1.3093e-05
-1.3059e-05
-1.3025e-05
-1.2991e-05
-1.2957e-05
-1.2923e-05
-1.2889e-05
-1.2854e-05
-1.282e-05
-1.2786e-05
-1.2752e-05
-1.2718e-05
-1.2684e-05
-1.265e-05
-1.2616e-05
-1.2582e-05
-1.2548e-05
-1.2514e-05
-1.248e-05
-1.2446e-05
-1.2412e-05
-1.2378e-05
-1.2344e-05
-1.231e-05
-1.2276e-05
-1.2242e-05
-1.2208e-05
-1.2173e-05
-1.2139e-05
-1.2105e-05
-1.2071e-05
-1.2037e-05
-1.2003e-05
-1.1969e-05
-1.1935e-05
-1.1901e-05
-1.1867e-05
-1.1833e-05
-1.1799e-05
-1.1765e-05
-1.1731e-05
-1.1697e-05
-1.1663e-05
-1.1629e-05
-1.1595e-05
-1.1561e-05
-1.1526e-05
-1.1492e-05
-1.1458e-05
-1.1424e-05
-1.139e-05
-1.1356e-05
-1.1322e-05
-1.1288e-05
-1.1254e-05
-1.122e-05
-1.1186e-05
-1.1152e-05
-1.1118e-05
-1.1084e-05
-1.105e-05
-1.1016e-05
-1.0982e-05
-1.0948e-05
-1.0914e-05
-1.0879e-05
-1.0845e-05
-1.0811e-05
-1.0777e-05
-1.0743e-05
-1.0709e-05
-1.0675e-05
-1.0641e-05
-1.0607e-05
-1.0573e-05
-1.0539e-05
-1.0505e-05
-1.0471e-05
-1.0437e-05
-1.0403e-05
-1.0369e-05
-1.0335e-05
-1.0301e-05
-1.0267e-05
-1.0233e-05
-1.0198e-05
-1.0164e-05
-1.013e-05
-1.0096e-05
-1.0062e-05
-1.0028e-05
-9.9941e-06
-9.9601e-06
-9.926e-06
-9.892e-06
-9.8579e-06
-9.8239e-06
-9.7898e-06
-9.7558e-06
-9.7217e-06
-9.6877e-06
-9.6536e-06
-9.6196e-06
-9.5855e-06
-9.5515e-06
-9.5174e-06
-9.4834e-06
-9.4493e-06
-9.4153e-06
-9.3812e-06
-9.3472e-06
-9.3131e-06
-9.2791e-06
-9.245e-06
-9.211e-06
-9.1769e-06
-9.1429e-06
-9.1088e-06
-9.0748e-06
-9.0407e-06
-9.0067e-06
-8.9726e-06
-8.9385e-06
-8.9045e-06
-8.8704e-06
-8.8364e-06
-8.8023e-06
-8.7683e-06
-8.7342e-06
-8.7002e-06
-8.6661e-06
-8.6321e-06
-8.598e-06
-8.564e-06
-8.5299e-06
-8.4959e-06
-8.4618e-06
-8.4278e-06
-8.3937e-06
-8.3597e-06
-8.3256e-06
-8.2916e-06
-8.2575e-06
-8.2235e-06
-8.1894e-06
-8.1554e-06
-8.1213e-06
-8.0873e-06
-8.0532e-06
-8.0192e-06
-7.9851e-06
-7.9511e-06
-7.917e-06
-7.8829e-06
-7.8489e-06
-7.8148e-06
-7.7808e-06
-7.7467e-06
-7.7127e-06
-7.6786e-06
-7.6446e-06
-7.6105e-06
-7.5765e-06
-7.5424e-06
-7.5084e-06
-7.4743e-06
-7.4403e-06
-7.4062e-06
-7.3722e-06
-7.3381e-06
-7.3041e-06
-7.27e-06
-7.236e-06
-7.2019e-06
-7.1679e-06
-7.1338e-06
-7.0998e-06
-7.0657e-06
-7.0317e-06
-6.9976e-06
-6.9636e-06
-6.9295e-06
-6.8955e-06
-6.8614e-06
-6.8273e-06
-6.7933e-06
-6.7592e-06
-6.7252e-06
-6.6911e-06
-6.6571e-06
-6.623e-06
-6.589e-06
-6.5549e-06
-6.5209e-06
-6.4868e-06
-6.4528e-06
-6.4187e-06
-6.3847e-06
-6.3506e-06
-6.3166e-06
-6.2825e-06
-6.2485e-06
-6.2144e-06
-6.1804e-06
-6.1463e-06
-6.1123e-06
-6.0782e-06
-6.0442e-06
-6.0101e-06
-5.9761e-06
-5.942e-06
-5.908e-06
-5.8739e-06
-5.8399e-06
-5.8058e-06
-5.7717e-06
-5.7377e-06
-5.7036e-06
-5.6696e-06
-5.6355e-06
-5.6015e-06
-5.5674e-06
-5.5334e-06
-5.4993e-06
-5.4653e-06
-5.4312e-06
-5.3972e-06
-5.3631e-06
-5.3291e-06
-5.295e-06
-5.261e-06
-5.2269e-06
-5.1929e-06
-5.1588e-06
-5.1248e-06
-5.0907e-06
-5.0567e-06
-5.0226e-06
-4.9886e-06
-4.9545e-06
-4.9205e-06
-4.8864e-06
-4.8524e-06
-4.8183e-06
-4.7843e-06
-4.7502e-06
-4.7161e-06
-4.6821e-06
-4.648e-06
-4.614e-06
-4.5799e-06
-4.5459e-06
-4.5118e-06
-4.4778e-06
-4.4437e-06
-4.4097e-06
-4.3756e-06
-4.3416e-06
-4.3075e-06
-4.2735e-06
-4.2394e-06
-4.2054e-06
-4.1713e-06
-4.1373e-06
-4.1032e-06
-4.0692e-06
-4.0351e-06
-4.0011e-06
-3.967e-06
-3.933e-06
-3.8989e-06
-3.8649e-06
-3.8308e-06
-3.7968e-06
-3.7627e-06
-3.7287e-06
-3.6946e-06
-3.6605e-06
-3.6265e-06
-3.5924e-06
-3.5584e-06
-3.5243e-06
-3.4903e-06
-3.4562e-06
-3.4222e-06
-3.3881e-06
-3.3541e-06
-3.32e-06
-3.286e-06
-3.2519e-06
-3.2179e-06
-3.1838e-06
-3.1498e-06
-3.1157e-06
-3.0817e-06
-3.0476e-06
-3.0136e-06
-2.9795e-06
-2.9455e-06
-2.9114e-06
-2.8774e-06
-2.8433e-06
-2.8093e-06
-2.7752e-06
-2.7412e-06
-2.7071e-06
-2.6731e-06
-2.639e-06
-2.6049e-06
-2.5709e-06
-2.5368e-06
-2.5028e-06
-2.4687e-06
-2.4347e-06
-2.4006e-06
-2.3666e-06
-2.3325e-06
-2.2985e-06
-2.2644e-06
-2.2304e-06
-2.1963e-06
-2.1623e-06
-2.1282e-06
-2.0942e-06
-2.0601e-06
-2.0261e-06
-1.992e-06
-1.958e-06
-1.9239e-06
-1.8899e-06
-1.8558e-06
-1.8218e-06
-1.7877e-06
-1.7537e-06
-1.7196e-06
-1.6856e-06
-1.6515e-06
-1.6175e-06
-1.5834e-06
-1.5493e-06
-1.5153e-06
-1.4812e-06
-1.4472e-06
-1.4131e-06
-1.3791e-06
-1.345e-06
-1.311e-06
-1.2769e-06
-1.2429e-06
-1.2088e-06
-1.1748e-06
-1.1407e-06
-1.1067e-06
-1.0726e-06
-1.0386e-06
-1.0045e-06
-9.7047e-07
-9.3642e-07
-9.0237e-07
-8.6832e-07
-8.3426e-07
-8.0021e-07
-7.6616e-07
-7.3211e-07
-6.9806e-07
-6.6401e-07
-6.2995e-07
-5.959e-07
-5.6185e-07
-5.278e-07
-4.9375e-07
-4.597e-07
-4.2565e-07
-3.9159e-07
-3.5754e-07
-3.2349e-07
-2.8944e-07
-2.5539e-07
-2.2134e-07
-1.8728e-07
-1.5323e-07
-1.1918e-07
-8.5129e-08
-5.1077e-08
-1.7026e-08
1.7026e-08
5.1077e-08
8.5129e-08
1.1918e-07
1.5323e-07
1.8728e-07
2.2134e-07
2.5539e-07
2.8944e-07
3.2349e-07
3.5754e-07
3.9159e-07
4.2565e-07
4.597e-07
4.9375e-07
5.278e-07
5.6185e-07
5.959e-07
6.2995e-07
6.6401e-07
6.9806e-07
7.3211e-07
7.6616e-07
8.0021e-07
8.3426e-07
8.6832e-07
9.0237e-07
9.3642e-07
9.7047e-07
1.0045e-06
1.0386e-06
1.0726e-06
1.1067e-06
1.1407e-06
1.1748e-06
1.2088e-06
1.2429e-06
1.2769e-06
1.311e-06
1.345e-06
1.3791e-06
1.4131e-06
1.4472e-06
1.4812e-06
1.5153e-06
1.5493e-06
1.5834e-06
1.6175e-06
1.6515e-06
1.6856e-06
1.7196e-06
1.7537e-06
1.7877e-06
1.8218e-06
1.8558e-06
1.8899e-06
1.9239e-06
1.958e-06
1.992e-06
2.0261e-06
2.0601e-06
2.0942e-06
2.1282e-06
2.1623e-06
2.1963e-06
2.2304e-06
2.2644e-06
2.2985e-06
2.3325e-06
2.3666e-06
2.4006e-06
2.4347e-06
2.4687e-06
2.5028e-06
2.5368e-06
2.5709e-06
2.6049e-06
2.639e-06
2.6731e-06
2.7071e-06
2.7412e-06
2.7752e-06
2.8093e-06
2.8433e-06
2.8774e-06
2.9114e-06
2.9455e-06
2.9795e-06
3.0136e-06
3.0476e-06
3.0817e-06
3.1157e-06
3.1498e-06
3.1838e-06
3.2179e-06
3.2519e-06
3.286e-06
3.32e-06
3.3541e-06
3.3881e-06
3.4222e-06
3.4562e-06
3.4903e-06
3.5243e-06
3.5584e-06
3.5924e-06
3.6265e-06
3.6605e-06
3.6946e-06
3.7287e-06
3.7627e-06
3.7968e-06
3.8308e-06
3.8649e-06
3.8989e-06
3.933e-06
3.967e-06
4.0011e-06
4.0351e-06
4.0692e-06
4.1032e-06
4.1373e-06
4.1713e-06
4.2054e-06
4.2394e-06
4.2735e-06
4.3075e-06
4.3416e-06
4.3756e-06
4.4097e-06
4.4437e-06
4.4778e-06
4.5118e-06
4.5459e-06
4.5799e-06
4.614e-06
4.648e-06
4.6821e-06
4.7161e-06
4.7502e-06
4.7843e-06
4.8183e-06
4.8524e-06
4.8864e-06
4.9205e-06
4.9545e-06
4.9886e-06
5.0226e-06
5.0567e-06
5.0907e-06
5.1248e-06
5.1588e-06
5.1929e-06
5.2269e-06
5.261e-06
5.295e-06
5.3291e-06
5.3631e-06
5.3972e-06
5.4312e-06
5.4653e-06
5.4993e-06
5.5334e-06
5.5674e-06
5.6015e-06
5.6355e-06
5.6696e-06
5.7036e-06
5.7377e-06
5.7717e-06
5.8058e-06
5.8399e-06
5.8739e-06
5.908e-06
5.942e-06
5.9761e-06
6.0101e-06
6.0442e-06
6.0782e-06
6.1123e-06
6.1463e-06
6.1804e-06
6.2144e-06
6.2485e-06
6.2825e-06
6.3166e-06
6.3506e-06
6.3847e-06
6.4187e-06
6.4528e-06
6.4868e-06
6.5209e-06
6.5549e-06
6.589e-06
6.623e-06
6.6571e-06
6.6911e-06
6.7252e-06
6.7592e-06
6.7933e-06
6.8273e-06
6.8614e-06
6.8955e-06
6.9295e-06
6.9636e-06
6.9976e-06
7.0317e-06
7.0657e-06
7.0998e-06
7.1338e-06
7.1679e-06
7.2019e-06
7.236e-06
7.27e-06
7.3041e-06
7.3381e-06
7.3722e-06
7.4062e-06
7.4403e-06
7.4743e-06
7.5084e-06
7.5424e-06
7.5765e-06
7.6105e-06
7.6446e-06
7.6786e-06
7.7127e-06
7.7467e-06
7.7808e-06
7.8148e-06
7.8489e-06
7.8829e-06
7.917e-06
7.9511e-06
7.9851e-06
8.0192e-06
8.0532e-06
8.0873e-06
8.1213e-06
8.1554e-06
8.1894e-06
8.2235e-06
8.2575e-06
8.2916e-06
8.3256e-06
8.3597e-06
8.3937e-06
8.4278e-06
8.4618e-06
8.4959e-06
8.5299e-06
8.564e-06
8.598e-06
8.6321e-06
8.6661e-06
8.7002e-06
8.7342e-06
8.7683e-06
8.8023e-06
8.8364e-06
8.8704e-06
8.9045e-06
8.9385e-06
8.9726e-06
9.0067e-06
9.0407e-06
9.0748e-06
9.1088e-06
9.1429e-06
9.1769e-06
9.211e-06
9.245e-06
9.2791e-06
9.3131e-06
9.3472e-06
9.3812e-06
9.4153e-06
9.4493e-06
9.4834e-06
9.5174e-06
9.5515e-06
9.5855e-06
9.6196e-06
9.6536e-06
9.6877e-06
9.7217e-06
9.7558e-06
9.7898e-06
9.8239e-06
9.8579e-06
9.892e-06
9.926e-06
9.9601e-06
9.9941e-06
1.0028e-05
1.0062e-05
1.0096e-05
1.013e-05
1.0164e-05
1.0198e-05
1.0233e-05
1.0267e-05
1.0301e-05
1.0335e-05
1.0369e-05
1.0403e-05
1.0437e-05
1.0471e-05
1.0505e-05
1.0539e-05
1.0573e-05
1.0607e-05
1.0641e-05
1.0675e-05
1.0709e-05
1.0743e-05
1.0777e-05
1.0811e-05
1.0845e-05
1.0879e-05
1.0914e-05
1.0948e-05
1.0982e-05
1.1016e-05
1.105e-05
1.1084e-05
1.1118e-05
1.1152e-05
1.1186e-05
1.122e-05
1.1254e-05
1.1288e-05
1.1322e-05
1.1356e-05
1.139e-05
1.1424e-05
1.1458e-05
1.1492e-05
1.1526e-05
1.1561e-05
1.1595e-05
1.1629e-05
1.1663e-05
1.1697e-05
1.1731e-05
1.1765e-05
1.1799e-05
1.1833e-05
1.1867e-05
1.1901e-05
1.1935e-05
1.1969e-05
1.2003e-05
1.2037e-05
1.2071e-05
1.2105e-05
1.2139e-05
1.2173e-05
1.2208e-05
1.2242e-05
1.2276e-05
1.231e-05
1.2344e-05
1.2378e-05
1.2412e-05
1.2446e-05
1.248e-05
1.2514e-05
1.2548e-05
1.2582e-05
1.2616e-05
1.265e-05
1.2684e-05
1.2718e-05
1.2752e-05
1.2786e-05
1.282e-05
1.2854e-05
1.2889e-05
1.2923e-05
1.2957e-05
1.2991e-05
1.3025e-05
1.3059e-05
1.3093e-05
1.3127e-05
1.3161e-05
1.3195e-05
1.3229e-05
1.3263e-05
1.3297e-05
1.3331e-05
1.3365e-05
1.3399e-05
1.3433e-05
1.3467e-05
1.3501e-05
1.3536e-05
1.357e-05
1.3604e-05
1.3638e-05
1.3672e-05
1.3706e-05
1.374e-05
1.3774e-05
1.3808e-05
1.3842e-05
1.3876e-05
1.391e-05
1.3944e-05
1.3978e-05
1.4012e-05
1.4046e-05
1.408e-05
1.4114e-05
1.4148e-05
1.4182e-05
1.4217e-05
1.4251e-05
1.4285e-05
1.4319e-05
1.4353e-05
1.4387e-05
1.4421e-05
1.4455e-05
1.4489e-05
1.4523e-05
1.4557e-05
1.4591e-05
1.4625e-05
1.4659e-05
1.4693e-05
1.4727e-05
1.4761e-05
1.4795e-05
1.4829e-05
1.4864e-05
1.4898e-05
1.4932e-05
1.4966e-05
1.5e-05
1.5034e-05
1.5068e-05
1.5102e-05
1.5136e-05
1.517e-05
1.5204e-05
1.5238e-05
1.5272e-05
1.5306e-05
1.534e-05
1.5374e-05
1.5408e-05
1.5442e-05
1.5476e-05
1.5511e-05
1.5545e-05
1.5579e-05
1.5613e-05
1.5647e-05
1.5681e-05
1.5715e-05
1.5749e-05
1.5783e-05
1.5817e-05
1.5851e-05
1.5885e-05
1.5919e-05
1.5953e-05
1.5987e-05
1.6021e-05
1.6055e-05
1.6089e-05
1.6123e-05
1.6157e-05
1.6192e-05
1.6226e-05
1.626e-05
1.6294e-05
1.6328e-05
1.6362e-05
1.6396e-05
1.643e-05
1.6464e-05
1.6498e-05
1.6532e-05
1.6566e-05
1.66e-05
1.6634e-05
1.6668e-05
1.6702e-05
1.6736e-05
1.677e-05
1.6804e-05
1.6839e-05
1.6873e-05
1.6907e-05
1.6941e-05
1.6975e-05
1.7009e-05
1.7043e-05
1.7077e-05
1.7111e-05
1.7145e-05
1.7179e-05
1.7213e-05
1.7247e-05
1.7281e-05
1.7315e-05
1.7349e-05
1.7383e-05
1.7417e-05
1.7451e-05
1.7486e-05
1.752e-05
1.7554e-05
1.7588e-05
1.7622e-05
1.7656e-05
1.769e-05
1.7724e-05
1.7758e-05
1.7792e-05
1.7826e-05
1.786e-05
1.7894e-05
1.7928e-05
1.7962e-05
1.7996e-05
1.803e-05
1.8064e-05
1.8098e-05
1.8132e-05
1.8167e-05
1.8201e-05
1.8235e-05
1.8269e-05
1.8303e-05
1.8337e-05
1.8371e-05
1.8405e-05
1.8439e-05
1.8473e-05
1.8507e-05
1.8541e-05
1.8575e-05
1.8609e-05
1.8643e-05
1.8677e-05
1.8711e-05
1.8745e-05
1.8779e-05
1.8814e-05
1.8848e-05
1.8882e-05
1.8916e-05
1.895e-05
1.8984e-05
1.9018e-05
1.9052e-05
1.9086e-05
1.912e-05
1.9154e-05
1.9188e-05
1.9222e-05
1.9256e-05
1.929e-05
1.9324e-05
1.9358e-05
1.9392e-05
1.9426e-05
1.946e-05
1.9495e-05
1.9529e-05
1.9563e-05
1.9597e-05
1.9631e-05
1.9665e-05
1.9699e-05
1.9733e-05
1.9767e-05
1.9801e-05
1.9835e-05
1.9869e-05
1.9903e-05
1.9937e-05
1.9971e-05
2.0005e-05
2.0039e-05
2.0073e-05
2.0107e-05
2.0142e-05
2.0176e-05
2.021e-05
2.0244e-05
2.0278e-05
2.0312e-05
2.0346e-05
2.038e-05
2.0414e-05
2.0448e-05
2.0482e-05
2.0516e-05
2.055e-05
2.0584e-05
2.0618e-05
2.0652e-05
2.0686e-05
2.072e-05
2.0754e-05
2.0789e-05
2.0823e-05
2.0857e-05
2.0891e-05
2.0925e-05
2.0959e-05
2.0993e-05
2.1027e-05
2.1061e-05
2.1095e-05
2.1129e-05
2.1163e-05
2.1197e-05
2.1231e-05
2.1265e-05
2.1299e-05
2.1333e-05
2.1367e-05
2.1401e-05
2.1435e-05
2.147e-05
2.1504e-05
2.1538e-05
2.1572e-05
2.1606e-05
2.164e-05
2.1674e-05
2.1708e-05
2.1742e-05
2.1776e-05
2.181e-05
2.1844e-05
2.1878e-05
2.1912e-05
2.1946e-05
2.198e-05
2.2014e-05
2.2048e-05
2.2082e-05
2.2117e-05
2.2151e-05
2.2185e-05
2.2219e-05
2.2253e-05
2.2287e-05
2.2321e-05
2.2355e-05
2.2389e-05
2.2423e-05
2.2457e-05
2.2491e-05
2.2525e-05
2.2559e-05
2.2593e-05
2.2627e-05
2.2661e-05
2.2695e-05
2.2729e-05
2.2764e-05
2.2798e-05
2.2832e-05
2.2866e-05
2.29e-05
2.2934e-05
2.2968e-05
2.3002e-05
2.3036e-05
2.307e-05
2.3104e-05
2.3138e-05
2.3172e-05
2.3206e-05
2.324e-05
2.3274e-05
2.3308e-05
2.3342e-05
2.3376e-05
2.341e-05
2.3445e-05
2.3479e-05
2.3513e-05
2.3547e-05
2.3581e-05
2.3615e-05
2.3649e-05
2.3683e-05
2.3717e-05
2.3751e-05
2.3785e-05
2.3819e-05
2.3853e-05
2.3887e-05
2.3921e-05
2.3955e-05
2.3989e-05
2.4023e-05
2.4057e-05
2.4092e-05
2.4126e-05
2.416e-05
2.4194e-05
2.4228e-05
2.4262e-05
2.4296e-05
2.433e-05
2.4364e-05
2.4398e-05
2.4432e-05
2.4466e-05
2.45e-05
2.4534e-05
2.4568e-05
2.4602e-05
2.4636e-05
2.467e-05
2.4704e-05
2.4738e-05
2.4773e-05
2.4807e-05
2.4841e-05
2.4875e-05
2.4909e-05
2.4943e-05
2.4977e-05
2.5011e-05
2.5045e-05
2.5079e-05
2.5113e-05
2.5147e-05
2.5181e-05
2.5215e-05
2.5249e-05
2.5283e-05
2.5317e-05
2.5351e-05
2.5385e-05
2.542e-05
2.5454e-05
2.5488e-05
2.5522e-05
2.5556e-05
2.559e-05
2.5624e-05
2.5658e-05
2.5692e-05
2.5726e-05
2.576e-05
2.5794e-05
2.5828e-05
2.5862e-05
2.5896e-05
2.593e-05
2.5964e-05
2.5998e-05
2.6032e-05
2.6067e-05
2.6101e-05
2.6135e-05
2.6169e-05
2.6203e-05
2.6237e-05
2.6271e-05
2.6305e-05
2.6339e-05
2.6373e-05
2.6407e-05
2.6441e-05
2.6475e-05
2.6509e-05
2.6543e-05
2.6577e-05
2.6611e-05
2.6645e-05
2.6679e-05
2.6713e-05
2.6748e-05
2.6782e-05
2.6816e-05
2.685e-05
2.6884e-05
2.6918e-05
2.6952e-05
2.6986e-05
2.702e-05
2.7054e-05
2.7088e-05
2.7122e-05
2.7156e-05
2.719e-05
2.7224e-05
2.7258e-05
2.7292e-05
2.7326e-05
2.736e-05
2.7395e-05
2.7429e-05
2.7463e-05
2.7497e-05
2.7531e-05
2.7565e-05
2.7599e-05
2.7633e-05
2.7667e-05
2.7701e-05
2.7735e-05
2.7769e-05
2.7803e-05
2.7837e-05
2.7871e-05
2.7905e-05
2.7939e-05
2.7973e-05
2.8007e-05
2.8042e-05
2.8076e-05
2.811e-05
2.8144e-05
2.8178e-05
2.8212e-05
2.8246e-05
2.828e-05
2.8314e-05
2.8348e-05
2.8382e-05
2.8416e-05
2.845e-05
2.8484e-05
2.8518e-05
2.8552e-05
2.8586e-05
2.862e-05
2.8654e-05
2.8688e-05
2.8723e-05
2.8757e-05
2.8791e-05
2.8825e-05
2.8859e-05
2.8893e-05
2.8927e-05
2.8961e-05
2.8995e-05
2.9029e-05
2.9063e-05
2.9097e-05
2.9131e-05
2.9165e-05
2.9199e-05
2.9233e-05
2.9267e-05
2.9301e-05
2.9335e-05
2.937e-05
2.9404e-05
2.9438e-05
2.9472e-05
2.9506e-05
2.954e-05
2.9574e-05
2.9608e-05
2.9642e-05
2.9676e-05
2.971e-05
2.9744e-05
2.9778e-05
2.9812e-05
2.9846e-05
2.988e-05
2.9914e-05
2.9948e-05
2.9982e-05
3.0017e-05
3.0051e-05
3.0085e-05
3.0119e-05
3.0153e-05
3.0187e-05
3.0221e-05
3.0255e-05
3.0289e-05
3.0323e-05
3.0357e-05
3.0391e-05
3.0425e-05
3.0459e-05
3.0493e-05
3.0527e-05
3.0561e-05
3.0595e-05
3.0629e-05
3.0663e-05
3.0698e-05
3.0732e-05
3.0766e-05
3.08e-05
3.0834e-05
3.0868e-05
3.0902e-05
3.0936e-05
3.097e-05
3.1004e-05
3.1038e-05
3.1072e-05
3.1106e-05
3.114e-05
3.1174e-05
3.1208e-05
3.1242e-05
3.1276e-05
3.131e-05
3.1345e-05
3.1379e-05
3.1413e-05
3.1447e-05
3.1481e-05
3.1515e-05
3.1549e-05
3.1583e-05
3.1617e-05
3.1651e-05
3.1685e-05
3.1719e-05
3.1753e-05
3.1787e-05
3.1821e-05
3.1855e-05
3.1889e-05
3.1923e-05
3.1957e-05
3.1991e-05
3.2026e-05
3.206e-05
3.2094e-05
3.2128e-05
3.2162e-05
3.2196e-05
3.223e-05
3.2264e-05
3.2298e-05
3.2332e-05
3.2366e-05
3.24e-05
3.2434e-05
3.2468e-05
3.2502e-05
3.2536e-05
3.257e-05
3.2604e-05
3.2638e-05
3.2673e-05
3.2707e-05
3.2741e-05
3.2775e-05
3.2809e-05
3.2843e-05
3.2877e-05
3.2911e-05
3.2945e-05
3.2979e-05
3.3013e-05
3.3047e-05
3.3081e-05
3.3115e-05
3.3149e-05
3.3183e-05
3.3217e-05
3.3251e-05
3.3285e-05
3.332e-05
3.3354e-05
3.3388e-05
3.3422e-05
3.3456e-05
3.349e-05
3.3524e-05
3.3558e-05
3.3592e-05
3.3626e-05
3.366e-05
3.3694e-05
3.3728e-05
3.3762e-05
3.3796e-05
3.383e-05
3.3864e-05
3.3898e-05
3.3932e-05
3.3966e-05
3.4001e-05
3.4035e-05
3.4069e-05
3.4103e-05
3.4137e-05
3.4171e-05
3.4205e-05
3.4239e-05
3.4273e-05
3.4307e-05
3.4341e-05
3.4375e-05
3.4409e-05
3.4443e-05
3.4477e-05
3.4511e-05
3.4545e-05
3.4579e-05
3.4613e-05
3.4648e-05
3.4682e-05
3.4716e-05
3.475e-05
3.4784e-05
3.4818e-05
3.4852e-05
3.4886e-05
3.492e-05
3.4954e-05
3.4988e-05
3.5022e-05
3.5056e-05
3.509e-05
3.5124e-05
3.5158e-05
3.5192e-05
3.5226e-05
3.526e-05
3.5295e-05
3.5329e-05
3.5363e-05
3.5397e-05
3.5431e-05
3.5465e-05
3.5499e-05
3.5533e-05
3.5567e-05
3.5601e-05
3.5635e-05
3.5669e-05
3.5703e-05
3.5737e-05
3.5771e-05
3.5805e-05
3.5839e-05
3.5873e-05
3.5907e-05
3.5941e-05
3.5976e-05
3.601e-05
3.6044e-05
3.6078e-05
3.6112e-05
3.6146e-05
3.618e-05
3.6214e-05
3.6248e-05
3.6282e-05
3.6316e-05
3.635e-05
3.6384e-05
3.6418e-05
3.6452e-05
3.6486e-05
3.652e-05
3.6554e-05
3.6588e-05
3.6623e-05
3.6657e-05
3.6691e-05
3.6725e-05
3.6759e-05
3.6793e-05
3.6827e-05
3.6861e-05
3.6895e-05
3.6929e-05
3.6963e-05
3.6997e-05
3.7031e-05
3.7065e-05
3.7099e-05
3.7133e-05
3.7167e-05
3.7201e-05
3.7235e-05
3.7269e-05
3.7304e-05
3.7338e-05
3.7372e-05
3.7406e-05
3.744e-05
3.7474e-05
3.7508e-05
3.7542e-05
3.7576e-05
3.761e-05
3.7644e-05
3.7678e-05
3.7712e-05
3.7746e-05
3.778e-05
3.7814e-05
3.7848e-05
3.7882e-05
3.7916e-05
3.7951e-05
3.7985e-05
3.8019e-05
3.8053e-05
3.8087e-05
3.8121e-05
3.8155e-05
3.8189e-05
3.8223e-05
3.8257e-05
3.8291e-05
3.8325e-05
3.8359e-05
3.8393e-05
3.8427e-05
3.8461e-05
3.8495e-05
3.8529e-05
3.8563e-05
3.8598e-05
3.8632e-05
3.8666e-05
3.87e-05
3.8734e-05
3.8768e-05
3.8802e-05
3.8836e-05
3.887e-05
3.8904e-05
3.8938e-05
3.8972e-05
3.9006e-05
3.904e-05
3.9074e-05
3.9108e-05
3.9142e-05
3.9176e-05
3.921e-05
3.9244e-05
3.9279e-05
3.9313e-05
3.9347e-05
3.9381e-05
3.9415e-05
3.9449e-05
3.9483e-05
3.9517e-05
3.9551e-05
3.9585e-05
3.9619e-05
3.9653e-05
3.9687e-05
3.9721e-05
3.9755e-05
3.9789e-05
3.9823e-05
3.9857e-05
3.9891e-05
3.9926e-05
3.996e-05
3.9994e-05
4.0028e-05
4.0062e-05
4.0096e-05
4.013e-05
4.0164e-05
4.0198e-05
4.0232e-05
4.0266e-05
4.03e-05
4.0334e-05
4.0368e-05
4.0402e-05
4.0436e-05
4.047e-05
4.0504e-05
4.0538e-05
4.0573e-05
4.0607e-05
4.0641e-05
4.0675e-05
4.0709e-05
4.0743e-05
4.0777e-05
4.0811e-05
4.0845e-05
4.0879e-05
4.0913e-05
4.0947e-05
4.0981e-05
4.1015e-05
4.1049e-05
4.1083e-05
4.1117e-05
4.1151e-05
4.1185e-05
4.1219e-05
4.1254e-05
4.1288e-05
4.1322e-05
4.1356e-05
4.139e-05
4.1424e-05
4.1458e-05
4.1492e-05
4.1526e-05
4.156e-05
4.1594e-05
4.1628e-05
4.1662e-05
4.1696e-05
4.173e-05
4.1764e-05
4.1798e-05
4.1832e-05
4.1866e-05
4.1901e-05
4.1935e-05
4.1969e-05
4.2003e-05
4.2037e-05
4.2071e-05
4.2105e-05
4.2139e-05
4.2173e-05
4.2207e-05
4.2241e-05
4.2275e-05
4.2309e-05
4.2343e-05
4.2377e-05
4.2411e-05
4.2445e-05
4.2479e-05
4.2513e-05
4.2547e-05
4.2582e-05
4.2616e-05
4.265e-05
4.2684e-05
4.2718e-05
4.2752e-05
4.2786e-05
4.282e-05
4.2854e-05
4.2888e-05
4.2922e-05
4.2956e-05
4.299e-05
4.3024e-05
4.3058e-05
4.3092e-05
4.3126e-05
4.316e-05
4.3194e-05
4.3229e-05
4.3263e-05
4.3297e-05
4.3331e-05
4.3365e-05
4.3399e-05
4.3433e-05
4.3467e-05
4.3501e-05
4.3535e-05
4.3569e-05
4.3603e-05
4.3637e-05
4.3671e-05
4.3705e-05
4.3739e-05
4.3773e-05
4.3807e-05
4.3841e-05
4.3876e-05
4.391e-05
4.3944e-05
4.3978e-05
4.4012e-05
4.4046e-05
4.408e-05
4.4114e-05
4.4148e-05
4.4182e-05
4.4216e-05
4.425e-05
4.4284e-05
4.4318e-05
4.4352e-05
4.4386e-05
4.442e-05
4.4454e-05
4.4488e-05
4.4522e-05
4.4557e-05
4.4591e-05
4.4625e-05
4.4659e-05
4.4693e-05
4.4727e-05
4.4761e-05
4.4795e-05
4.4829e-05
4.4863e-05
4.4897e-05
4.4931e-05
4.4965e-05
4.4999e-05
4.5033e-05
4.5067e-05
4.5101e-05
4.5135e-05
4.5169e-05
4.5204e-05
4.5238e-05
4.5272e-05
4.5306e-05
4.534e-05
4.5374e-05
4.5408e-05
4.5442e-05
4.5476e-05
4.551e-05
4.5544e-05
4.5578e-05
4.5612e-05
4.5646e-05
4.568e-05
4.5714e-05
4.5748e-05
4.5782e-05
4.5816e-05
4.585e-05
4.5885e-05
4.5919e-05
4.5953e-05
4.5987e-05
4.6021e-05
4.6055e-05
4.6089e-05
4.6123e-05
4.6157e-05
4.6191e-05
4.6225e-05
4.6259e-05
4.6293e-05
4.6327e-05
4.6361e-05
4.6395e-05
4.6429e-05
4.6463e-05
4.6497e-05
4.6532e-05
4.6566e-05
4.66e-05
4.6634e-05
4.6668e-05
4.6702e-05
4.6736e-05
4.677e-05
4.6804e-05
4.6838e-05
4.6872e-05
4.6906e-05
4.694e-05
4.6974e-05
4.7008e-05
4.7042e-05
4.7076e-05
4.711e-05
4.7144e-05
4.7178e-05
4.7212e-05
4.7246e-05
4.728e-05
4.7314e-05
4.7348e-05
4.7382e-05
4.7416e-05
4.745e-05
4.7484e-05
4.7518e-05
4.7552e-05
4.7586e-05
4.762e-05
4.7654e-05
4.7688e-05
4.7722e-05
4.7756e-05
4.779e-05
4.7824e-05
4.7858e-05
4.7892e-05
4.7926e-05
4.796e-05
4.7994e-05
4.8027e-05
4.8061e-05
4.8095e-05
4.8129e-05
4.8163e-05
4.8196e-05
4.823e-05
4.8264e-05
4.8297e-05
4.8331e-05
4.8365e-05
4.8398e-05
4.8432e-05
4.8465e-05
4.8499e-05
4.8532e-05
4.8565e-05
4.8599e-05
4.8632e-05
4.8665e-05
4.8698e-05
4.8731e-05
4.8764e-05
4.8797e-05
4.883e-05
4.8862e-05
4.8895e-05
4.8927e-05
4.896e-05
4.8992e-05
4.9024e-05
4.9056e-05
4.9088e-05
4.9119e-05
4.9151e-05
4.9182e-05
4.9213e-05
4.9244e-05
4.9274e-05
4.9305e-05
4.9335e-05
4.9365e-05
4.9394e-05
4.9423e-05
4.9452e-05
4.9481e-05
4.9509e-05
4.9537e-05
4.9565e-05
4.9592e-05
4.9618e-05
4.9644e-05
4.967e-05
4.9695e-05
4.9719e-05
4.9743e-05
4.9766e-05
4.9789e-05
4.9811e-05
4.9832e-05
4.9852e-05
4.9872e-05
4.989e-05
4.9909e-05
4.9925e-05
4.9942e-05
4.9955e-05
4.997e-05
4.9982e-05
4.9994e-05
5.0003e-05
5.0013e-05
5.0019e-05
5.0026e-05
5.003e-05
5.0033e-05
5.0034e-05
5.0034e-05
5.0031e-05
5.0027e-05
5.002e-05
5.0011e-05
5.0002e-05
4.9987e-05
4.9974e-05
4.9954e-05
4.9937e-05
4.991e-05
4.989e-05
4.9855e-05
4.983e-05
4.9788e-05
4.9759e-05
4.9708e-05
4.9674e-05
4.9615e-05
4.9575e-05
4.9506e-05
4.9461e-05
4.9381e-05
4.9329e-05
4.9239e-05
4.918e-05
4.9079e-05
4.9012e-05
4.8899e-05
4.8823e-05
4.8699e-05
4.8612e-05
4.8476e-05
4.8378e-05
4.823e-05
4.8119e-05
4.7959e-05
4.7834e-05
4.7661e-05
4.7521e-05
4.7335e-05
4.7178e-05
4.698e-05
4.6805e-05
4.6593e-05
4.6399e-05
4.6174e-05
4.5958e-05
4.572e-05
4.5481e-05
4.5229e-05
4.4967e-05
4.4699e-05
4.4412e-05
4.4129e-05
4.3817e-05
4.3517e-05
4.3178e-05
4.2861e-05
4.2494e-05
4.2159e-05
4.1763e-05
4.1408e-05
4.0984e-05
4.0608e-05
4.0154e-05
3.9755e-05
3.9271e-05
3.8848e-05
3.8333e-05
3.7885e-05
3.7339e-05
3.6864e-05
3.6287e-05
3.5783e-05
3.5174e-05
3.464e-05
3.3999e-05
3.3434e-05
3.276e-05
3.2161e-05
3.1455e-05
3.0821e-05
3.0081e-05
2.941e-05
2.8637e-05
2.7929e-05
2.7121e-05
2.6374e-05
2.5531e-05
2.4744e-05
2.3865e-05
2.3036e-05
2.2121e-05
2.125e-05
2.0298e-05
1.9383e-05
1.8393e-05
1.7433e-05
1.6404e-05
1.5399e-05
1.4331e-05
1.3279e-05
1.217e-05
1.1071e-05
9.9207e-06
8.7735e-06
7.5808e-06
6.3844e-06
5.1486e-06
3.9021e-06
2.6222e-06
1.3248e-06
