-0.00019702
-0.00037682
-0.00052319
-0.00066519
-0.00076845
-0.00087467
-0.00094437
-0.0010155
-0.0010616
-0.0010994
-0.0011291
-0.0011391
-0.0011547
-0.0011463
-0.0011471
-0.0011293
-0.001116
-0.0010935
-0.0010698
-0.0010438
-0.0010145
-0.00098482
-0.00095305
-0.00092071
-0.00088758
-0.00085383
-0.00081979
-0.00078542
-0.00075086
-0.00071617
-0.00068138
-0.00064653
-0.00061164
-0.00057672
-0.00054179
-0.00050685
-0.0004719
-0.00043695
-0.00040199
-0.00036704
-0.00033208
-0.00029713
-0.00026217
-0.00022722
-0.00019226
-0.0001573
-0.00012235
-8.7391e-05
-5.2434e-05
-1.7478e-05
1.7478e-05
5.2434e-05
8.7391e-05
0.00012235
0.0001573
0.00019226
0.00022722
0.00026217
0.00029713
0.00033208
0.00036704
0.00040199
0.00043695
0.0004719
0.00050685
0.00054179
0.00057672
0.00061164
0.00064653
0.00068138
0.00071617
0.00075086
0.00078542
0.00081979
0.00085383
0.00088758
0.00092071
0.00095305
0.00098482
0.0010145
0.0010438
0.0010698
0.0010935
0.001116
0.0011293
0.0011471
0.0011463
0.0011547
0.0011391
0.0011291
0.0010994
0.0010616
0.0010155
0.00094437
0.00087467
0.00076845
0.00066519
0.00052319
0.00037682
0.00019702
