-0.00078276
-0.00081273
-0.00081095
-0.00080702
-0.00080292
-0.00079881
-0.0007947
-0.00079059
-0.00078648
-0.00078238
-0.00077827
-0.00077416
-0.00077005
-0.00076594
-0.00076183
-0.00075772
-0.00075361
-0.0007495
-0.00074539
-0.00074128
-0.00073718
-0.00073307
-0.00072896
-0.00072485
-0.00072074
-0.00071663
-0.00071252
-0.00070841
-0.0007043
-0.00070019
-0.00069609
-0.00069198
-0.00068787
-0.00068376
-0.00067965
-0.00067554
-0.00067143
-0.00066732
-0.00066321
-0.0006591
-0.00065499
-0.00065089
-0.00064678
-0.00064267
-0.00063856
-0.00063445
-0.00063034
-0.00062623
-0.00062212
-0.00061801
-0.0006139
-0.00060979
-0.00060569
-0.00060158
-0.00059747
-0.00059336
-0.00058925
-0.00058514
-0.00058103
-0.00057692
-0.00057281
-0.0005687
-0.0005646
-0.00056049
-0.00055638
-0.00055227
-0.00054816
-0.00054405
-0.00053994
-0.00053583
-0.00053172
-0.00052761
-0.0005235
-0.0005194
-0.00051529
-0.00051118
-0.00050707
-0.00050296
-0.00049885
-0.00049474
-0.00049063
-0.00048652
-0.00048241
-0.0004783
-0.0004742
-0.00047009
-0.00046598
-0.00046187
-0.00045776
-0.00045365
-0.00044954
-0.00044543
-0.00044132
-0.00043721
-0.0004331
-0.000429
-0.00042489
-0.00042078
-0.00041667
-0.00041256
-0.00040845
-0.00040434
-0.00040023
-0.00039612
-0.00039201
-0.00038791
-0.0003838
-0.00037969
-0.00037558
-0.00037147
-0.00036736
-0.00036325
-0.00035914
-0.00035503
-0.00035092
-0.00034681
-0.00034271
-0.0003386
-0.00033449
-0.00033038
-0.00032627
-0.00032216
-0.00031805
-0.00031394
-0.00030983
-0.00030572
-0.00030161
-0.00029751
-0.0002934
-0.00028929
-0.00028518
-0.00028107
-0.00027696
-0.00027285
-0.00026874
-0.00026463
-0.00026052
-0.00025641
-0.00025231
-0.0002482
-0.00024409
-0.00023998
-0.00023587
-0.00023176
-0.00022765
-0.00022354
-0.00021943
-0.00021532
-0.00021122
-0.00020711
-0.000203
-0.00019889
-0.00019478
-0.00019067
-0.00018656
-0.00018245
-0.00017834
-0.00017423
-0.00017012
-0.00016602
-0.00016191
-0.0001578
-0.00015369
-0.00014958
-0.00014547
-0.00014136
-0.00013725
-0.00013314
-0.00012903
-0.00012492
-0.00012082
-0.00011671
-0.0001126
-0.00010849
-0.00010438
-0.00010027
-9.6161e-05
-9.2052e-05
-8.7943e-05
-8.3834e-05
-7.9725e-05
-7.5616e-05
-7.1507e-05
-6.7398e-05
-6.3289e-05
-5.918e-05
-5.5071e-05
-5.0962e-05
-4.6852e-05
-4.2743e-05
-3.8634e-05
-3.4525e-05
-3.0416e-05
-2.6307e-05
-2.2198e-05
-1.8089e-05
-1.398e-05
-9.8709e-06
-5.7618e-06
-1.6527e-06
2.4563e-06
6.5654e-06
1.0674e-05
1.4784e-05
1.8893e-05
2.3002e-05
2.7111e-05
3.122e-05
3.5329e-05
3.9438e-05
4.3547e-05
4.7656e-05
5.1765e-05
5.5874e-05
5.9983e-05
6.4092e-05
6.8201e-05
7.231e-05
7.642e-05
8.0529e-05
8.4638e-05
8.8747e-05
9.2856e-05
9.6965e-05
0.00010107
0.00010518
0.00010929
0.0001134
0.00011751
0.00012162
0.00012573
0.00012984
0.00013395
0.00013806
0.00014216
0.00014627
0.00015038
0.00015449
0.0001586
0.00016271
0.00016682
0.00017093
0.00017504
0.00017915
0.00018326
0.00018736
0.00019147
0.00019558
0.00019969
0.0002038
0.00020791
0.00021202
0.00021613
0.00022024
0.00022435
0.00022846
0.00023256
0.00023667
0.00024078
0.00024489
0.000249
0.00025311
0.00025722
0.00026133
0.00026544
0.00026955
0.00027365
0.00027776
0.00028187
0.00028598
0.00029009
0.0002942
0.00029831
0.00030242
0.00030653
0.00031064
0.00031475
0.00031885
0.00032296
0.00032707
0.00033118
0.00033529
0.0003394
0.00034351
0.00034762
0.00035173
0.00035584
0.00035995
0.00036405
0.00036816
0.00037227
0.00037638
0.00038049
0.0003846
0.00038871
0.00039282
0.00039693
0.00040104
0.00040514
0.00040925
0.00041336
0.00041747
0.00042158
0.00042569
0.0004298
0.00043391
0.00043802
0.00044213
0.00044624
0.00045034
0.00045445
0.00045856
0.00046267
0.00046678
0.00047089
0.000475
0.00047911
0.00048322
0.00048733
0.00049144
0.00049554
0.00049965
0.00050376
0.00050787
0.00051198
0.00051609
0.0005202
0.00052431
0.00052842
0.00053253
0.00053664
0.00054074
0.00054485
0.00054896
0.00055307
0.00055718
0.00056129
0.0005654
0.00056951
0.00057362
0.00057773
0.00058183
0.00058594
0.00059005
0.00059416
0.00059827
0.00060238
0.00060649
0.0006106
0.00061471
0.00061882
0.00062293
0.00062703
0.00063114
0.00063525
0.00063936
0.00064347
0.00064758
0.00065169
0.0006558
0.00065991
0.00066401
0.00066812
0.00067222
0.00067632
0.00068041
0.00068449
0.00068855
0.00069258
0.00069656
0.00070048
0.00070431
0.000708
0.00071149
0.00071475
0.00071762
0.00072007
0.00072189
0.00072288
0.00072313
0.00072163
0.00071952
0.00071446
0.00070851
0.00069921
0.000687
0.00067321
0.00065204
0.00063323
0.00060134
0.00057587
0.00053337
0.00049857
0.00044701
0.00040058
0.00034158
0.00028311
0.00021733
0.00014866
7.6036e-05
