-9.4546e-06
-1.8444e-05
-2.7176e-05
-3.5329e-05
-4.3286e-05
-5.0656e-05
-5.7768e-05
-6.4431e-05
-7.063e-05
-7.6663e-05
-8.1911e-05
-8.7373e-05
-9.1681e-05
-9.6593e-05
-0.00010003
-0.00010438
-0.00010708
-0.00011082
-0.00011293
-0.00011601
-0.0001177
-0.00012011
-0.0001215
-0.00012326
-0.00012441
-0.00012561
-0.00012656
-0.00012732
-0.00012805
-0.00012848
-0.000129
-0.00012922
-0.00012951
-0.00012959
-0.00012969
-0.00012967
-0.00012963
-0.00012952
-0.00012938
-0.0001292
-0.00012899
-0.00012876
-0.0001285
-0.00012823
-0.00012793
-0.00012763
-0.00012731
-0.00012699
-0.00012666
-0.00012632
-0.00012598
-0.00012563
-0.00012529
-0.00012493
-0.00012458
-0.00012423
-0.00012387
-0.00012351
-0.00012315
-0.00012279
-0.00012244
-0.00012208
-0.00012172
-0.00012136
-0.000121
-0.00012064
-0.00012027
-0.00011991
-0.00011955
-0.00011919
-0.00011883
-0.00011847
-0.00011811
-0.00011775
-0.00011739
-0.00011703
-0.00011667
-0.00011631
-0.00011595
-0.00011559
-0.00011523
-0.00011487
-0.00011451
-0.00011414
-0.00011378
-0.00011342
-0.00011306
-0.0001127
-0.00011234
-0.00011198
-0.00011162
-0.00011126
-0.0001109
-0.00011054
-0.00011018
-0.00010982
-0.00010946
-0.0001091
-0.00010873
-0.00010837
-0.00010801
-0.00010765
-0.00010729
-0.00010693
-0.00010657
-0.00010621
-0.00010585
-0.00010549
-0.00010513
-0.00010477
-0.00010441
-0.00010405
-0.00010369
-0.00010333
-0.00010296
-0.0001026
-0.00010224
-0.00010188
-0.00010152
-0.00010116
-0.0001008
-0.00010044
-0.00010008
-9.9719e-05
-9.9358e-05
-9.8997e-05
-9.8637e-05
-9.8276e-05
-9.7915e-05
-9.7555e-05
-9.7194e-05
-9.6833e-05
-9.6473e-05
-9.6112e-05
-9.5752e-05
-9.5391e-05
-9.503e-05
-9.467e-05
-9.4309e-05
-9.3948e-05
-9.3588e-05
-9.3227e-05
-9.2866e-05
-9.2506e-05
-9.2145e-05
-9.1784e-05
-9.1424e-05
-9.1063e-05
-9.0702e-05
-9.0342e-05
-8.9981e-05
-8.9621e-05
-8.926e-05
-8.8899e-05
-8.8539e-05
-8.8178e-05
-8.7817e-05
-8.7457e-05
-8.7096e-05
-8.6735e-05
-8.6375e-05
-8.6014e-05
-8.5653e-05
-8.5293e-05
-8.4932e-05
-8.4571e-05
-8.4211e-05
-8.385e-05
-8.349e-05
-8.3129e-05
-8.2768e-05
-8.2408e-05
-8.2047e-05
-8.1686e-05
-8.1326e-05
-8.0965e-05
-8.0604e-05
-8.0244e-05
-7.9883e-05
-7.9522e-05
-7.9162e-05
-7.8801e-05
-7.8441e-05
-7.808e-05
-7.7719e-05
-7.7359e-05
-7.6998e-05
-7.6637e-05
-7.6277e-05
-7.5916e-05
-7.5555e-05
-7.5195e-05
-7.4834e-05
-7.4473e-05
-7.4113e-05
-7.3752e-05
-7.3391e-05
-7.3031e-05
-7.267e-05
-7.231e-05
-7.1949e-05
-7.1588e-05
-7.1228e-05
-7.0867e-05
-7.0506e-05
-7.0146e-05
-6.9785e-05
-6.9424e-05
-6.9064e-05
-6.8703e-05
-6.8342e-05
-6.7982e-05
-6.7621e-05
-6.726e-05
-6.69e-05
-6.6539e-05
-6.6179e-05
-6.5818e-05
-6.5457e-05
-6.5097e-05
-6.4736e-05
-6.4375e-05
-6.4015e-05
-6.3654e-05
-6.3293e-05
-6.2933e-05
-6.2572e-05
-6.2211e-05
-6.1851e-05
-6.149e-05
-6.1129e-05
-6.0769e-05
-6.0408e-05
-6.0048e-05
-5.9687e-05
-5.9326e-05
-5.8966e-05
-5.8605e-05
-5.8244e-05
-5.7884e-05
-5.7523e-05
-5.7162e-05
-5.6802e-05
-5.6441e-05
-5.608e-05
-5.572e-05
-5.5359e-05
-5.4999e-05
-5.4638e-05
-5.4277e-05
-5.3917e-05
-5.3556e-05
-5.3195e-05
-5.2835e-05
-5.2474e-05
-5.2113e-05
-5.1753e-05
-5.1392e-05
-5.1031e-05
-5.0671e-05
-5.031e-05
-4.9949e-05
-4.9589e-05
-4.9228e-05
-4.8868e-05
-4.8507e-05
-4.8146e-05
-4.7786e-05
-4.7425e-05
-4.7064e-05
-4.6704e-05
-4.6343e-05
-4.5982e-05
-4.5622e-05
-4.5261e-05
-4.49e-05
-4.454e-05
-4.4179e-05
-4.3818e-05
-4.3458e-05
-4.3097e-05
-4.2737e-05
-4.2376e-05
-4.2015e-05
-4.1655e-05
-4.1294e-05
-4.0933e-05
-4.0573e-05
-4.0212e-05
-3.9851e-05
-3.9491e-05
-3.913e-05
-3.8769e-05
-3.8409e-05
-3.8048e-05
-3.7688e-05
-3.7327e-05
-3.6966e-05
-3.6606e-05
-3.6245e-05
-3.5884e-05
-3.5524e-05
-3.5163e-05
-3.4802e-05
-3.4442e-05
-3.4081e-05
-3.372e-05
-3.336e-05
-3.2999e-05
-3.2638e-05
-3.2278e-05
-3.1917e-05
-3.1557e-05
-3.1196e-05
-3.0835e-05
-3.0475e-05
-3.0114e-05
-2.9753e-05
-2.9393e-05
-2.9032e-05
-2.8671e-05
-2.8311e-05
-2.795e-05
-2.7589e-05
-2.7229e-05
-2.6868e-05
-2.6507e-05
-2.6147e-05
-2.5786e-05
-2.5426e-05
-2.5065e-05
-2.4704e-05
-2.4344e-05
-2.3983e-05
-2.3622e-05
-2.3262e-05
-2.2901e-05
-2.254e-05
-2.218e-05
-2.1819e-05
-2.1458e-05
-2.1098e-05
-2.0737e-05
-2.0376e-05
-2.0016e-05
-1.9655e-05
-1.9295e-05
-1.8934e-05
-1.8573e-05
-1.8213e-05
-1.7852e-05
-1.7491e-05
-1.7131e-05
-1.677e-05
-1.6409e-05
-1.6049e-05
-1.5688e-05
-1.5327e-05
-1.4967e-05
-1.4606e-05
-1.4246e-05
-1.3885e-05
-1.3524e-05
-1.3164e-05
-1.2803e-05
-1.2442e-05
-1.2082e-05
-1.1721e-05
-1.136e-05
-1.1e-05
-1.0639e-05
-1.0278e-05
-9.9178e-06
-9.5571e-06
-9.1965e-06
-8.8358e-06
-8.4752e-06
-8.1145e-06
-7.7539e-06
-7.3932e-06
-7.0326e-06
-6.672e-06
-6.3113e-06
-5.9507e-06
-5.59e-06
-5.2294e-06
-4.8687e-06
-4.5081e-06
-4.1474e-06
-3.7868e-06
-3.4261e-06
-3.0655e-06
-2.7048e-06
-2.3442e-06
-1.9836e-06
-1.6229e-06
-1.2623e-06
-9.0161e-07
-5.4097e-07
-1.8032e-07
1.8032e-07
5.4097e-07
9.0161e-07
1.2623e-06
1.6229e-06
1.9836e-06
2.3442e-06
2.7048e-06
3.0655e-06
3.4261e-06
3.7868e-06
4.1474e-06
4.5081e-06
4.8687e-06
5.2294e-06
5.59e-06
5.9507e-06
6.3113e-06
6.672e-06
7.0326e-06
7.3932e-06
7.7539e-06
8.1145e-06
8.4752e-06
8.8358e-06
9.1965e-06
9.5571e-06
9.9178e-06
1.0278e-05
1.0639e-05
1.1e-05
1.136e-05
1.1721e-05
1.2082e-05
1.2442e-05
1.2803e-05
1.3164e-05
1.3524e-05
1.3885e-05
1.4246e-05
1.4606e-05
1.4967e-05
1.5327e-05
1.5688e-05
1.6049e-05
1.6409e-05
1.677e-05
1.7131e-05
1.7491e-05
1.7852e-05
1.8213e-05
1.8573e-05
1.8934e-05
1.9295e-05
1.9655e-05
2.0016e-05
2.0376e-05
2.0737e-05
2.1098e-05
2.1458e-05
2.1819e-05
2.218e-05
2.254e-05
2.2901e-05
2.3262e-05
2.3622e-05
2.3983e-05
2.4344e-05
2.4704e-05
2.5065e-05
2.5426e-05
2.5786e-05
2.6147e-05
2.6507e-05
2.6868e-05
2.7229e-05
2.7589e-05
2.795e-05
2.8311e-05
2.8671e-05
2.9032e-05
2.9393e-05
2.9753e-05
3.0114e-05
3.0475e-05
3.0835e-05
3.1196e-05
3.1557e-05
3.1917e-05
3.2278e-05
3.2638e-05
3.2999e-05
3.336e-05
3.372e-05
3.4081e-05
3.4442e-05
3.4802e-05
3.5163e-05
3.5524e-05
3.5884e-05
3.6245e-05
3.6606e-05
3.6966e-05
3.7327e-05
3.7688e-05
3.8048e-05
3.8409e-05
3.8769e-05
3.913e-05
3.9491e-05
3.9851e-05
4.0212e-05
4.0573e-05
4.0933e-05
4.1294e-05
4.1655e-05
4.2015e-05
4.2376e-05
4.2737e-05
4.3097e-05
4.3458e-05
4.3818e-05
4.4179e-05
4.454e-05
4.49e-05
4.5261e-05
4.5622e-05
4.5982e-05
4.6343e-05
4.6704e-05
4.7064e-05
4.7425e-05
4.7786e-05
4.8146e-05
4.8507e-05
4.8868e-05
4.9228e-05
4.9589e-05
4.9949e-05
5.031e-05
5.0671e-05
5.1031e-05
5.1392e-05
5.1753e-05
5.2113e-05
5.2474e-05
5.2835e-05
5.3195e-05
5.3556e-05
5.3917e-05
5.4277e-05
5.4638e-05
5.4999e-05
5.5359e-05
5.572e-05
5.608e-05
5.6441e-05
5.6802e-05
5.7162e-05
5.7523e-05
5.7884e-05
5.8244e-05
5.8605e-05
5.8966e-05
5.9326e-05
5.9687e-05
6.0048e-05
6.0408e-05
6.0769e-05
6.1129e-05
6.149e-05
6.1851e-05
6.2211e-05
6.2572e-05
6.2933e-05
6.3293e-05
6.3654e-05
6.4015e-05
6.4375e-05
6.4736e-05
6.5097e-05
6.5457e-05
6.5818e-05
6.6179e-05
6.6539e-05
6.69e-05
6.726e-05
6.7621e-05
6.7982e-05
6.8342e-05
6.8703e-05
6.9064e-05
6.9424e-05
6.9785e-05
7.0146e-05
7.0506e-05
7.0867e-05
7.1228e-05
7.1588e-05
7.1949e-05
7.231e-05
7.267e-05
7.3031e-05
7.3391e-05
7.3752e-05
7.4113e-05
7.4473e-05
7.4834e-05
7.5195e-05
7.5555e-05
7.5916e-05
7.6277e-05
7.6637e-05
7.6998e-05
7.7359e-05
7.7719e-05
7.808e-05
7.8441e-05
7.8801e-05
7.9162e-05
7.9522e-05
7.9883e-05
8.0244e-05
8.0604e-05
8.0965e-05
8.1326e-05
8.1686e-05
8.2047e-05
8.2408e-05
8.2768e-05
8.3129e-05
8.349e-05
8.385e-05
8.4211e-05
8.4571e-05
8.4932e-05
8.5293e-05
8.5653e-05
8.6014e-05
8.6375e-05
8.6735e-05
8.7096e-05
8.7457e-05
8.7817e-05
8.8178e-05
8.8539e-05
8.8899e-05
8.926e-05
8.9621e-05
8.9981e-05
9.0342e-05
9.0702e-05
9.1063e-05
9.1424e-05
9.1784e-05
9.2145e-05
9.2506e-05
9.2866e-05
9.3227e-05
9.3588e-05
9.3948e-05
9.4309e-05
9.467e-05
9.503e-05
9.5391e-05
9.5752e-05
9.6112e-05
9.6473e-05
9.6833e-05
9.7194e-05
9.7555e-05
9.7915e-05
9.8276e-05
9.8637e-05
9.8997e-05
9.9358e-05
9.9719e-05
0.00010008
0.00010044
0.0001008
0.00010116
0.00010152
0.00010188
0.00010224
0.0001026
0.00010296
0.00010333
0.00010369
0.00010405
0.00010441
0.00010477
0.00010513
0.00010549
0.00010585
0.00010621
0.00010657
0.00010693
0.00010729
0.00010765
0.00010801
0.00010837
0.00010873
0.0001091
0.00010946
0.00010982
0.00011018
0.00011054
0.0001109
0.00011126
0.00011162
0.00011198
0.00011234
0.0001127
0.00011306
0.00011342
0.00011378
0.00011414
0.00011451
0.00011487
0.00011523
0.00011559
0.00011595
0.00011631
0.00011667
0.00011703
0.00011739
0.00011775
0.00011811
0.00011847
0.00011883
0.00011919
0.00011955
0.00011991
0.00012027
0.00012064
0.000121
0.00012136
0.00012172
0.00012208
0.00012244
0.00012279
0.00012315
0.00012351
0.00012387
0.00012423
0.00012458
0.00012493
0.00012529
0.00012563
0.00012598
0.00012632
0.00012666
0.00012699
0.00012731
0.00012763
0.00012793
0.00012823
0.0001285
0.00012876
0.00012899
0.0001292
0.00012938
0.00012952
0.00012963
0.00012967
0.00012969
0.00012959
0.00012951
0.00012922
0.000129
0.00012848
0.00012805
0.00012732
0.00012656
0.00012561
0.00012441
0.00012326
0.0001215
0.00012011
0.0001177
0.00011601
0.00011293
0.00011082
0.00010708
0.00010438
0.00010003
9.6593e-05
9.1681e-05
8.7373e-05
8.1911e-05
7.6663e-05
7.063e-05
6.4431e-05
5.7768e-05
5.0656e-05
4.3286e-05
3.5329e-05
2.7176e-05
1.8444e-05
9.4546e-06
