-0.00013689
-0.00014975
-0.00015176
-0.00015206
-0.00015205
-0.00015197
-0.00015188
-0.00015178
-0.00015169
-0.00015159
-0.0001515
-0.0001514
-0.00015131
-0.00015121
-0.00015112
-0.00015102
-0.00015093
-0.00015083
-0.00015074
-0.00015064
-0.00015054
-0.00015045
-0.00015035
-0.00015026
-0.00015016
-0.00015007
-0.00014997
-0.00014988
-0.00014978
-0.00014969
-0.00014959
-0.0001495
-0.0001494
-0.00014931
-0.00014921
-0.00014911
-0.00014902
-0.00014892
-0.00014883
-0.00014873
-0.00014864
-0.00014854
-0.00014845
-0.00014835
-0.00014826
-0.00014816
-0.00014807
-0.00014797
-0.00014788
-0.00014778
-0.00014768
-0.00014759
-0.00014749
-0.0001474
-0.0001473
-0.00014721
-0.00014711
-0.00014702
-0.00014692
-0.00014683
-0.00014673
-0.00014664
-0.00014654
-0.00014645
-0.00014635
-0.00014625
-0.00014616
-0.00014606
-0.00014597
-0.00014587
-0.00014578
-0.00014568
-0.00014559
-0.00014549
-0.0001454
-0.0001453
-0.00014521
-0.00014511
-0.00014502
-0.00014492
-0.00014482
-0.00014473
-0.00014463
-0.00014454
-0.00014444
-0.00014435
-0.00014425
-0.00014416
-0.00014406
-0.00014397
-0.00014387
-0.00014378
-0.00014368
-0.00014359
-0.00014349
-0.00014339
-0.0001433
-0.0001432
-0.00014311
-0.00014301
-0.00014292
-0.00014282
-0.00014273
-0.00014263
-0.00014254
-0.00014244
-0.00014235
-0.00014225
-0.00014216
-0.00014206
-0.00014196
-0.00014187
-0.00014177
-0.00014168
-0.00014158
-0.00014149
-0.00014139
-0.0001413
-0.0001412
-0.00014111
-0.00014101
-0.00014092
-0.00014082
-0.00014073
-0.00014063
-0.00014053
-0.00014044
-0.00014034
-0.00014025
-0.00014015
-0.00014006
-0.00013996
-0.00013987
-0.00013977
-0.00013968
-0.00013958
-0.00013949
-0.00013939
-0.0001393
-0.0001392
-0.00013911
-0.00013901
-0.00013891
-0.00013882
-0.00013872
-0.00013863
-0.00013853
-0.00013844
-0.00013834
-0.00013825
-0.00013815
-0.00013806
-0.00013796
-0.00013787
-0.00013777
-0.00013768
-0.00013758
-0.00013748
-0.00013739
-0.00013729
-0.0001372
-0.0001371
-0.00013701
-0.00013691
-0.00013682
-0.00013672
-0.00013663
-0.00013653
-0.00013644
-0.00013634
-0.00013625
-0.00013615
-0.00013605
-0.00013596
-0.00013586
-0.00013577
-0.00013567
-0.00013558
-0.00013548
-0.00013539
-0.00013529
-0.0001352
-0.0001351
-0.00013501
-0.00013491
-0.00013482
-0.00013472
-0.00013462
-0.00013453
-0.00013443
-0.00013434
-0.00013424
-0.00013415
-0.00013405
-0.00013396
-0.00013386
-0.00013377
-0.00013367
-0.00013358
-0.00013348
-0.00013339
-0.00013329
-0.00013319
-0.0001331
-0.000133
-0.00013291
-0.00013281
-0.00013272
-0.00013262
-0.00013253
-0.00013243
-0.00013234
-0.00013224
-0.00013215
-0.00013205
-0.00013196
-0.00013186
-0.00013176
-0.00013167
-0.00013157
-0.00013148
-0.00013138
-0.00013129
-0.00013119
-0.0001311
-0.000131
-0.00013091
-0.00013081
-0.00013072
-0.00013062
-0.00013053
-0.00013043
-0.00013033
-0.00013024
-0.00013014
-0.00013005
-0.00012995
-0.00012986
-0.00012976
-0.00012967
-0.00012957
-0.00012948
-0.00012938
-0.00012929
-0.00012919
-0.0001291
-0.000129
-0.00012891
-0.00012881
-0.00012871
-0.00012862
-0.00012852
-0.00012843
-0.00012833
-0.00012824
-0.00012814
-0.00012805
-0.00012795
-0.00012786
-0.00012776
-0.00012767
-0.00012757
-0.00012748
-0.00012738
-0.00012728
-0.00012719
-0.00012709
-0.000127
-0.0001269
-0.00012681
-0.00012671
-0.00012662
-0.00012652
-0.00012643
-0.00012633
-0.00012624
-0.00012614
-0.00012605
-0.00012595
-0.00012585
-0.00012576
-0.00012566
-0.00012557
-0.00012547
-0.00012538
-0.00012528
-0.00012519
-0.00012509
-0.000125
-0.0001249
-0.00012481
-0.00012471
-0.00012462
-0.00012452
-0.00012442
-0.00012433
-0.00012423
-0.00012414
-0.00012404
-0.00012395
-0.00012385
-0.00012376
-0.00012366
-0.00012357
-0.00012347
-0.00012338
-0.00012328
-0.00012319
-0.00012309
-0.00012299
-0.0001229
-0.0001228
-0.00012271
-0.00012261
-0.00012252
-0.00012242
-0.00012233
-0.00012223
-0.00012214
-0.00012204
-0.00012195
-0.00012185
-0.00012176
-0.00012166
-0.00012156
-0.00012147
-0.00012137
-0.00012128
-0.00012118
-0.00012109
-0.00012099
-0.0001209
-0.0001208
-0.00012071
-0.00012061
-0.00012052
-0.00012042
-0.00012033
-0.00012023
-0.00012013
-0.00012004
-0.00011994
-0.00011985
-0.00011975
-0.00011966
-0.00011956
-0.00011947
-0.00011937
-0.00011928
-0.00011918
-0.00011909
-0.00011899
-0.0001189
-0.0001188
-0.00011871
-0.00011861
-0.00011851
-0.00011842
-0.00011832
-0.00011823
-0.00011813
-0.00011804
-0.00011794
-0.00011785
-0.00011775
-0.00011766
-0.00011756
-0.00011747
-0.00011737
-0.00011728
-0.00011718
-0.00011708
-0.00011699
-0.00011689
-0.0001168
-0.0001167
-0.00011661
-0.00011651
-0.00011642
-0.00011632
-0.00011623
-0.00011613
-0.00011604
-0.00011594
-0.00011585
-0.00011575
-0.00011565
-0.00011556
-0.00011546
-0.00011537
-0.00011527
-0.00011518
-0.00011508
-0.00011499
-0.00011489
-0.0001148
-0.0001147
-0.00011461
-0.00011451
-0.00011442
-0.00011432
-0.00011422
-0.00011413
-0.00011403
-0.00011394
-0.00011384
-0.00011375
-0.00011365
-0.00011356
-0.00011346
-0.00011337
-0.00011327
-0.00011318
-0.00011308
-0.00011299
-0.00011289
-0.00011279
-0.0001127
-0.0001126
-0.00011251
-0.00011241
-0.00011232
-0.00011222
-0.00011213
-0.00011203
-0.00011194
-0.00011184
-0.00011175
-0.00011165
-0.00011156
-0.00011146
-0.00011136
-0.00011127
-0.00011117
-0.00011108
-0.00011098
-0.00011089
-0.00011079
-0.0001107
-0.0001106
-0.00011051
-0.00011041
-0.00011032
-0.00011022
-0.00011013
-0.00011003
-0.00010993
-0.00010984
-0.00010974
-0.00010965
-0.00010955
-0.00010946
-0.00010936
-0.00010927
-0.00010917
-0.00010908
-0.00010898
-0.00010889
-0.00010879
-0.0001087
-0.0001086
-0.00010851
-0.00010841
-0.00010831
-0.00010822
-0.00010812
-0.00010803
-0.00010793
-0.00010784
-0.00010774
-0.00010765
-0.00010755
-0.00010746
-0.00010736
-0.00010727
-0.00010717
-0.00010708
-0.00010698
-0.00010688
-0.00010679
-0.00010669
-0.0001066
-0.0001065
-0.00010641
-0.00010631
-0.00010622
-0.00010612
-0.00010603
-0.00010593
-0.00010584
-0.00010574
-0.00010565
-0.00010555
-0.00010545
-0.00010536
-0.00010526
-0.00010517
-0.00010507
-0.00010498
-0.00010488
-0.00010479
-0.00010469
-0.0001046
-0.0001045
-0.00010441
-0.00010431
-0.00010422
-0.00010412
-0.00010402
-0.00010393
-0.00010383
-0.00010374
-0.00010364
-0.00010355
-0.00010345
-0.00010336
-0.00010326
-0.00010317
-0.00010307
-0.00010298
-0.00010288
-0.00010279
-0.00010269
-0.00010259
-0.0001025
-0.0001024
-0.00010231
-0.00010221
-0.00010212
-0.00010202
-0.00010193
-0.00010183
-0.00010174
-0.00010164
-0.00010155
-0.00010145
-0.00010136
-0.00010126
-0.00010116
-0.00010107
-0.00010097
-0.00010088
-0.00010078
-0.00010069
-0.00010059
-0.0001005
-0.0001004
-0.00010031
-0.00010021
-0.00010012
-0.00010002
-9.9926e-05
-9.983e-05
-9.9735e-05
-9.964e-05
-9.9544e-05
-9.9449e-05
-9.9354e-05
-9.9258e-05
-9.9163e-05
-9.9068e-05
-9.8972e-05
-9.8877e-05
-9.8782e-05
-9.8686e-05
-9.8591e-05
-9.8496e-05
-9.84e-05
-9.8305e-05
-9.821e-05
-9.8114e-05
-9.8019e-05
-9.7924e-05
-9.7828e-05
-9.7733e-05
-9.7638e-05
-9.7542e-05
-9.7447e-05
-9.7352e-05
-9.7256e-05
-9.7161e-05
-9.7066e-05
-9.697e-05
-9.6875e-05
-9.678e-05
-9.6684e-05
-9.6589e-05
-9.6494e-05
-9.6398e-05
-9.6303e-05
-9.6208e-05
-9.6113e-05
-9.6017e-05
-9.5922e-05
-9.5827e-05
-9.5731e-05
-9.5636e-05
-9.5541e-05
-9.5445e-05
-9.535e-05
-9.5255e-05
-9.5159e-05
-9.5064e-05
-9.4969e-05
-9.4873e-05
-9.4778e-05
-9.4683e-05
-9.4587e-05
-9.4492e-05
-9.4397e-05
-9.4301e-05
-9.4206e-05
-9.4111e-05
-9.4015e-05
-9.392e-05
-9.3825e-05
-9.3729e-05
-9.3634e-05
-9.3539e-05
-9.3443e-05
-9.3348e-05
-9.3253e-05
-9.3157e-05
-9.3062e-05
-9.2967e-05
-9.2871e-05
-9.2776e-05
-9.2681e-05
-9.2585e-05
-9.249e-05
-9.2395e-05
-9.2299e-05
-9.2204e-05
-9.2109e-05
-9.2013e-05
-9.1918e-05
-9.1823e-05
-9.1727e-05
-9.1632e-05
-9.1537e-05
-9.1441e-05
-9.1346e-05
-9.1251e-05
-9.1155e-05
-9.106e-05
-9.0965e-05
-9.087e-05
-9.0774e-05
-9.0679e-05
-9.0584e-05
-9.0488e-05
-9.0393e-05
-9.0298e-05
-9.0202e-05
-9.0107e-05
-9.0012e-05
-8.9916e-05
-8.9821e-05
-8.9726e-05
-8.963e-05
-8.9535e-05
-8.944e-05
-8.9344e-05
-8.9249e-05
-8.9154e-05
-8.9058e-05
-8.8963e-05
-8.8868e-05
-8.8772e-05
-8.8677e-05
-8.8582e-05
-8.8486e-05
-8.8391e-05
-8.8296e-05
-8.82e-05
-8.8105e-05
-8.801e-05
-8.7914e-05
-8.7819e-05
-8.7724e-05
-8.7628e-05
-8.7533e-05
-8.7438e-05
-8.7342e-05
-8.7247e-05
-8.7152e-05
-8.7056e-05
-8.6961e-05
-8.6866e-05
-8.677e-05
-8.6675e-05
-8.658e-05
-8.6484e-05
-8.6389e-05
-8.6294e-05
-8.6198e-05
-8.6103e-05
-8.6008e-05
-8.5912e-05
-8.5817e-05
-8.5722e-05
-8.5627e-05
-8.5531e-05
-8.5436e-05
-8.5341e-05
-8.5245e-05
-8.515e-05
-8.5055e-05
-8.4959e-05
-8.4864e-05
-8.4769e-05
-8.4673e-05
-8.4578e-05
-8.4483e-05
-8.4387e-05
-8.4292e-05
-8.4197e-05
-8.4101e-05
-8.4006e-05
-8.3911e-05
-8.3815e-05
-8.372e-05
-8.3625e-05
-8.3529e-05
-8.3434e-05
-8.3339e-05
-8.3243e-05
-8.3148e-05
-8.3053e-05
-8.2957e-05
-8.2862e-05
-8.2767e-05
-8.2671e-05
-8.2576e-05
-8.2481e-05
-8.2385e-05
-8.229e-05
-8.2195e-05
-8.2099e-05
-8.2004e-05
-8.1909e-05
-8.1813e-05
-8.1718e-05
-8.1623e-05
-8.1527e-05
-8.1432e-05
-8.1337e-05
-8.1241e-05
-8.1146e-05
-8.1051e-05
-8.0955e-05
-8.086e-05
-8.0765e-05
-8.0669e-05
-8.0574e-05
-8.0479e-05
-8.0384e-05
-8.0288e-05
-8.0193e-05
-8.0098e-05
-8.0002e-05
-7.9907e-05
-7.9812e-05
-7.9716e-05
-7.9621e-05
-7.9526e-05
-7.943e-05
-7.9335e-05
-7.924e-05
-7.9144e-05
-7.9049e-05
-7.8954e-05
-7.8858e-05
-7.8763e-05
-7.8668e-05
-7.8572e-05
-7.8477e-05
-7.8382e-05
-7.8286e-05
-7.8191e-05
-7.8096e-05
-7.8e-05
-7.7905e-05
-7.781e-05
-7.7714e-05
-7.7619e-05
-7.7524e-05
-7.7428e-05
-7.7333e-05
-7.7238e-05
-7.7142e-05
-7.7047e-05
-7.6952e-05
-7.6856e-05
-7.6761e-05
-7.6666e-05
-7.657e-05
-7.6475e-05
-7.638e-05
-7.6284e-05
-7.6189e-05
-7.6094e-05
-7.5998e-05
-7.5903e-05
-7.5808e-05
-7.5712e-05
-7.5617e-05
-7.5522e-05
-7.5426e-05
-7.5331e-05
-7.5236e-05
-7.5141e-05
-7.5045e-05
-7.495e-05
-7.4855e-05
-7.4759e-05
-7.4664e-05
-7.4569e-05
-7.4473e-05
-7.4378e-05
-7.4283e-05
-7.4187e-05
-7.4092e-05
-7.3997e-05
-7.3901e-05
-7.3806e-05
-7.3711e-05
-7.3615e-05
-7.352e-05
-7.3425e-05
-7.3329e-05
-7.3234e-05
-7.3139e-05
-7.3043e-05
-7.2948e-05
-7.2853e-05
-7.2757e-05
-7.2662e-05
-7.2567e-05
-7.2471e-05
-7.2376e-05
-7.2281e-05
-7.2185e-05
-7.209e-05
-7.1995e-05
-7.1899e-05
-7.1804e-05
-7.1709e-05
-7.1613e-05
-7.1518e-05
-7.1423e-05
-7.1327e-05
-7.1232e-05
-7.1137e-05
-7.1041e-05
-7.0946e-05
-7.0851e-05
-7.0755e-05
-7.066e-05
-7.0565e-05
-7.0469e-05
-7.0374e-05
-7.0279e-05
-7.0183e-05
-7.0088e-05
-6.9993e-05
-6.9898e-05
-6.9802e-05
-6.9707e-05
-6.9612e-05
-6.9516e-05
-6.9421e-05
-6.9326e-05
-6.923e-05
-6.9135e-05
-6.904e-05
-6.8944e-05
-6.8849e-05
-6.8754e-05
-6.8658e-05
-6.8563e-05
-6.8468e-05
-6.8372e-05
-6.8277e-05
-6.8182e-05
-6.8086e-05
-6.7991e-05
-6.7896e-05
-6.78e-05
-6.7705e-05
-6.761e-05
-6.7514e-05
-6.7419e-05
-6.7324e-05
-6.7228e-05
-6.7133e-05
-6.7038e-05
-6.6942e-05
-6.6847e-05
-6.6752e-05
-6.6656e-05
-6.6561e-05
-6.6466e-05
-6.637e-05
-6.6275e-05
-6.618e-05
-6.6084e-05
-6.5989e-05
-6.5894e-05
-6.5798e-05
-6.5703e-05
-6.5608e-05
-6.5512e-05
-6.5417e-05
-6.5322e-05
-6.5226e-05
-6.5131e-05
-6.5036e-05
-6.494e-05
-6.4845e-05
-6.475e-05
-6.4655e-05
-6.4559e-05
-6.4464e-05
-6.4369e-05
-6.4273e-05
-6.4178e-05
-6.4083e-05
-6.3987e-05
-6.3892e-05
-6.3797e-05
-6.3701e-05
-6.3606e-05
-6.3511e-05
-6.3415e-05
-6.332e-05
-6.3225e-05
-6.3129e-05
-6.3034e-05
-6.2939e-05
-6.2843e-05
-6.2748e-05
-6.2653e-05
-6.2557e-05
-6.2462e-05
-6.2367e-05
-6.2271e-05
-6.2176e-05
-6.2081e-05
-6.1985e-05
-6.189e-05
-6.1795e-05
-6.1699e-05
-6.1604e-05
-6.1509e-05
-6.1413e-05
-6.1318e-05
-6.1223e-05
-6.1127e-05
-6.1032e-05
-6.0937e-05
-6.0841e-05
-6.0746e-05
-6.0651e-05
-6.0555e-05
-6.046e-05
-6.0365e-05
-6.0269e-05
-6.0174e-05
-6.0079e-05
-5.9983e-05
-5.9888e-05
-5.9793e-05
-5.9697e-05
-5.9602e-05
-5.9507e-05
-5.9412e-05
-5.9316e-05
-5.9221e-05
-5.9126e-05
-5.903e-05
-5.8935e-05
-5.884e-05
-5.8744e-05
-5.8649e-05
-5.8554e-05
-5.8458e-05
-5.8363e-05
-5.8268e-05
-5.8172e-05
-5.8077e-05
-5.7982e-05
-5.7886e-05
-5.7791e-05
-5.7696e-05
-5.76e-05
-5.7505e-05
-5.741e-05
-5.7314e-05
-5.7219e-05
-5.7124e-05
-5.7028e-05
-5.6933e-05
-5.6838e-05
-5.6742e-05
-5.6647e-05
-5.6552e-05
-5.6456e-05
-5.6361e-05
-5.6266e-05
-5.617e-05
-5.6075e-05
-5.598e-05
-5.5884e-05
-5.5789e-05
-5.5694e-05
-5.5598e-05
-5.5503e-05
-5.5408e-05
-5.5312e-05
-5.5217e-05
-5.5122e-05
-5.5026e-05
-5.4931e-05
-5.4836e-05
-5.474e-05
-5.4645e-05
-5.455e-05
-5.4454e-05
-5.4359e-05
-5.4264e-05
-5.4169e-05
-5.4073e-05
-5.3978e-05
-5.3883e-05
-5.3787e-05
-5.3692e-05
-5.3597e-05
-5.3501e-05
-5.3406e-05
-5.3311e-05
-5.3215e-05
-5.312e-05
-5.3025e-05
-5.2929e-05
-5.2834e-05
-5.2739e-05
-5.2643e-05
-5.2548e-05
-5.2453e-05
-5.2357e-05
-5.2262e-05
-5.2167e-05
-5.2071e-05
-5.1976e-05
-5.1881e-05
-5.1785e-05
-5.169e-05
-5.1595e-05
-5.1499e-05
-5.1404e-05
-5.1309e-05
-5.1213e-05
-5.1118e-05
-5.1023e-05
-5.0927e-05
-5.0832e-05
-5.0737e-05
-5.0641e-05
-5.0546e-05
-5.0451e-05
-5.0355e-05
-5.026e-05
-5.0165e-05
-5.0069e-05
-4.9974e-05
-4.9879e-05
-4.9783e-05
-4.9688e-05
-4.9593e-05
-4.9497e-05
-4.9402e-05
-4.9307e-05
-4.9212e-05
-4.9116e-05
-4.9021e-05
-4.8926e-05
-4.883e-05
-4.8735e-05
-4.864e-05
-4.8544e-05
-4.8449e-05
-4.8354e-05
-4.8258e-05
-4.8163e-05
-4.8068e-05
-4.7972e-05
-4.7877e-05
-4.7782e-05
-4.7686e-05
-4.7591e-05
-4.7496e-05
-4.74e-05
-4.7305e-05
-4.721e-05
-4.7114e-05
-4.7019e-05
-4.6924e-05
-4.6828e-05
-4.6733e-05
-4.6638e-05
-4.6542e-05
-4.6447e-05
-4.6352e-05
-4.6256e-05
-4.6161e-05
-4.6066e-05
-4.597e-05
-4.5875e-05
-4.578e-05
-4.5684e-05
-4.5589e-05
-4.5494e-05
-4.5398e-05
-4.5303e-05
-4.5208e-05
-4.5112e-05
-4.5017e-05
-4.4922e-05
-4.4826e-05
-4.4731e-05
-4.4636e-05
-4.454e-05
-4.4445e-05
-4.435e-05
-4.4254e-05
-4.4159e-05
-4.4064e-05
-4.3969e-05
-4.3873e-05
-4.3778e-05
-4.3683e-05
-4.3587e-05
-4.3492e-05
-4.3397e-05
-4.3301e-05
-4.3206e-05
-4.3111e-05
-4.3015e-05
-4.292e-05
-4.2825e-05
-4.2729e-05
-4.2634e-05
-4.2539e-05
-4.2443e-05
-4.2348e-05
-4.2253e-05
-4.2157e-05
-4.2062e-05
-4.1967e-05
-4.1871e-05
-4.1776e-05
-4.1681e-05
-4.1585e-05
-4.149e-05
-4.1395e-05
-4.1299e-05
-4.1204e-05
-4.1109e-05
-4.1013e-05
-4.0918e-05
-4.0823e-05
-4.0727e-05
-4.0632e-05
-4.0537e-05
-4.0441e-05
-4.0346e-05
-4.0251e-05
-4.0155e-05
-4.006e-05
-3.9965e-05
-3.9869e-05
-3.9774e-05
-3.9679e-05
-3.9583e-05
-3.9488e-05
-3.9393e-05
-3.9297e-05
-3.9202e-05
-3.9107e-05
-3.9011e-05
-3.8916e-05
-3.8821e-05
-3.8726e-05
-3.863e-05
-3.8535e-05
-3.844e-05
-3.8344e-05
-3.8249e-05
-3.8154e-05
-3.8058e-05
-3.7963e-05
-3.7868e-05
-3.7772e-05
-3.7677e-05
-3.7582e-05
-3.7486e-05
-3.7391e-05
-3.7296e-05
-3.72e-05
-3.7105e-05
-3.701e-05
-3.6914e-05
-3.6819e-05
-3.6724e-05
-3.6628e-05
-3.6533e-05
-3.6438e-05
-3.6342e-05
-3.6247e-05
-3.6152e-05
-3.6056e-05
-3.5961e-05
-3.5866e-05
-3.577e-05
-3.5675e-05
-3.558e-05
-3.5484e-05
-3.5389e-05
-3.5294e-05
-3.5198e-05
-3.5103e-05
-3.5008e-05
-3.4912e-05
-3.4817e-05
-3.4722e-05
-3.4626e-05
-3.4531e-05
-3.4436e-05
-3.434e-05
-3.4245e-05
-3.415e-05
-3.4054e-05
-3.3959e-05
-3.3864e-05
-3.3768e-05
-3.3673e-05
-3.3578e-05
-3.3483e-05
-3.3387e-05
-3.3292e-05
-3.3197e-05
-3.3101e-05
-3.3006e-05
-3.2911e-05
-3.2815e-05
-3.272e-05
-3.2625e-05
-3.2529e-05
-3.2434e-05
-3.2339e-05
-3.2243e-05
-3.2148e-05
-3.2053e-05
-3.1957e-05
-3.1862e-05
-3.1767e-05
-3.1671e-05
-3.1576e-05
-3.1481e-05
-3.1385e-05
-3.129e-05
-3.1195e-05
-3.1099e-05
-3.1004e-05
-3.0909e-05
-3.0813e-05
-3.0718e-05
-3.0623e-05
-3.0527e-05
-3.0432e-05
-3.0337e-05
-3.0241e-05
-3.0146e-05
-3.0051e-05
-2.9955e-05
-2.986e-05
-2.9765e-05
-2.9669e-05
-2.9574e-05
-2.9479e-05
-2.9383e-05
-2.9288e-05
-2.9193e-05
-2.9097e-05
-2.9002e-05
-2.8907e-05
-2.8811e-05
-2.8716e-05
-2.8621e-05
-2.8525e-05
-2.843e-05
-2.8335e-05
-2.824e-05
-2.8144e-05
-2.8049e-05
-2.7954e-05
-2.7858e-05
-2.7763e-05
-2.7668e-05
-2.7572e-05
-2.7477e-05
-2.7382e-05
-2.7286e-05
-2.7191e-05
-2.7096e-05
-2.7e-05
-2.6905e-05
-2.681e-05
-2.6714e-05
-2.6619e-05
-2.6524e-05
-2.6428e-05
-2.6333e-05
-2.6238e-05
-2.6142e-05
-2.6047e-05
-2.5952e-05
-2.5856e-05
-2.5761e-05
-2.5666e-05
-2.557e-05
-2.5475e-05
-2.538e-05
-2.5284e-05
-2.5189e-05
-2.5094e-05
-2.4998e-05
-2.4903e-05
-2.4808e-05
-2.4712e-05
-2.4617e-05
-2.4522e-05
-2.4426e-05
-2.4331e-05
-2.4236e-05
-2.414e-05
-2.4045e-05
-2.395e-05
-2.3854e-05
-2.3759e-05
-2.3664e-05
-2.3568e-05
-2.3473e-05
-2.3378e-05
-2.3282e-05
-2.3187e-05
-2.3092e-05
-2.2997e-05
-2.2901e-05
-2.2806e-05
-2.2711e-05
-2.2615e-05
-2.252e-05
-2.2425e-05
-2.2329e-05
-2.2234e-05
-2.2139e-05
-2.2043e-05
-2.1948e-05
-2.1853e-05
-2.1757e-05
-2.1662e-05
-2.1567e-05
-2.1471e-05
-2.1376e-05
-2.1281e-05
-2.1185e-05
-2.109e-05
-2.0995e-05
-2.0899e-05
-2.0804e-05
-2.0709e-05
-2.0613e-05
-2.0518e-05
-2.0423e-05
-2.0327e-05
-2.0232e-05
-2.0137e-05
-2.0041e-05
-1.9946e-05
-1.9851e-05
-1.9755e-05
-1.966e-05
-1.9565e-05
-1.9469e-05
-1.9374e-05
-1.9279e-05
-1.9183e-05
-1.9088e-05
-1.8993e-05
-1.8897e-05
-1.8802e-05
-1.8707e-05
-1.8611e-05
-1.8516e-05
-1.8421e-05
-1.8325e-05
-1.823e-05
-1.8135e-05
-1.8039e-05
-1.7944e-05
-1.7849e-05
-1.7754e-05
-1.7658e-05
-1.7563e-05
-1.7468e-05
-1.7372e-05
-1.7277e-05
-1.7182e-05
-1.7086e-05
-1.6991e-05
-1.6896e-05
-1.68e-05
-1.6705e-05
-1.661e-05
-1.6514e-05
-1.6419e-05
-1.6324e-05
-1.6228e-05
-1.6133e-05
-1.6038e-05
-1.5942e-05
-1.5847e-05
-1.5752e-05
-1.5656e-05
-1.5561e-05
-1.5466e-05
-1.537e-05
-1.5275e-05
-1.518e-05
-1.5084e-05
-1.4989e-05
-1.4894e-05
-1.4798e-05
-1.4703e-05
-1.4608e-05
-1.4512e-05
-1.4417e-05
-1.4322e-05
-1.4226e-05
-1.4131e-05
-1.4036e-05
-1.394e-05
-1.3845e-05
-1.375e-05
-1.3654e-05
-1.3559e-05
-1.3464e-05
-1.3368e-05
-1.3273e-05
-1.3178e-05
-1.3082e-05
-1.2987e-05
-1.2892e-05
-1.2796e-05
-1.2701e-05
-1.2606e-05
-1.2511e-05
-1.2415e-05
-1.232e-05
-1.2225e-05
-1.2129e-05
-1.2034e-05
-1.1939e-05
-1.1843e-05
-1.1748e-05
-1.1653e-05
-1.1557e-05
-1.1462e-05
-1.1367e-05
-1.1271e-05
-1.1176e-05
-1.1081e-05
-1.0985e-05
-1.089e-05
-1.0795e-05
-1.0699e-05
-1.0604e-05
-1.0509e-05
-1.0413e-05
-1.0318e-05
-1.0223e-05
-1.0127e-05
-1.0032e-05
-9.9367e-06
-9.8414e-06
-9.746e-06
-9.6507e-06
-9.5554e-06
-9.46e-06
-9.3647e-06
-9.2694e-06
-9.1741e-06
-9.0787e-06
-8.9834e-06
-8.8881e-06
-8.7928e-06
-8.6974e-06
-8.6021e-06
-8.5068e-06
-8.4114e-06
-8.3161e-06
-8.2208e-06
-8.1255e-06
-8.0301e-06
-7.9348e-06
-7.8395e-06
-7.7442e-06
-7.6488e-06
-7.5535e-06
-7.4582e-06
-7.3628e-06
-7.2675e-06
-7.1722e-06
-7.0769e-06
-6.9815e-06
-6.8862e-06
-6.7909e-06
-6.6956e-06
-6.6002e-06
-6.5049e-06
-6.4096e-06
-6.3142e-06
-6.2189e-06
-6.1236e-06
-6.0283e-06
-5.9329e-06
-5.8376e-06
-5.7423e-06
-5.647e-06
-5.5516e-06
-5.4563e-06
-5.361e-06
-5.2656e-06
-5.1703e-06
-5.075e-06
-4.9797e-06
-4.8843e-06
-4.789e-06
-4.6937e-06
-4.5984e-06
-4.503e-06
-4.4077e-06
-4.3124e-06
-4.217e-06
-4.1217e-06
-4.0264e-06
-3.9311e-06
-3.8357e-06
-3.7404e-06
-3.6451e-06
-3.5498e-06
-3.4544e-06
-3.3591e-06
-3.2638e-06
-3.1684e-06
-3.0731e-06
-2.9778e-06
-2.8825e-06
-2.7871e-06
-2.6918e-06
-2.5965e-06
-2.5012e-06
-2.4058e-06
-2.3105e-06
-2.2152e-06
-2.1198e-06
-2.0245e-06
-1.9292e-06
-1.8339e-06
-1.7385e-06
-1.6432e-06
-1.5479e-06
-1.4526e-06
-1.3572e-06
-1.2619e-06
-1.1666e-06
-1.0712e-06
-9.7592e-07
-8.8059e-07
-7.8526e-07
-6.8994e-07
-5.9461e-07
-4.9928e-07
-4.0395e-07
-3.0863e-07
-2.133e-07
-1.1797e-07
-2.2645e-08
7.2682e-08
1.6801e-07
2.6334e-07
3.5866e-07
4.5399e-07
5.4932e-07
6.4465e-07
7.3997e-07
8.353e-07
9.3063e-07
1.026e-06
1.1213e-06
1.2166e-06
1.3119e-06
1.4073e-06
1.5026e-06
1.5979e-06
1.6932e-06
1.7886e-06
1.8839e-06
1.9792e-06
2.0746e-06
2.1699e-06
2.2652e-06
2.3605e-06
2.4559e-06
2.5512e-06
2.6465e-06
2.7418e-06
2.8372e-06
2.9325e-06
3.0278e-06
3.1232e-06
3.2185e-06
3.3138e-06
3.4091e-06
3.5045e-06
3.5998e-06
3.6951e-06
3.7904e-06
3.8858e-06
3.9811e-06
4.0764e-06
4.1718e-06
4.2671e-06
4.3624e-06
4.4577e-06
4.5531e-06
4.6484e-06
4.7437e-06
4.839e-06
4.9344e-06
5.0297e-06
5.125e-06
5.2204e-06
5.3157e-06
5.411e-06
5.5063e-06
5.6017e-06
5.697e-06
5.7923e-06
5.8876e-06
5.983e-06
6.0783e-06
6.1736e-06
6.269e-06
6.3643e-06
6.4596e-06
6.5549e-06
6.6503e-06
6.7456e-06
6.8409e-06
6.9362e-06
7.0316e-06
7.1269e-06
7.2222e-06
7.3176e-06
7.4129e-06
7.5082e-06
7.6035e-06
7.6989e-06
7.7942e-06
7.8895e-06
7.9848e-06
8.0802e-06
8.1755e-06
8.2708e-06
8.3662e-06
8.4615e-06
8.5568e-06
8.6521e-06
8.7475e-06
8.8428e-06
8.9381e-06
9.0334e-06
9.1288e-06
9.2241e-06
9.3194e-06
9.4148e-06
9.5101e-06
9.6054e-06
9.7007e-06
9.7961e-06
9.8914e-06
9.9867e-06
1.0082e-05
1.0177e-05
1.0273e-05
1.0368e-05
1.0463e-05
1.0559e-05
1.0654e-05
1.0749e-05
1.0845e-05
1.094e-05
1.1035e-05
1.1131e-05
1.1226e-05
1.1321e-05
1.1417e-05
1.1512e-05
1.1607e-05
1.1703e-05
1.1798e-05
1.1893e-05
1.1989e-05
1.2084e-05
1.2179e-05
1.2275e-05
1.237e-05
1.2465e-05
1.2561e-05
1.2656e-05
1.2751e-05
1.2847e-05
1.2942e-05
1.3037e-05
1.3133e-05
1.3228e-05
1.3323e-05
1.3418e-05
1.3514e-05
1.3609e-05
1.3704e-05
1.38e-05
1.3895e-05
1.399e-05
1.4086e-05
1.4181e-05
1.4276e-05
1.4372e-05
1.4467e-05
1.4562e-05
1.4658e-05
1.4753e-05
1.4848e-05
1.4944e-05
1.5039e-05
1.5134e-05
1.523e-05
1.5325e-05
1.542e-05
1.5516e-05
1.5611e-05
1.5706e-05
1.5802e-05
1.5897e-05
1.5992e-05
1.6088e-05
1.6183e-05
1.6278e-05
1.6374e-05
1.6469e-05
1.6564e-05
1.666e-05
1.6755e-05
1.685e-05
1.6946e-05
1.7041e-05
1.7136e-05
1.7232e-05
1.7327e-05
1.7422e-05
1.7518e-05
1.7613e-05
1.7708e-05
1.7804e-05
1.7899e-05
1.7994e-05
1.809e-05
1.8185e-05
1.828e-05
1.8376e-05
1.8471e-05
1.8566e-05
1.8661e-05
1.8757e-05
1.8852e-05
1.8947e-05
1.9043e-05
1.9138e-05
1.9233e-05
1.9329e-05
1.9424e-05
1.9519e-05
1.9615e-05
1.971e-05
1.9805e-05
1.9901e-05
1.9996e-05
2.0091e-05
2.0187e-05
2.0282e-05
2.0377e-05
2.0473e-05
2.0568e-05
2.0663e-05
2.0759e-05
2.0854e-05
2.0949e-05
2.1045e-05
2.114e-05
2.1235e-05
2.1331e-05
2.1426e-05
2.1521e-05
2.1617e-05
2.1712e-05
2.1807e-05
2.1903e-05
2.1998e-05
2.2093e-05
2.2189e-05
2.2284e-05
2.2379e-05
2.2475e-05
2.257e-05
2.2665e-05
2.2761e-05
2.2856e-05
2.2951e-05
2.3047e-05
2.3142e-05
2.3237e-05
2.3333e-05
2.3428e-05
2.3523e-05
2.3619e-05
2.3714e-05
2.3809e-05
2.3904e-05
2.4e-05
2.4095e-05
2.419e-05
2.4286e-05
2.4381e-05
2.4476e-05
2.4572e-05
2.4667e-05
2.4762e-05
2.4858e-05
2.4953e-05
2.5048e-05
2.5144e-05
2.5239e-05
2.5334e-05
2.543e-05
2.5525e-05
2.562e-05
2.5716e-05
2.5811e-05
2.5906e-05
2.6002e-05
2.6097e-05
2.6192e-05
2.6288e-05
2.6383e-05
2.6478e-05
2.6574e-05
2.6669e-05
2.6764e-05
2.686e-05
2.6955e-05
2.705e-05
2.7146e-05
2.7241e-05
2.7336e-05
2.7432e-05
2.7527e-05
2.7622e-05
2.7718e-05
2.7813e-05
2.7908e-05
2.8004e-05
2.8099e-05
2.8194e-05
2.829e-05
2.8385e-05
2.848e-05
2.8576e-05
2.8671e-05
2.8766e-05
2.8862e-05
2.8957e-05
2.9052e-05
2.9147e-05
2.9243e-05
2.9338e-05
2.9433e-05
2.9529e-05
2.9624e-05
2.9719e-05
2.9815e-05
2.991e-05
3.0005e-05
3.0101e-05
3.0196e-05
3.0291e-05
3.0387e-05
3.0482e-05
3.0577e-05
3.0673e-05
3.0768e-05
3.0863e-05
3.0959e-05
3.1054e-05
3.1149e-05
3.1245e-05
3.134e-05
3.1435e-05
3.1531e-05
3.1626e-05
3.1721e-05
3.1817e-05
3.1912e-05
3.2007e-05
3.2103e-05
3.2198e-05
3.2293e-05
3.2389e-05
3.2484e-05
3.2579e-05
3.2675e-05
3.277e-05
3.2865e-05
3.2961e-05
3.3056e-05
3.3151e-05
3.3247e-05
3.3342e-05
3.3437e-05
3.3533e-05
3.3628e-05
3.3723e-05
3.3819e-05
3.3914e-05
3.4009e-05
3.4105e-05
3.42e-05
3.4295e-05
3.439e-05
3.4486e-05
3.4581e-05
3.4676e-05
3.4772e-05
3.4867e-05
3.4962e-05
3.5058e-05
3.5153e-05
3.5248e-05
3.5344e-05
3.5439e-05
3.5534e-05
3.563e-05
3.5725e-05
3.582e-05
3.5916e-05
3.6011e-05
3.6106e-05
3.6202e-05
3.6297e-05
3.6392e-05
3.6488e-05
3.6583e-05
3.6678e-05
3.6774e-05
3.6869e-05
3.6964e-05
3.706e-05
3.7155e-05
3.725e-05
3.7346e-05
3.7441e-05
3.7536e-05
3.7632e-05
3.7727e-05
3.7822e-05
3.7918e-05
3.8013e-05
3.8108e-05
3.8204e-05
3.8299e-05
3.8394e-05
3.849e-05
3.8585e-05
3.868e-05
3.8776e-05
3.8871e-05
3.8966e-05
3.9062e-05
3.9157e-05
3.9252e-05
3.9348e-05
3.9443e-05
3.9538e-05
3.9633e-05
3.9729e-05
3.9824e-05
3.9919e-05
4.0015e-05
4.011e-05
4.0205e-05
4.0301e-05
4.0396e-05
4.0491e-05
4.0587e-05
4.0682e-05
4.0777e-05
4.0873e-05
4.0968e-05
4.1063e-05
4.1159e-05
4.1254e-05
4.1349e-05
4.1445e-05
4.154e-05
4.1635e-05
4.1731e-05
4.1826e-05
4.1921e-05
4.2017e-05
4.2112e-05
4.2207e-05
4.2303e-05
4.2398e-05
4.2493e-05
4.2589e-05
4.2684e-05
4.2779e-05
4.2875e-05
4.297e-05
4.3065e-05
4.3161e-05
4.3256e-05
4.3351e-05
4.3447e-05
4.3542e-05
4.3637e-05
4.3733e-05
4.3828e-05
4.3923e-05
4.4019e-05
4.4114e-05
4.4209e-05
4.4305e-05
4.44e-05
4.4495e-05
4.4591e-05
4.4686e-05
4.4781e-05
4.4876e-05
4.4972e-05
4.5067e-05
4.5162e-05
4.5258e-05
4.5353e-05
4.5448e-05
4.5544e-05
4.5639e-05
4.5734e-05
4.583e-05
4.5925e-05
4.602e-05
4.6116e-05
4.6211e-05
4.6306e-05
4.6402e-05
4.6497e-05
4.6592e-05
4.6688e-05
4.6783e-05
4.6878e-05
4.6974e-05
4.7069e-05
4.7164e-05
4.726e-05
4.7355e-05
4.745e-05
4.7546e-05
4.7641e-05
4.7736e-05
4.7832e-05
4.7927e-05
4.8022e-05
4.8118e-05
4.8213e-05
4.8308e-05
4.8404e-05
4.8499e-05
4.8594e-05
4.869e-05
4.8785e-05
4.888e-05
4.8976e-05
4.9071e-05
4.9166e-05
4.9262e-05
4.9357e-05
4.9452e-05
4.9548e-05
4.9643e-05
4.9738e-05
4.9834e-05
4.9929e-05
5.0024e-05
5.0119e-05
5.0215e-05
5.031e-05
5.0405e-05
5.0501e-05
5.0596e-05
5.0691e-05
5.0787e-05
5.0882e-05
5.0977e-05
5.1073e-05
5.1168e-05
5.1263e-05
5.1359e-05
5.1454e-05
5.1549e-05
5.1645e-05
5.174e-05
5.1835e-05
5.1931e-05
5.2026e-05
5.2121e-05
5.2217e-05
5.2312e-05
5.2407e-05
5.2503e-05
5.2598e-05
5.2693e-05
5.2789e-05
5.2884e-05
5.2979e-05
5.3075e-05
5.317e-05
5.3265e-05
5.3361e-05
5.3456e-05
5.3551e-05
5.3647e-05
5.3742e-05
5.3837e-05
5.3933e-05
5.4028e-05
5.4123e-05
5.4219e-05
5.4314e-05
5.4409e-05
5.4505e-05
5.46e-05
5.4695e-05
5.4791e-05
5.4886e-05
5.4981e-05
5.5077e-05
5.5172e-05
5.5267e-05
5.5362e-05
5.5458e-05
5.5553e-05
5.5648e-05
5.5744e-05
5.5839e-05
5.5934e-05
5.603e-05
5.6125e-05
5.622e-05
5.6316e-05
5.6411e-05
5.6506e-05
5.6602e-05
5.6697e-05
5.6792e-05
5.6888e-05
5.6983e-05
5.7078e-05
5.7174e-05
5.7269e-05
5.7364e-05
5.746e-05
5.7555e-05
5.765e-05
5.7746e-05
5.7841e-05
5.7936e-05
5.8032e-05
5.8127e-05
5.8222e-05
5.8318e-05
5.8413e-05
5.8508e-05
5.8604e-05
5.8699e-05
5.8794e-05
5.889e-05
5.8985e-05
5.908e-05
5.9176e-05
5.9271e-05
5.9366e-05
5.9462e-05
5.9557e-05
5.9652e-05
5.9748e-05
5.9843e-05
5.9938e-05
6.0034e-05
6.0129e-05
6.0224e-05
6.0319e-05
6.0415e-05
6.051e-05
6.0605e-05
6.0701e-05
6.0796e-05
6.0891e-05
6.0987e-05
6.1082e-05
6.1177e-05
6.1273e-05
6.1368e-05
6.1463e-05
6.1559e-05
6.1654e-05
6.1749e-05
6.1845e-05
6.194e-05
6.2035e-05
6.2131e-05
6.2226e-05
6.2321e-05
6.2417e-05
6.2512e-05
6.2607e-05
6.2703e-05
6.2798e-05
6.2893e-05
6.2989e-05
6.3084e-05
6.3179e-05
6.3275e-05
6.337e-05
6.3465e-05
6.3561e-05
6.3656e-05
6.3751e-05
6.3847e-05
6.3942e-05
6.4037e-05
6.4133e-05
6.4228e-05
6.4323e-05
6.4419e-05
6.4514e-05
6.4609e-05
6.4705e-05
6.48e-05
6.4895e-05
6.4991e-05
6.5086e-05
6.5181e-05
6.5277e-05
6.5372e-05
6.5467e-05
6.5562e-05
6.5658e-05
6.5753e-05
6.5848e-05
6.5944e-05
6.6039e-05
6.6134e-05
6.623e-05
6.6325e-05
6.642e-05
6.6516e-05
6.6611e-05
6.6706e-05
6.6802e-05
6.6897e-05
6.6992e-05
6.7088e-05
6.7183e-05
6.7278e-05
6.7374e-05
6.7469e-05
6.7564e-05
6.766e-05
6.7755e-05
6.785e-05
6.7946e-05
6.8041e-05
6.8136e-05
6.8232e-05
6.8327e-05
6.8422e-05
6.8518e-05
6.8613e-05
6.8708e-05
6.8804e-05
6.8899e-05
6.8994e-05
6.909e-05
6.9185e-05
6.928e-05
6.9376e-05
6.9471e-05
6.9566e-05
6.9662e-05
6.9757e-05
6.9852e-05
6.9948e-05
7.0043e-05
7.0138e-05
7.0234e-05
7.0329e-05
7.0424e-05
7.052e-05
7.0615e-05
7.071e-05
7.0805e-05
7.0901e-05
7.0996e-05
7.1091e-05
7.1187e-05
7.1282e-05
7.1377e-05
7.1473e-05
7.1568e-05
7.1663e-05
7.1759e-05
7.1854e-05
7.1949e-05
7.2045e-05
7.214e-05
7.2235e-05
7.2331e-05
7.2426e-05
7.2521e-05
7.2617e-05
7.2712e-05
7.2807e-05
7.2903e-05
7.2998e-05
7.3093e-05
7.3189e-05
7.3284e-05
7.3379e-05
7.3475e-05
7.357e-05
7.3665e-05
7.3761e-05
7.3856e-05
7.3951e-05
7.4047e-05
7.4142e-05
7.4237e-05
7.4333e-05
7.4428e-05
7.4523e-05
7.4619e-05
7.4714e-05
7.4809e-05
7.4905e-05
7.5e-05
7.5095e-05
7.5191e-05
7.5286e-05
7.5381e-05
7.5477e-05
7.5572e-05
7.5667e-05
7.5763e-05
7.5858e-05
7.5953e-05
7.6048e-05
7.6144e-05
7.6239e-05
7.6334e-05
7.643e-05
7.6525e-05
7.662e-05
7.6716e-05
7.6811e-05
7.6906e-05
7.7002e-05
7.7097e-05
7.7192e-05
7.7288e-05
7.7383e-05
7.7478e-05
7.7574e-05
7.7669e-05
7.7764e-05
7.786e-05
7.7955e-05
7.805e-05
7.8146e-05
7.8241e-05
7.8336e-05
7.8432e-05
7.8527e-05
7.8622e-05
7.8718e-05
7.8813e-05
7.8908e-05
7.9004e-05
7.9099e-05
7.9194e-05
7.929e-05
7.9385e-05
7.948e-05
7.9576e-05
7.9671e-05
7.9766e-05
7.9862e-05
7.9957e-05
8.0052e-05
8.0148e-05
8.0243e-05
8.0338e-05
8.0434e-05
8.0529e-05
8.0624e-05
8.072e-05
8.0815e-05
8.091e-05
8.1006e-05
8.1101e-05
8.1196e-05
8.1291e-05
8.1387e-05
8.1482e-05
8.1577e-05
8.1673e-05
8.1768e-05
8.1863e-05
8.1959e-05
8.2054e-05
8.2149e-05
8.2245e-05
8.234e-05
8.2435e-05
8.2531e-05
8.2626e-05
8.2721e-05
8.2817e-05
8.2912e-05
8.3007e-05
8.3103e-05
8.3198e-05
8.3293e-05
8.3389e-05
8.3484e-05
8.3579e-05
8.3675e-05
8.377e-05
8.3865e-05
8.3961e-05
8.4056e-05
8.4151e-05
8.4247e-05
8.4342e-05
8.4437e-05
8.4533e-05
8.4628e-05
8.4723e-05
8.4819e-05
8.4914e-05
8.5009e-05
8.5105e-05
8.52e-05
8.5295e-05
8.5391e-05
8.5486e-05
8.5581e-05
8.5677e-05
8.5772e-05
8.5867e-05
8.5963e-05
8.6058e-05
8.6153e-05
8.6249e-05
8.6344e-05
8.6439e-05
8.6534e-05
8.663e-05
8.6725e-05
8.682e-05
8.6916e-05
8.7011e-05
8.7106e-05
8.7202e-05
8.7297e-05
8.7392e-05
8.7488e-05
8.7583e-05
8.7678e-05
8.7774e-05
8.7869e-05
8.7964e-05
8.806e-05
8.8155e-05
8.825e-05
8.8346e-05
8.8441e-05
8.8536e-05
8.8632e-05
8.8727e-05
8.8822e-05
8.8918e-05
8.9013e-05
8.9108e-05
8.9204e-05
8.9299e-05
8.9394e-05
8.949e-05
8.9585e-05
8.968e-05
8.9776e-05
8.9871e-05
8.9966e-05
9.0062e-05
9.0157e-05
9.0252e-05
9.0348e-05
9.0443e-05
9.0538e-05
9.0634e-05
9.0729e-05
9.0824e-05
9.092e-05
9.1015e-05
9.111e-05
9.1206e-05
9.1301e-05
9.1396e-05
9.1492e-05
9.1587e-05
9.1682e-05
9.1777e-05
9.1873e-05
9.1968e-05
9.2063e-05
9.2159e-05
9.2254e-05
9.2349e-05
9.2445e-05
9.254e-05
9.2635e-05
9.2731e-05
9.2826e-05
9.2921e-05
9.3017e-05
9.3112e-05
9.3207e-05
9.3303e-05
9.3398e-05
9.3493e-05
9.3589e-05
9.3684e-05
9.3779e-05
9.3875e-05
9.397e-05
9.4065e-05
9.4161e-05
9.4256e-05
9.4351e-05
9.4447e-05
9.4542e-05
9.4637e-05
9.4733e-05
9.4828e-05
9.4923e-05
9.5019e-05
9.5114e-05
9.5209e-05
9.5305e-05
9.54e-05
9.5495e-05
9.5591e-05
9.5686e-05
9.5781e-05
9.5877e-05
9.5972e-05
9.6067e-05
9.6163e-05
9.6258e-05
9.6353e-05
9.6449e-05
9.6544e-05
9.6639e-05
9.6735e-05
9.683e-05
9.6925e-05
9.702e-05
9.7116e-05
9.7211e-05
9.7306e-05
9.7402e-05
9.7497e-05
9.7592e-05
9.7688e-05
9.7783e-05
9.7878e-05
9.7974e-05
9.8069e-05
9.8164e-05
9.826e-05
9.8355e-05
9.845e-05
9.8546e-05
9.8641e-05
9.8736e-05
9.8832e-05
9.8927e-05
9.9022e-05
9.9118e-05
9.9213e-05
9.9308e-05
9.9404e-05
9.9499e-05
9.9594e-05
9.969e-05
9.9785e-05
9.988e-05
9.9976e-05
0.00010007
0.00010017
0.00010026
0.00010036
0.00010045
0.00010055
0.00010064
0.00010074
0.00010083
0.00010093
0.00010102
0.00010112
0.00010121
0.00010131
0.00010141
0.0001015
0.0001016
0.00010169
0.00010179
0.00010188
0.00010198
0.00010207
0.00010217
0.00010226
0.00010236
0.00010245
0.00010255
0.00010264
0.00010274
0.00010284
0.00010293
0.00010303
0.00010312
0.00010322
0.00010331
0.00010341
0.0001035
0.0001036
0.00010369
0.00010379
0.00010388
0.00010398
0.00010407
0.00010417
0.00010427
0.00010436
0.00010446
0.00010455
0.00010465
0.00010474
0.00010484
0.00010493
0.00010503
0.00010512
0.00010522
0.00010531
0.00010541
0.0001055
0.0001056
0.0001057
0.00010579
0.00010589
0.00010598
0.00010608
0.00010617
0.00010627
0.00010636
0.00010646
0.00010655
0.00010665
0.00010674
0.00010684
0.00010693
0.00010703
0.00010713
0.00010722
0.00010732
0.00010741
0.00010751
0.0001076
0.0001077
0.00010779
0.00010789
0.00010798
0.00010808
0.00010817
0.00010827
0.00010836
0.00010846
0.00010856
0.00010865
0.00010875
0.00010884
0.00010894
0.00010903
0.00010913
0.00010922
0.00010932
0.00010941
0.00010951
0.0001096
0.0001097
0.00010979
0.00010989
0.00010998
0.00011008
0.00011018
0.00011027
0.00011037
0.00011046
0.00011056
0.00011065
0.00011075
0.00011084
0.00011094
0.00011103
0.00011113
0.00011122
0.00011132
0.00011141
0.00011151
0.00011161
0.0001117
0.0001118
0.00011189
0.00011199
0.00011208
0.00011218
0.00011227
0.00011237
0.00011246
0.00011256
0.00011265
0.00011275
0.00011284
0.00011294
0.00011304
0.00011313
0.00011323
0.00011332
0.00011342
0.00011351
0.00011361
0.0001137
0.0001138
0.00011389
0.00011399
0.00011408
0.00011418
0.00011427
0.00011437
0.00011447
0.00011456
0.00011466
0.00011475
0.00011485
0.00011494
0.00011504
0.00011513
0.00011523
0.00011532
0.00011542
0.00011551
0.00011561
0.0001157
0.0001158
0.0001159
0.00011599
0.00011609
0.00011618
0.00011628
0.00011637
0.00011647
0.00011656
0.00011666
0.00011675
0.00011685
0.00011694
0.00011704
0.00011713
0.00011723
0.00011733
0.00011742
0.00011752
0.00011761
0.00011771
0.0001178
0.0001179
0.00011799
0.00011809
0.00011818
0.00011828
0.00011837
0.00011847
0.00011856
0.00011866
0.00011876
0.00011885
0.00011895
0.00011904
0.00011914
0.00011923
0.00011933
0.00011942
0.00011952
0.00011961
0.00011971
0.0001198
0.0001199
0.00011999
0.00012009
0.00012019
0.00012028
0.00012038
0.00012047
0.00012057
0.00012066
0.00012076
0.00012085
0.00012095
0.00012104
0.00012114
0.00012123
0.00012133
0.00012142
0.00012152
0.00012161
0.00012171
0.00012181
0.0001219
0.000122
0.00012209
0.00012219
0.00012228
0.00012238
0.00012247
0.00012257
0.00012266
0.00012276
0.00012285
0.00012295
0.00012304
0.00012314
0.00012324
0.00012333
0.00012343
0.00012352
0.00012362
0.00012371
0.00012381
0.0001239
0.000124
0.00012409
0.00012419
0.00012428
0.00012438
0.00012447
0.00012457
0.00012467
0.00012476
0.00012486
0.00012495
0.00012505
0.00012514
0.00012524
0.00012533
0.00012543
0.00012552
0.00012562
0.00012571
0.00012581
0.0001259
0.000126
0.0001261
0.00012619
0.00012629
0.00012638
0.00012648
0.00012657
0.00012667
0.00012676
0.00012686
0.00012695
0.00012705
0.00012714
0.00012724
0.00012733
0.00012743
0.00012753
0.00012762
0.00012772
0.00012781
0.00012791
0.000128
0.0001281
0.00012819
0.00012829
0.00012838
0.00012848
0.00012857
0.00012867
0.00012876
0.00012886
0.00012896
0.00012905
0.00012915
0.00012924
0.00012934
0.00012943
0.00012953
0.00012962
0.00012972
0.00012981
0.00012991
0.00013
0.0001301
0.00013019
0.00013029
0.00013039
0.00013048
0.00013058
0.00013067
0.00013077
0.00013086
0.00013096
0.00013105
0.00013115
0.00013124
0.00013134
0.00013143
0.00013153
0.00013162
0.00013172
0.00013181
0.00013191
0.00013201
0.0001321
0.0001322
0.00013229
0.00013239
0.00013248
0.00013258
0.00013267
0.00013277
0.00013286
0.00013296
0.00013305
0.00013315
0.00013324
0.00013334
0.00013343
0.00013353
0.00013363
0.00013372
0.00013382
0.00013391
0.00013401
0.0001341
0.0001342
0.00013429
0.00013439
0.00013448
0.00013458
0.00013467
0.00013477
0.00013486
0.00013496
0.00013505
0.00013515
0.00013524
0.00013534
0.00013543
0.00013553
0.00013562
0.00013572
0.00013581
0.00013591
0.000136
0.0001361
0.00013619
0.00013628
0.00013638
0.00013647
0.00013657
0.00013666
0.00013675
0.00013685
0.00013694
0.00013703
0.00013713
0.00013722
0.00013731
0.0001374
0.0001375
0.00013759
0.00013768
0.00013777
0.00013786
0.00013795
0.00013804
0.00013813
0.00013822
0.00013831
0.0001384
0.00013849
0.00013857
0.00013866
0.00013874
0.00013883
0.00013891
0.000139
0.00013908
0.00013916
0.00013924
0.00013932
0.0001394
0.00013947
0.00013955
0.00013962
0.00013969
0.00013976
0.00013983
0.0001399
0.00013996
0.00014003
0.00014009
0.00014015
0.0001402
0.00014025
0.0001403
0.00014035
0.00014039
0.00014043
0.00014047
0.00014051
0.00014053
0.00014056
0.00014058
0.0001406
0.00014061
0.00014062
0.00014062
0.00014061
0.0001406
0.00014059
0.00014056
0.00014053
0.0001405
0.00014045
0.0001404
0.00014034
0.00014027
0.00014019
0.00014011
0.00014001
0.00013991
0.00013979
0.00013966
0.00013952
0.00013937
0.00013921
0.00013903
0.00013884
0.00013864
0.00013842
0.00013819
0.00013795
0.00013768
0.0001374
0.00013711
0.00013679
0.00013646
0.00013611
0.00013574
0.00013535
0.00013494
0.00013451
0.00013406
0.00013358
0.00013308
0.00013256
0.00013201
0.00013144
0.00013084
0.00013022
0.00012957
0.00012889
0.00012818
0.00012745
0.00012668
0.00012589
0.00012506
0.0001242
0.00012331
0.00012239
0.00012143
0.00012044
0.00011941
0.00011836
0.00011725
0.00011613
0.00011494
0.00011375
0.00011248
0.00011122
0.00010986
0.00010853
0.00010709
0.00010568
0.00010414
0.00010266
0.00010103
9.9478e-05
9.7748e-05
9.612e-05
9.4288e-05
9.2585e-05
9.0649e-05
8.887e-05
8.6828e-05
8.4973e-05
8.2824e-05
8.089e-05
7.8635e-05
7.6618e-05
7.4259e-05
7.2156e-05
6.9696e-05
6.7502e-05
6.4944e-05
6.2653e-05
6.0002e-05
5.761e-05
5.4869e-05
5.237e-05
4.9545e-05
4.6935e-05
4.4029e-05
4.1305e-05
3.8321e-05
3.548e-05
3.2418e-05
2.9461e-05
2.6322e-05
2.325e-05
2.0031e-05
1.6846e-05
1.3547e-05
1.0251e-05
6.8695e-06
3.4647e-06
