-3.6908e-06
-7.2835e-06
-1.0785e-05
-1.4187e-05
-1.7503e-05
-2.0721e-05
-2.3855e-05
-2.6896e-05
-2.9851e-05
-3.2721e-05
-3.55e-05
-3.8208e-05
-4.0814e-05
-4.3366e-05
-4.5801e-05
-4.8206e-05
-5.0473e-05
-5.2738e-05
-5.4841e-05
-5.6972e-05
-5.8914e-05
-6.092e-05
-6.2705e-05
-6.459e-05
-6.6224e-05
-6.7994e-05
-6.9483e-05
-7.1143e-05
-7.2494e-05
-7.4046e-05
-7.5267e-05
-7.6715e-05
-7.7814e-05
-7.916e-05
-8.0147e-05
-8.1392e-05
-8.2276e-05
-8.3422e-05
-8.4214e-05
-8.5261e-05
-8.597e-05
-8.6919e-05
-8.7555e-05
-8.8408e-05
-8.8979e-05
-8.9738e-05
-9.0252e-05
-9.0921e-05
-9.1385e-05
-9.1966e-05
-9.2384e-05
-9.2883e-05
-9.3261e-05
-9.3683e-05
-9.4024e-05
-9.4375e-05
-9.468e-05
-9.4967e-05
-9.5239e-05
-9.5469e-05
-9.5708e-05
-9.5888e-05
-9.6094e-05
-9.6231e-05
-9.6405e-05
-9.6505e-05
-9.6648e-05
-9.6717e-05
-9.6829e-05
-9.6872e-05
-9.6955e-05
-9.6976e-05
-9.7031e-05
-9.7034e-05
-9.7063e-05
-9.705e-05
-9.7056e-05
-9.703e-05
-9.7014e-05
-9.6976e-05
-9.6942e-05
-9.6892e-05
-9.6842e-05
-9.6782e-05
-9.6719e-05
-9.6649e-05
-9.6574e-05
-9.6496e-05
-9.6411e-05
-9.6326e-05
-9.6233e-05
-9.614e-05
-9.604e-05
-9.5941e-05
-9.5836e-05
-9.573e-05
-9.562e-05
-9.551e-05
-9.5396e-05
-9.5282e-05
-9.5164e-05
-9.5046e-05
-9.4926e-05
-9.4804e-05
-9.4681e-05
-9.4557e-05
-9.4432e-05
-9.4306e-05
-9.4179e-05
-9.4051e-05
-9.3923e-05
-9.3793e-05
-9.3663e-05
-9.3533e-05
-9.3401e-05
-9.327e-05
-9.3138e-05
-9.3005e-05
-9.2872e-05
-9.2739e-05
-9.2605e-05
-9.2472e-05
-9.2338e-05
-9.2203e-05
-9.2069e-05
-9.1934e-05
-9.1799e-05
-9.1664e-05
-9.1529e-05
-9.1394e-05
-9.1258e-05
-9.1123e-05
-9.0987e-05
-9.0852e-05
-9.0716e-05
-9.058e-05
-9.0444e-05
-9.0308e-05
-9.0172e-05
-9.0036e-05
-8.99e-05
-8.9764e-05
-8.9628e-05
-8.9492e-05
-8.9356e-05
-8.922e-05
-8.9084e-05
-8.8947e-05
-8.8811e-05
-8.8675e-05
-8.8539e-05
-8.8402e-05
-8.8266e-05
-8.813e-05
-8.7994e-05
-8.7857e-05
-8.7721e-05
-8.7585e-05
-8.7449e-05
-8.7312e-05
-8.7176e-05
-8.704e-05
-8.6903e-05
-8.6767e-05
-8.6631e-05
-8.6494e-05
-8.6358e-05
-8.6222e-05
-8.6086e-05
-8.5949e-05
-8.5813e-05
-8.5677e-05
-8.554e-05
-8.5404e-05
-8.5268e-05
-8.5131e-05
-8.4995e-05
-8.4859e-05
-8.4722e-05
-8.4586e-05
-8.445e-05
-8.4313e-05
-8.4177e-05
-8.4041e-05
-8.3904e-05
-8.3768e-05
-8.3632e-05
-8.3495e-05
-8.3359e-05
-8.3223e-05
-8.3087e-05
-8.295e-05
-8.2814e-05
-8.2678e-05
-8.2541e-05
-8.2405e-05
-8.2269e-05
-8.2132e-05
-8.1996e-05
-8.186e-05
-8.1723e-05
-8.1587e-05
-8.1451e-05
-8.1314e-05
-8.1178e-05
-8.1042e-05
-8.0905e-05
-8.0769e-05
-8.0633e-05
-8.0496e-05
-8.036e-05
-8.0224e-05
-8.0088e-05
-7.9951e-05
-7.9815e-05
-7.9679e-05
-7.9542e-05
-7.9406e-05
-7.927e-05
-7.9133e-05
-7.8997e-05
-7.8861e-05
-7.8724e-05
-7.8588e-05
-7.8452e-05
-7.8315e-05
-7.8179e-05
-7.8043e-05
-7.7906e-05
-7.777e-05
-7.7634e-05
-7.7497e-05
-7.7361e-05
-7.7225e-05
-7.7088e-05
-7.6952e-05
-7.6816e-05
-7.668e-05
-7.6543e-05
-7.6407e-05
-7.6271e-05
-7.6134e-05
-7.5998e-05
-7.5862e-05
-7.5725e-05
-7.5589e-05
-7.5453e-05
-7.5316e-05
-7.518e-05
-7.5044e-05
-7.4907e-05
-7.4771e-05
-7.4635e-05
-7.4498e-05
-7.4362e-05
-7.4226e-05
-7.4089e-05
-7.3953e-05
-7.3817e-05
-7.3681e-05
-7.3544e-05
-7.3408e-05
-7.3272e-05
-7.3135e-05
-7.2999e-05
-7.2863e-05
-7.2726e-05
-7.259e-05
-7.2454e-05
-7.2317e-05
-7.2181e-05
-7.2045e-05
-7.1908e-05
-7.1772e-05
-7.1636e-05
-7.1499e-05
-7.1363e-05
-7.1227e-05
-7.109e-05
-7.0954e-05
-7.0818e-05
-7.0681e-05
-7.0545e-05
-7.0409e-05
-7.0273e-05
-7.0136e-05
-7e-05
-6.9864e-05
-6.9727e-05
-6.9591e-05
-6.9455e-05
-6.9318e-05
-6.9182e-05
-6.9046e-05
-6.8909e-05
-6.8773e-05
-6.8637e-05
-6.85e-05
-6.8364e-05
-6.8228e-05
-6.8091e-05
-6.7955e-05
-6.7819e-05
-6.7682e-05
-6.7546e-05
-6.741e-05
-6.7274e-05
-6.7137e-05
-6.7001e-05
-6.6865e-05
-6.6728e-05
-6.6592e-05
-6.6456e-05
-6.6319e-05
-6.6183e-05
-6.6047e-05
-6.591e-05
-6.5774e-05
-6.5638e-05
-6.5501e-05
-6.5365e-05
-6.5229e-05
-6.5092e-05
-6.4956e-05
-6.482e-05
-6.4683e-05
-6.4547e-05
-6.4411e-05
-6.4274e-05
-6.4138e-05
-6.4002e-05
-6.3866e-05
-6.3729e-05
-6.3593e-05
-6.3457e-05
-6.332e-05
-6.3184e-05
-6.3048e-05
-6.2911e-05
-6.2775e-05
-6.2639e-05
-6.2502e-05
-6.2366e-05
-6.223e-05
-6.2093e-05
-6.1957e-05
-6.1821e-05
-6.1684e-05
-6.1548e-05
-6.1412e-05
-6.1275e-05
-6.1139e-05
-6.1003e-05
-6.0867e-05
-6.073e-05
-6.0594e-05
-6.0458e-05
-6.0321e-05
-6.0185e-05
-6.0049e-05
-5.9912e-05
-5.9776e-05
-5.964e-05
-5.9503e-05
-5.9367e-05
-5.9231e-05
-5.9094e-05
-5.8958e-05
-5.8822e-05
-5.8685e-05
-5.8549e-05
-5.8413e-05
-5.8276e-05
-5.814e-05
-5.8004e-05
-5.7867e-05
-5.7731e-05
-5.7595e-05
-5.7459e-05
-5.7322e-05
-5.7186e-05
-5.705e-05
-5.6913e-05
-5.6777e-05
-5.6641e-05
-5.6504e-05
-5.6368e-05
-5.6232e-05
-5.6095e-05
-5.5959e-05
-5.5823e-05
-5.5686e-05
-5.555e-05
-5.5414e-05
-5.5277e-05
-5.5141e-05
-5.5005e-05
-5.4868e-05
-5.4732e-05
-5.4596e-05
-5.446e-05
-5.4323e-05
-5.4187e-05
-5.4051e-05
-5.3914e-05
-5.3778e-05
-5.3642e-05
-5.3505e-05
-5.3369e-05
-5.3233e-05
-5.3096e-05
-5.296e-05
-5.2824e-05
-5.2687e-05
-5.2551e-05
-5.2415e-05
-5.2278e-05
-5.2142e-05
-5.2006e-05
-5.1869e-05
-5.1733e-05
-5.1597e-05
-5.146e-05
-5.1324e-05
-5.1188e-05
-5.1052e-05
-5.0915e-05
-5.0779e-05
-5.0643e-05
-5.0506e-05
-5.037e-05
-5.0234e-05
-5.0097e-05
-4.9961e-05
-4.9825e-05
-4.9688e-05
-4.9552e-05
-4.9416e-05
-4.9279e-05
-4.9143e-05
-4.9007e-05
-4.887e-05
-4.8734e-05
-4.8598e-05
-4.8461e-05
-4.8325e-05
-4.8189e-05
-4.8053e-05
-4.7916e-05
-4.778e-05
-4.7644e-05
-4.7507e-05
-4.7371e-05
-4.7235e-05
-4.7098e-05
-4.6962e-05
-4.6826e-05
-4.6689e-05
-4.6553e-05
-4.6417e-05
-4.628e-05
-4.6144e-05
-4.6008e-05
-4.5871e-05
-4.5735e-05
-4.5599e-05
-4.5462e-05
-4.5326e-05
-4.519e-05
-4.5053e-05
-4.4917e-05
-4.4781e-05
-4.4645e-05
-4.4508e-05
-4.4372e-05
-4.4236e-05
-4.4099e-05
-4.3963e-05
-4.3827e-05
-4.369e-05
-4.3554e-05
-4.3418e-05
-4.3281e-05
-4.3145e-05
-4.3009e-05
-4.2872e-05
-4.2736e-05
-4.26e-05
-4.2463e-05
-4.2327e-05
-4.2191e-05
-4.2054e-05
-4.1918e-05
-4.1782e-05
-4.1646e-05
-4.1509e-05
-4.1373e-05
-4.1237e-05
-4.11e-05
-4.0964e-05
-4.0828e-05
-4.0691e-05
-4.0555e-05
-4.0419e-05
-4.0282e-05
-4.0146e-05
-4.001e-05
-3.9873e-05
-3.9737e-05
-3.9601e-05
-3.9464e-05
-3.9328e-05
-3.9192e-05
-3.9055e-05
-3.8919e-05
-3.8783e-05
-3.8646e-05
-3.851e-05
-3.8374e-05
-3.8238e-05
-3.8101e-05
-3.7965e-05
-3.7829e-05
-3.7692e-05
-3.7556e-05
-3.742e-05
-3.7283e-05
-3.7147e-05
-3.7011e-05
-3.6874e-05
-3.6738e-05
-3.6602e-05
-3.6465e-05
-3.6329e-05
-3.6193e-05
-3.6056e-05
-3.592e-05
-3.5784e-05
-3.5647e-05
-3.5511e-05
-3.5375e-05
-3.5239e-05
-3.5102e-05
-3.4966e-05
-3.483e-05
-3.4693e-05
-3.4557e-05
-3.4421e-05
-3.4284e-05
-3.4148e-05
-3.4012e-05
-3.3875e-05
-3.3739e-05
-3.3603e-05
-3.3466e-05
-3.333e-05
-3.3194e-05
-3.3057e-05
-3.2921e-05
-3.2785e-05
-3.2648e-05
-3.2512e-05
-3.2376e-05
-3.2239e-05
-3.2103e-05
-3.1967e-05
-3.1831e-05
-3.1694e-05
-3.1558e-05
-3.1422e-05
-3.1285e-05
-3.1149e-05
-3.1013e-05
-3.0876e-05
-3.074e-05
-3.0604e-05
-3.0467e-05
-3.0331e-05
-3.0195e-05
-3.0058e-05
-2.9922e-05
-2.9786e-05
-2.9649e-05
-2.9513e-05
-2.9377e-05
-2.924e-05
-2.9104e-05
-2.8968e-05
-2.8832e-05
-2.8695e-05
-2.8559e-05
-2.8423e-05
-2.8286e-05
-2.815e-05
-2.8014e-05
-2.7877e-05
-2.7741e-05
-2.7605e-05
-2.7468e-05
-2.7332e-05
-2.7196e-05
-2.7059e-05
-2.6923e-05
-2.6787e-05
-2.665e-05
-2.6514e-05
-2.6378e-05
-2.6241e-05
-2.6105e-05
-2.5969e-05
-2.5832e-05
-2.5696e-05
-2.556e-05
-2.5424e-05
-2.5287e-05
-2.5151e-05
-2.5015e-05
-2.4878e-05
-2.4742e-05
-2.4606e-05
-2.4469e-05
-2.4333e-05
-2.4197e-05
-2.406e-05
-2.3924e-05
-2.3788e-05
-2.3651e-05
-2.3515e-05
-2.3379e-05
-2.3242e-05
-2.3106e-05
-2.297e-05
-2.2833e-05
-2.2697e-05
-2.2561e-05
-2.2425e-05
-2.2288e-05
-2.2152e-05
-2.2016e-05
-2.1879e-05
-2.1743e-05
-2.1607e-05
-2.147e-05
-2.1334e-05
-2.1198e-05
-2.1061e-05
-2.0925e-05
-2.0789e-05
-2.0652e-05
-2.0516e-05
-2.038e-05
-2.0243e-05
-2.0107e-05
-1.9971e-05
-1.9834e-05
-1.9698e-05
-1.9562e-05
-1.9425e-05
-1.9289e-05
-1.9153e-05
-1.9017e-05
-1.888e-05
-1.8744e-05
-1.8608e-05
-1.8471e-05
-1.8335e-05
-1.8199e-05
-1.8062e-05
-1.7926e-05
-1.779e-05
-1.7653e-05
-1.7517e-05
-1.7381e-05
-1.7244e-05
-1.7108e-05
-1.6972e-05
-1.6835e-05
-1.6699e-05
-1.6563e-05
-1.6426e-05
-1.629e-05
-1.6154e-05
-1.6018e-05
-1.5881e-05
-1.5745e-05
-1.5609e-05
-1.5472e-05
-1.5336e-05
-1.52e-05
-1.5063e-05
-1.4927e-05
-1.4791e-05
-1.4654e-05
-1.4518e-05
-1.4382e-05
-1.4245e-05
-1.4109e-05
-1.3973e-05
-1.3836e-05
-1.37e-05
-1.3564e-05
-1.3427e-05
-1.3291e-05
-1.3155e-05
-1.3018e-05
-1.2882e-05
-1.2746e-05
-1.261e-05
-1.2473e-05
-1.2337e-05
-1.2201e-05
-1.2064e-05
-1.1928e-05
-1.1792e-05
-1.1655e-05
-1.1519e-05
-1.1383e-05
-1.1246e-05
-1.111e-05
-1.0974e-05
-1.0837e-05
-1.0701e-05
-1.0565e-05
-1.0428e-05
-1.0292e-05
-1.0156e-05
-1.0019e-05
-9.8831e-06
-9.7468e-06
-9.6105e-06
-9.4742e-06
-9.3379e-06
-9.2015e-06
-9.0652e-06
-8.9289e-06
-8.7926e-06
-8.6563e-06
-8.5199e-06
-8.3836e-06
-8.2473e-06
-8.111e-06
-7.9747e-06
-7.8384e-06
-7.702e-06
-7.5657e-06
-7.4294e-06
-7.2931e-06
-7.1568e-06
-7.0204e-06
-6.8841e-06
-6.7478e-06
-6.6115e-06
-6.4752e-06
-6.3388e-06
-6.2025e-06
-6.0662e-06
-5.9299e-06
-5.7936e-06
-5.6572e-06
-5.5209e-06
-5.3846e-06
-5.2483e-06
-5.112e-06
-4.9756e-06
-4.8393e-06
-4.703e-06
-4.5667e-06
-4.4304e-06
-4.2941e-06
-4.1577e-06
-4.0214e-06
-3.8851e-06
-3.7488e-06
-3.6125e-06
-3.4761e-06
-3.3398e-06
-3.2035e-06
-3.0672e-06
-2.9309e-06
-2.7945e-06
-2.6582e-06
-2.5219e-06
-2.3856e-06
-2.2493e-06
-2.1129e-06
-1.9766e-06
-1.8403e-06
-1.704e-06
-1.5677e-06
-1.4314e-06
-1.295e-06
-1.1587e-06
-1.0224e-06
-8.8607e-07
-7.4976e-07
-6.1344e-07
-4.7712e-07
-3.408e-07
-2.0448e-07
-6.816e-08
6.816e-08
2.0448e-07
3.408e-07
4.7712e-07
6.1344e-07
7.4976e-07
8.8607e-07
1.0224e-06
1.1587e-06
1.295e-06
1.4314e-06
1.5677e-06
1.704e-06
1.8403e-06
1.9766e-06
2.1129e-06
2.2493e-06
2.3856e-06
2.5219e-06
2.6582e-06
2.7945e-06
2.9309e-06
3.0672e-06
3.2035e-06
3.3398e-06
3.4761e-06
3.6125e-06
3.7488e-06
3.8851e-06
4.0214e-06
4.1577e-06
4.2941e-06
4.4304e-06
4.5667e-06
4.703e-06
4.8393e-06
4.9756e-06
5.112e-06
5.2483e-06
5.3846e-06
5.5209e-06
5.6572e-06
5.7936e-06
5.9299e-06
6.0662e-06
6.2025e-06
6.3388e-06
6.4752e-06
6.6115e-06
6.7478e-06
6.8841e-06
7.0204e-06
7.1568e-06
7.2931e-06
7.4294e-06
7.5657e-06
7.702e-06
7.8384e-06
7.9747e-06
8.111e-06
8.2473e-06
8.3836e-06
8.5199e-06
8.6563e-06
8.7926e-06
8.9289e-06
9.0652e-06
9.2015e-06
9.3379e-06
9.4742e-06
9.6105e-06
9.7468e-06
9.8831e-06
1.0019e-05
1.0156e-05
1.0292e-05
1.0428e-05
1.0565e-05
1.0701e-05
1.0837e-05
1.0974e-05
1.111e-05
1.1246e-05
1.1383e-05
1.1519e-05
1.1655e-05
1.1792e-05
1.1928e-05
1.2064e-05
1.2201e-05
1.2337e-05
1.2473e-05
1.261e-05
1.2746e-05
1.2882e-05
1.3018e-05
1.3155e-05
1.3291e-05
1.3427e-05
1.3564e-05
1.37e-05
1.3836e-05
1.3973e-05
1.4109e-05
1.4245e-05
1.4382e-05
1.4518e-05
1.4654e-05
1.4791e-05
1.4927e-05
1.5063e-05
1.52e-05
1.5336e-05
1.5472e-05
1.5609e-05
1.5745e-05
1.5881e-05
1.6018e-05
1.6154e-05
1.629e-05
1.6426e-05
1.6563e-05
1.6699e-05
1.6835e-05
1.6972e-05
1.7108e-05
1.7244e-05
1.7381e-05
1.7517e-05
1.7653e-05
1.779e-05
1.7926e-05
1.8062e-05
1.8199e-05
1.8335e-05
1.8471e-05
1.8608e-05
1.8744e-05
1.888e-05
1.9017e-05
1.9153e-05
1.9289e-05
1.9425e-05
1.9562e-05
1.9698e-05
1.9834e-05
1.9971e-05
2.0107e-05
2.0243e-05
2.038e-05
2.0516e-05
2.0652e-05
2.0789e-05
2.0925e-05
2.1061e-05
2.1198e-05
2.1334e-05
2.147e-05
2.1607e-05
2.1743e-05
2.1879e-05
2.2016e-05
2.2152e-05
2.2288e-05
2.2425e-05
2.2561e-05
2.2697e-05
2.2833e-05
2.297e-05
2.3106e-05
2.3242e-05
2.3379e-05
2.3515e-05
2.3651e-05
2.3788e-05
2.3924e-05
2.406e-05
2.4197e-05
2.4333e-05
2.4469e-05
2.4606e-05
2.4742e-05
2.4878e-05
2.5015e-05
2.5151e-05
2.5287e-05
2.5424e-05
2.556e-05
2.5696e-05
2.5832e-05
2.5969e-05
2.6105e-05
2.6241e-05
2.6378e-05
2.6514e-05
2.665e-05
2.6787e-05
2.6923e-05
2.7059e-05
2.7196e-05
2.7332e-05
2.7468e-05
2.7605e-05
2.7741e-05
2.7877e-05
2.8014e-05
2.815e-05
2.8286e-05
2.8423e-05
2.8559e-05
2.8695e-05
2.8832e-05
2.8968e-05
2.9104e-05
2.924e-05
2.9377e-05
2.9513e-05
2.9649e-05
2.9786e-05
2.9922e-05
3.0058e-05
3.0195e-05
3.0331e-05
3.0467e-05
3.0604e-05
3.074e-05
3.0876e-05
3.1013e-05
3.1149e-05
3.1285e-05
3.1422e-05
3.1558e-05
3.1694e-05
3.1831e-05
3.1967e-05
3.2103e-05
3.2239e-05
3.2376e-05
3.2512e-05
3.2648e-05
3.2785e-05
3.2921e-05
3.3057e-05
3.3194e-05
3.333e-05
3.3466e-05
3.3603e-05
3.3739e-05
3.3875e-05
3.4012e-05
3.4148e-05
3.4284e-05
3.4421e-05
3.4557e-05
3.4693e-05
3.483e-05
3.4966e-05
3.5102e-05
3.5239e-05
3.5375e-05
3.5511e-05
3.5647e-05
3.5784e-05
3.592e-05
3.6056e-05
3.6193e-05
3.6329e-05
3.6465e-05
3.6602e-05
3.6738e-05
3.6874e-05
3.7011e-05
3.7147e-05
3.7283e-05
3.742e-05
3.7556e-05
3.7692e-05
3.7829e-05
3.7965e-05
3.8101e-05
3.8238e-05
3.8374e-05
3.851e-05
3.8646e-05
3.8783e-05
3.8919e-05
3.9055e-05
3.9192e-05
3.9328e-05
3.9464e-05
3.9601e-05
3.9737e-05
3.9873e-05
4.001e-05
4.0146e-05
4.0282e-05
4.0419e-05
4.0555e-05
4.0691e-05
4.0828e-05
4.0964e-05
4.11e-05
4.1237e-05
4.1373e-05
4.1509e-05
4.1646e-05
4.1782e-05
4.1918e-05
4.2054e-05
4.2191e-05
4.2327e-05
4.2463e-05
4.26e-05
4.2736e-05
4.2872e-05
4.3009e-05
4.3145e-05
4.3281e-05
4.3418e-05
4.3554e-05
4.369e-05
4.3827e-05
4.3963e-05
4.4099e-05
4.4236e-05
4.4372e-05
4.4508e-05
4.4645e-05
4.4781e-05
4.4917e-05
4.5053e-05
4.519e-05
4.5326e-05
4.5462e-05
4.5599e-05
4.5735e-05
4.5871e-05
4.6008e-05
4.6144e-05
4.628e-05
4.6417e-05
4.6553e-05
4.6689e-05
4.6826e-05
4.6962e-05
4.7098e-05
4.7235e-05
4.7371e-05
4.7507e-05
4.7644e-05
4.778e-05
4.7916e-05
4.8053e-05
4.8189e-05
4.8325e-05
4.8461e-05
4.8598e-05
4.8734e-05
4.887e-05
4.9007e-05
4.9143e-05
4.9279e-05
4.9416e-05
4.9552e-05
4.9688e-05
4.9825e-05
4.9961e-05
5.0097e-05
5.0234e-05
5.037e-05
5.0506e-05
5.0643e-05
5.0779e-05
5.0915e-05
5.1052e-05
5.1188e-05
5.1324e-05
5.146e-05
5.1597e-05
5.1733e-05
5.1869e-05
5.2006e-05
5.2142e-05
5.2278e-05
5.2415e-05
5.2551e-05
5.2687e-05
5.2824e-05
5.296e-05
5.3096e-05
5.3233e-05
5.3369e-05
5.3505e-05
5.3642e-05
5.3778e-05
5.3914e-05
5.4051e-05
5.4187e-05
5.4323e-05
5.446e-05
5.4596e-05
5.4732e-05
5.4868e-05
5.5005e-05
5.5141e-05
5.5277e-05
5.5414e-05
5.555e-05
5.5686e-05
5.5823e-05
5.5959e-05
5.6095e-05
5.6232e-05
5.6368e-05
5.6504e-05
5.6641e-05
5.6777e-05
5.6913e-05
5.705e-05
5.7186e-05
5.7322e-05
5.7459e-05
5.7595e-05
5.7731e-05
5.7867e-05
5.8004e-05
5.814e-05
5.8276e-05
5.8413e-05
5.8549e-05
5.8685e-05
5.8822e-05
5.8958e-05
5.9094e-05
5.9231e-05
5.9367e-05
5.9503e-05
5.964e-05
5.9776e-05
5.9912e-05
6.0049e-05
6.0185e-05
6.0321e-05
6.0458e-05
6.0594e-05
6.073e-05
6.0867e-05
6.1003e-05
6.1139e-05
6.1275e-05
6.1412e-05
6.1548e-05
6.1684e-05
6.1821e-05
6.1957e-05
6.2093e-05
6.223e-05
6.2366e-05
6.2502e-05
6.2639e-05
6.2775e-05
6.2911e-05
6.3048e-05
6.3184e-05
6.332e-05
6.3457e-05
6.3593e-05
6.3729e-05
6.3866e-05
6.4002e-05
6.4138e-05
6.4274e-05
6.4411e-05
6.4547e-05
6.4683e-05
6.482e-05
6.4956e-05
6.5092e-05
6.5229e-05
6.5365e-05
6.5501e-05
6.5638e-05
6.5774e-05
6.591e-05
6.6047e-05
6.6183e-05
6.6319e-05
6.6456e-05
6.6592e-05
6.6728e-05
6.6865e-05
6.7001e-05
6.7137e-05
6.7274e-05
6.741e-05
6.7546e-05
6.7682e-05
6.7819e-05
6.7955e-05
6.8091e-05
6.8228e-05
6.8364e-05
6.85e-05
6.8637e-05
6.8773e-05
6.8909e-05
6.9046e-05
6.9182e-05
6.9318e-05
6.9455e-05
6.9591e-05
6.9727e-05
6.9864e-05
7e-05
7.0136e-05
7.0273e-05
7.0409e-05
7.0545e-05
7.0681e-05
7.0818e-05
7.0954e-05
7.109e-05
7.1227e-05
7.1363e-05
7.1499e-05
7.1636e-05
7.1772e-05
7.1908e-05
7.2045e-05
7.2181e-05
7.2317e-05
7.2454e-05
7.259e-05
7.2726e-05
7.2863e-05
7.2999e-05
7.3135e-05
7.3272e-05
7.3408e-05
7.3544e-05
7.3681e-05
7.3817e-05
7.3953e-05
7.4089e-05
7.4226e-05
7.4362e-05
7.4498e-05
7.4635e-05
7.4771e-05
7.4907e-05
7.5044e-05
7.518e-05
7.5316e-05
7.5453e-05
7.5589e-05
7.5725e-05
7.5862e-05
7.5998e-05
7.6134e-05
7.6271e-05
7.6407e-05
7.6543e-05
7.668e-05
7.6816e-05
7.6952e-05
7.7088e-05
7.7225e-05
7.7361e-05
7.7497e-05
7.7634e-05
7.777e-05
7.7906e-05
7.8043e-05
7.8179e-05
7.8315e-05
7.8452e-05
7.8588e-05
7.8724e-05
7.8861e-05
7.8997e-05
7.9133e-05
7.927e-05
7.9406e-05
7.9542e-05
7.9679e-05
7.9815e-05
7.9951e-05
8.0088e-05
8.0224e-05
8.036e-05
8.0496e-05
8.0633e-05
8.0769e-05
8.0905e-05
8.1042e-05
8.1178e-05
8.1314e-05
8.1451e-05
8.1587e-05
8.1723e-05
8.186e-05
8.1996e-05
8.2132e-05
8.2269e-05
8.2405e-05
8.2541e-05
8.2678e-05
8.2814e-05
8.295e-05
8.3087e-05
8.3223e-05
8.3359e-05
8.3495e-05
8.3632e-05
8.3768e-05
8.3904e-05
8.4041e-05
8.4177e-05
8.4313e-05
8.445e-05
8.4586e-05
8.4722e-05
8.4859e-05
8.4995e-05
8.5131e-05
8.5268e-05
8.5404e-05
8.554e-05
8.5677e-05
8.5813e-05
8.5949e-05
8.6086e-05
8.6222e-05
8.6358e-05
8.6494e-05
8.6631e-05
8.6767e-05
8.6903e-05
8.704e-05
8.7176e-05
8.7312e-05
8.7449e-05
8.7585e-05
8.7721e-05
8.7857e-05
8.7994e-05
8.813e-05
8.8266e-05
8.8402e-05
8.8539e-05
8.8675e-05
8.8811e-05
8.8947e-05
8.9084e-05
8.922e-05
8.9356e-05
8.9492e-05
8.9628e-05
8.9764e-05
8.99e-05
9.0036e-05
9.0172e-05
9.0308e-05
9.0444e-05
9.058e-05
9.0716e-05
9.0852e-05
9.0987e-05
9.1123e-05
9.1258e-05
9.1394e-05
9.1529e-05
9.1664e-05
9.1799e-05
9.1934e-05
9.2069e-05
9.2203e-05
9.2338e-05
9.2472e-05
9.2605e-05
9.2739e-05
9.2872e-05
9.3005e-05
9.3138e-05
9.327e-05
9.3401e-05
9.3533e-05
9.3663e-05
9.3793e-05
9.3923e-05
9.4051e-05
9.4179e-05
9.4306e-05
9.4432e-05
9.4557e-05
9.4681e-05
9.4804e-05
9.4926e-05
9.5046e-05
9.5164e-05
9.5282e-05
9.5396e-05
9.551e-05
9.562e-05
9.573e-05
9.5836e-05
9.5941e-05
9.604e-05
9.614e-05
9.6233e-05
9.6326e-05
9.6411e-05
9.6496e-05
9.6574e-05
9.6649e-05
9.6719e-05
9.6782e-05
9.6842e-05
9.6892e-05
9.6942e-05
9.6976e-05
9.7014e-05
9.703e-05
9.7056e-05
9.705e-05
9.7063e-05
9.7034e-05
9.7031e-05
9.6976e-05
9.6955e-05
9.6872e-05
9.6829e-05
9.6717e-05
9.6648e-05
9.6505e-05
9.6405e-05
9.6231e-05
9.6094e-05
9.5888e-05
9.5708e-05
9.5469e-05
9.5239e-05
9.4967e-05
9.468e-05
9.4375e-05
9.4024e-05
9.3683e-05
9.3261e-05
9.2883e-05
9.2384e-05
9.1966e-05
9.1385e-05
9.0921e-05
9.0252e-05
8.9738e-05
8.8979e-05
8.8408e-05
8.7555e-05
8.6919e-05
8.597e-05
8.5261e-05
8.4214e-05
8.3422e-05
8.2276e-05
8.1392e-05
8.0147e-05
7.916e-05
7.7814e-05
7.6715e-05
7.5267e-05
7.4046e-05
7.2494e-05
7.1143e-05
6.9483e-05
6.7994e-05
6.6224e-05
6.459e-05
6.2705e-05
6.092e-05
5.8914e-05
5.6972e-05
5.4841e-05
5.2738e-05
5.0473e-05
4.8206e-05
4.5801e-05
4.3366e-05
4.0814e-05
3.8208e-05
3.55e-05
3.2721e-05
2.9851e-05
2.6896e-05
2.3855e-05
2.0721e-05
1.7503e-05
1.4187e-05
1.0785e-05
7.2835e-06
3.6908e-06
