-7.514e-05
-0.00014579
-0.00020789
-0.00026842
-0.00031897
-0.00036956
-0.00041039
-0.00045102
-0.00048406
-0.00051478
-0.00054174
-0.00056306
-0.00058507
-0.00059815
-0.00061563
-0.00062226
-0.00063508
-0.00063731
-0.00064525
-0.00064484
-0.00064803
-0.00064609
-0.00064522
-0.00064213
-0.00063831
-0.00063403
-0.00062836
-0.00062285
-0.00061614
-0.00060951
-0.00060218
-0.00059472
-0.00058696
-0.00057898
-0.00057088
-0.00056259
-0.00055423
-0.00054577
-0.00053724
-0.00052867
-0.00052004
-0.00051139
-0.00050272
-0.00049402
-0.00048532
-0.0004766
-0.00046787
-0.00045914
-0.0004504
-0.00044166
-0.00043292
-0.00042418
-0.00041543
-0.00040669
-0.00039795
-0.0003892
-0.00038045
-0.00037171
-0.00036296
-0.00035422
-0.00034547
-0.00033672
-0.00032798
-0.00031923
-0.00031049
-0.00030174
-0.00029299
-0.00028425
-0.0002755
-0.00026676
-0.00025801
-0.00024926
-0.00024052
-0.00023177
-0.00022303
-0.00021428
-0.00020553
-0.00019679
-0.00018804
-0.00017929
-0.00017055
-0.0001618
-0.00015306
-0.00014431
-0.00013556
-0.00012682
-0.00011807
-0.00010933
-0.00010058
-9.1834e-05
-8.3088e-05
-7.4342e-05
-6.5596e-05
-5.685e-05
-4.8104e-05
-3.9357e-05
-3.0611e-05
-2.1865e-05
-1.3119e-05
-4.373e-06
4.373e-06
1.3119e-05
2.1865e-05
3.0611e-05
3.9357e-05
4.8104e-05
5.685e-05
6.5596e-05
7.4342e-05
8.3088e-05
9.1834e-05
0.00010058
0.00010933
0.00011807
0.00012682
0.00013556
0.00014431
0.00015306
0.0001618
0.00017055
0.00017929
0.00018804
0.00019679
0.00020553
0.00021428
0.00022303
0.00023177
0.00024052
0.00024926
0.00025801
0.00026676
0.0002755
0.00028425
0.00029299
0.00030174
0.00031049
0.00031923
0.00032798
0.00033672
0.00034547
0.00035422
0.00036296
0.00037171
0.00038045
0.0003892
0.00039795
0.00040669
0.00041543
0.00042418
0.00043292
0.00044166
0.0004504
0.00045914
0.00046787
0.0004766
0.00048532
0.00049402
0.00050272
0.00051139
0.00052004
0.00052867
0.00053724
0.00054577
0.00055423
0.00056259
0.00057088
0.00057898
0.00058696
0.00059472
0.00060218
0.00060951
0.00061614
0.00062285
0.00062836
0.00063403
0.00063831
0.00064213
0.00064522
0.00064609
0.00064803
0.00064484
0.00064525
0.00063731
0.00063508
0.00062226
0.00061563
0.00059815
0.00058507
0.00056306
0.00054174
0.00051478
0.00048406
0.00045102
0.00041039
0.00036956
0.00031897
0.00026842
0.00020789
0.00014579
7.514e-05
