-0.0027283
-0.0030802
-0.0031452
-0.0031418
-0.0031186
-0.003089
-0.0030573
-0.0030248
-0.0029921
-0.0029593
-0.0029264
-0.0028935
-0.0028607
-0.0028278
-0.0027949
-0.002762
-0.0027291
-0.0026963
-0.0026634
-0.0026305
-0.0025976
-0.0025647
-0.0025319
-0.002499
-0.0024661
-0.0024332
-0.0024003
-0.0023674
-0.0023346
-0.0023017
-0.0022688
-0.0022359
-0.002203
-0.0021702
-0.0021373
-0.0021044
-0.0020715
-0.0020386
-0.0020058
-0.0019729
-0.00194
-0.0019071
-0.0018742
-0.0018413
-0.0018085
-0.0017756
-0.0017427
-0.0017098
-0.0016769
-0.0016441
-0.0016112
-0.0015783
-0.0015454
-0.0015125
-0.0014797
-0.0014468
-0.0014139
-0.001381
-0.0013481
-0.0013152
-0.0012824
-0.0012495
-0.0012166
-0.0011837
-0.0011508
-0.001118
-0.0010851
-0.0010522
-0.0010193
-0.00098644
-0.00095355
-0.00092067
-0.00088779
-0.00085491
-0.00082203
-0.00078915
-0.00075627
-0.00072339
-0.0006905
-0.00065762
-0.00062474
-0.00059186
-0.00055898
-0.0005261
-0.00049322
-0.00046034
-0.00042746
-0.00039457
-0.00036169
-0.00032881
-0.00029593
-0.00026305
-0.00023017
-0.00019729
-0.00016441
-0.00013152
-9.8644e-05
-6.5763e-05
-3.2881e-05
-3.0994e-10
3.2881e-05
6.5762e-05
9.8643e-05
0.00013152
0.00016441
0.00019729
0.00023017
0.00026305
0.00029593
0.00032881
0.00036169
0.00039457
0.00042745
0.00046034
0.00049322
0.0005261
0.00055898
0.00059186
0.00062474
0.00065762
0.0006905
0.00072339
0.00075627
0.00078915
0.00082203
0.00085491
0.00088779
0.00092067
0.00095355
0.00098643
0.0010193
0.0010522
0.0010851
0.0011179
0.0011508
0.0011837
0.0012166
0.0012494
0.0012823
0.0013152
0.001348
0.0013809
0.0014137
0.0014465
0.0014793
0.001512
0.0015447
0.0015774
0.00161
0.0016425
0.0016749
0.0017072
0.0017393
0.0017713
0.001803
0.0018345
0.0018656
0.0018964
0.0019266
0.0019564
0.0019855
0.0020138
0.0020413
0.0020678
0.0020931
0.0021171
0.0021397
0.0021605
0.0021795
0.0021963
0.0022108
0.0022227
0.0022316
0.0022374
0.0022397
0.0022381
0.0022326
0.0022223
0.0022078
0.0021873
0.0021625
0.0021301
0.002094
0.0020481
0.0019995
0.0019387
0.0018759
0.0017995
0.0017202
0.0016287
0.0015289
0.0014245
0.0012997
0.0011845
0.0010315
0.00090438
0.00072518
0.00057914
0.00038195
0.00020514
