-0.0013602
-0.0014061
-0.0013959
-0.0013819
-0.0013676
-0.0013532
-0.0013389
-0.0013246
-0.0013102
-0.0012959
-0.0012816
-0.0012672
-0.0012529
-0.0012386
-0.0012242
-0.0012099
-0.0011955
-0.0011812
-0.0011669
-0.0011525
-0.0011382
-0.0011239
-0.0011095
-0.0010952
-0.0010809
-0.0010665
-0.0010522
-0.0010379
-0.0010235
-0.0010092
-0.00099486
-0.00098053
-0.00096619
-0.00095186
-0.00093752
-0.00092319
-0.00090885
-0.00089452
-0.00088018
-0.00086585
-0.00085151
-0.00083718
-0.00082284
-0.00080851
-0.00079417
-0.00077984
-0.0007655
-0.00075117
-0.00073683
-0.0007225
-0.00070816
-0.00069383
-0.00067949
-0.00066516
-0.00065082
-0.00063649
-0.00062215
-0.00060782
-0.00059348
-0.00057915
-0.00056481
-0.00055048
-0.00053614
-0.00052181
-0.00050747
-0.00049314
-0.0004788
-0.00046447
-0.00045013
-0.0004358
-0.00042146
-0.00040713
-0.00039279
-0.00037846
-0.00036412
-0.00034979
-0.00033545
-0.00032112
-0.00030678
-0.00029245
-0.00027811
-0.00026378
-0.00024944
-0.00023511
-0.00022077
-0.00020644
-0.0001921
-0.00017777
-0.00016344
-0.0001491
-0.00013477
-0.00012043
-0.0001061
-9.176e-05
-7.7426e-05
-6.3091e-05
-4.8756e-05
-3.4421e-05
-2.0086e-05
-5.751e-06
8.584e-06
2.2919e-05
3.7254e-05
5.1589e-05
6.5924e-05
8.0259e-05
9.4593e-05
0.00010893
0.00012326
0.0001376
0.00015193
0.00016627
0.0001806
0.00019494
0.00020927
0.00022361
0.00023794
0.00025228
0.00026661
0.00028095
0.00029528
0.00030962
0.00032395
0.00033829
0.00035262
0.00036696
0.00038129
0.00039563
0.00040996
0.0004243
0.00043863
0.00045297
0.0004673
0.00048164
0.00049597
0.00051031
0.00052464
0.00053898
0.00055331
0.00056765
0.00058198
0.00059632
0.00061065
0.00062499
0.00063932
0.00065366
0.00066799
0.00068233
0.00069666
0.000711
0.00072533
0.00073966
0.000754
0.00076833
0.00078267
0.000797
0.00081134
0.00082567
0.00084001
0.00085434
0.00086868
0.00088301
0.00089735
0.00091168
0.00092602
0.00094035
0.00095469
0.00096902
0.00098336
0.00099769
0.001012
0.0010264
0.0010407
0.001055
0.0010694
0.0010837
0.001098
0.0011122
0.0011263
0.0011403
0.0011538
0.0011667
0.0011788
0.0011892
0.0011972
0.0012031
0.0012027
0.0011991
0.0011877
0.001163
0.0011407
0.0010831
0.0010429
0.00095266
0.0008779
0.00076421
0.0006428
0.00050852
0.00034678
0.00018428
