-0.0003481
-0.00039592
-0.00040764
-0.00041081
-0.00041149
-0.00041139
-0.00041101
-0.00041055
-0.00041005
-0.00040954
-0.00040902
-0.0004085
-0.00040798
-0.00040747
-0.00040695
-0.00040643
-0.00040591
-0.00040539
-0.00040487
-0.00040436
-0.00040384
-0.00040332
-0.0004028
-0.00040228
-0.00040176
-0.00040125
-0.00040073
-0.00040021
-0.00039969
-0.00039917
-0.00039865
-0.00039814
-0.00039762
-0.0003971
-0.00039658
-0.00039606
-0.00039554
-0.00039502
-0.00039451
-0.00039399
-0.00039347
-0.00039295
-0.00039243
-0.00039191
-0.0003914
-0.00039088
-0.00039036
-0.00038984
-0.00038932
-0.0003888
-0.00038829
-0.00038777
-0.00038725
-0.00038673
-0.00038621
-0.00038569
-0.00038517
-0.00038466
-0.00038414
-0.00038362
-0.0003831
-0.00038258
-0.00038206
-0.00038155
-0.00038103
-0.00038051
-0.00037999
-0.00037947
-0.00037895
-0.00037844
-0.00037792
-0.0003774
-0.00037688
-0.00037636
-0.00037584
-0.00037533
-0.00037481
-0.00037429
-0.00037377
-0.00037325
-0.00037273
-0.00037221
-0.0003717
-0.00037118
-0.00037066
-0.00037014
-0.00036962
-0.0003691
-0.00036859
-0.00036807
-0.00036755
-0.00036703
-0.00036651
-0.00036599
-0.00036548
-0.00036496
-0.00036444
-0.00036392
-0.0003634
-0.00036288
-0.00036237
-0.00036185
-0.00036133
-0.00036081
-0.00036029
-0.00035977
-0.00035925
-0.00035874
-0.00035822
-0.0003577
-0.00035718
-0.00035666
-0.00035614
-0.00035563
-0.00035511
-0.00035459
-0.00035407
-0.00035355
-0.00035303
-0.00035252
-0.000352
-0.00035148
-0.00035096
-0.00035044
-0.00034992
-0.00034941
-0.00034889
-0.00034837
-0.00034785
-0.00034733
-0.00034681
-0.00034629
-0.00034578
-0.00034526
-0.00034474
-0.00034422
-0.0003437
-0.00034318
-0.00034267
-0.00034215
-0.00034163
-0.00034111
-0.00034059
-0.00034007
-0.00033956
-0.00033904
-0.00033852
-0.000338
-0.00033748
-0.00033696
-0.00033645
-0.00033593
-0.00033541
-0.00033489
-0.00033437
-0.00033385
-0.00033333
-0.00033282
-0.0003323
-0.00033178
-0.00033126
-0.00033074
-0.00033022
-0.00032971
-0.00032919
-0.00032867
-0.00032815
-0.00032763
-0.00032711
-0.0003266
-0.00032608
-0.00032556
-0.00032504
-0.00032452
-0.000324
-0.00032348
-0.00032297
-0.00032245
-0.00032193
-0.00032141
-0.00032089
-0.00032037
-0.00031986
-0.00031934
-0.00031882
-0.0003183
-0.00031778
-0.00031726
-0.00031675
-0.00031623
-0.00031571
-0.00031519
-0.00031467
-0.00031415
-0.00031364
-0.00031312
-0.0003126
-0.00031208
-0.00031156
-0.00031104
-0.00031052
-0.00031001
-0.00030949
-0.00030897
-0.00030845
-0.00030793
-0.00030741
-0.0003069
-0.00030638
-0.00030586
-0.00030534
-0.00030482
-0.0003043
-0.00030379
-0.00030327
-0.00030275
-0.00030223
-0.00030171
-0.00030119
-0.00030068
-0.00030016
-0.00029964
-0.00029912
-0.0002986
-0.00029808
-0.00029756
-0.00029705
-0.00029653
-0.00029601
-0.00029549
-0.00029497
-0.00029445
-0.00029394
-0.00029342
-0.0002929
-0.00029238
-0.00029186
-0.00029134
-0.00029083
-0.00029031
-0.00028979
-0.00028927
-0.00028875
-0.00028823
-0.00028772
-0.0002872
-0.00028668
-0.00028616
-0.00028564
-0.00028512
-0.0002846
-0.00028409
-0.00028357
-0.00028305
-0.00028253
-0.00028201
-0.00028149
-0.00028098
-0.00028046
-0.00027994
-0.00027942
-0.0002789
-0.00027838
-0.00027787
-0.00027735
-0.00027683
-0.00027631
-0.00027579
-0.00027527
-0.00027476
-0.00027424
-0.00027372
-0.0002732
-0.00027268
-0.00027216
-0.00027164
-0.00027113
-0.00027061
-0.00027009
-0.00026957
-0.00026905
-0.00026853
-0.00026802
-0.0002675
-0.00026698
-0.00026646
-0.00026594
-0.00026542
-0.00026491
-0.00026439
-0.00026387
-0.00026335
-0.00026283
-0.00026231
-0.00026179
-0.00026128
-0.00026076
-0.00026024
-0.00025972
-0.0002592
-0.00025868
-0.00025817
-0.00025765
-0.00025713
-0.00025661
-0.00025609
-0.00025557
-0.00025506
-0.00025454
-0.00025402
-0.0002535
-0.00025298
-0.00025246
-0.00025195
-0.00025143
-0.00025091
-0.00025039
-0.00024987
-0.00024935
-0.00024883
-0.00024832
-0.0002478
-0.00024728
-0.00024676
-0.00024624
-0.00024572
-0.00024521
-0.00024469
-0.00024417
-0.00024365
-0.00024313
-0.00024261
-0.0002421
-0.00024158
-0.00024106
-0.00024054
-0.00024002
-0.0002395
-0.00023899
-0.00023847
-0.00023795
-0.00023743
-0.00023691
-0.00023639
-0.00023587
-0.00023536
-0.00023484
-0.00023432
-0.0002338
-0.00023328
-0.00023276
-0.00023225
-0.00023173
-0.00023121
-0.00023069
-0.00023017
-0.00022965
-0.00022914
-0.00022862
-0.0002281
-0.00022758
-0.00022706
-0.00022654
-0.00022603
-0.00022551
-0.00022499
-0.00022447
-0.00022395
-0.00022343
-0.00022291
-0.0002224
-0.00022188
-0.00022136
-0.00022084
-0.00022032
-0.0002198
-0.00021929
-0.00021877
-0.00021825
-0.00021773
-0.00021721
-0.00021669
-0.00021618
-0.00021566
-0.00021514
-0.00021462
-0.0002141
-0.00021358
-0.00021307
-0.00021255
-0.00021203
-0.00021151
-0.00021099
-0.00021047
-0.00020995
-0.00020944
-0.00020892
-0.0002084
-0.00020788
-0.00020736
-0.00020684
-0.00020633
-0.00020581
-0.00020529
-0.00020477
-0.00020425
-0.00020373
-0.00020322
-0.0002027
-0.00020218
-0.00020166
-0.00020114
-0.00020062
-0.0002001
-0.00019959
-0.00019907
-0.00019855
-0.00019803
-0.00019751
-0.00019699
-0.00019648
-0.00019596
-0.00019544
-0.00019492
-0.0001944
-0.00019388
-0.00019337
-0.00019285
-0.00019233
-0.00019181
-0.00019129
-0.00019077
-0.00019026
-0.00018974
-0.00018922
-0.0001887
-0.00018818
-0.00018766
-0.00018714
-0.00018663
-0.00018611
-0.00018559
-0.00018507
-0.00018455
-0.00018403
-0.00018352
-0.000183
-0.00018248
-0.00018196
-0.00018144
-0.00018092
-0.00018041
-0.00017989
-0.00017937
-0.00017885
-0.00017833
-0.00017781
-0.0001773
-0.00017678
-0.00017626
-0.00017574
-0.00017522
-0.0001747
-0.00017418
-0.00017367
-0.00017315
-0.00017263
-0.00017211
-0.00017159
-0.00017107
-0.00017056
-0.00017004
-0.00016952
-0.000169
-0.00016848
-0.00016796
-0.00016745
-0.00016693
-0.00016641
-0.00016589
-0.00016537
-0.00016485
-0.00016434
-0.00016382
-0.0001633
-0.00016278
-0.00016226
-0.00016174
-0.00016122
-0.00016071
-0.00016019
-0.00015967
-0.00015915
-0.00015863
-0.00015811
-0.0001576
-0.00015708
-0.00015656
-0.00015604
-0.00015552
-0.000155
-0.00015449
-0.00015397
-0.00015345
-0.00015293
-0.00015241
-0.00015189
-0.00015138
-0.00015086
-0.00015034
-0.00014982
-0.0001493
-0.00014878
-0.00014826
-0.00014775
-0.00014723
-0.00014671
-0.00014619
-0.00014567
-0.00014515
-0.00014464
-0.00014412
-0.0001436
-0.00014308
-0.00014256
-0.00014204
-0.00014153
-0.00014101
-0.00014049
-0.00013997
-0.00013945
-0.00013893
-0.00013841
-0.0001379
-0.00013738
-0.00013686
-0.00013634
-0.00013582
-0.0001353
-0.00013479
-0.00013427
-0.00013375
-0.00013323
-0.00013271
-0.00013219
-0.00013168
-0.00013116
-0.00013064
-0.00013012
-0.0001296
-0.00012908
-0.00012857
-0.00012805
-0.00012753
-0.00012701
-0.00012649
-0.00012597
-0.00012545
-0.00012494
-0.00012442
-0.0001239
-0.00012338
-0.00012286
-0.00012234
-0.00012183
-0.00012131
-0.00012079
-0.00012027
-0.00011975
-0.00011923
-0.00011872
-0.0001182
-0.00011768
-0.00011716
-0.00011664
-0.00011612
-0.00011561
-0.00011509
-0.00011457
-0.00011405
-0.00011353
-0.00011301
-0.00011249
-0.00011198
-0.00011146
-0.00011094
-0.00011042
-0.0001099
-0.00010938
-0.00010887
-0.00010835
-0.00010783
-0.00010731
-0.00010679
-0.00010627
-0.00010576
-0.00010524
-0.00010472
-0.0001042
-0.00010368
-0.00010316
-0.00010265
-0.00010213
-0.00010161
-0.00010109
-0.00010057
-0.00010005
-9.9535e-05
-9.9016e-05
-9.8498e-05
-9.798e-05
-9.7461e-05
-9.6943e-05
-9.6424e-05
-9.5906e-05
-9.5387e-05
-9.4869e-05
-9.4351e-05
-9.3832e-05
-9.3314e-05
-9.2795e-05
-9.2277e-05
-9.1759e-05
-9.124e-05
-9.0722e-05
-9.0203e-05
-8.9685e-05
-8.9167e-05
-8.8648e-05
-8.813e-05
-8.7611e-05
-8.7093e-05
-8.6575e-05
-8.6056e-05
-8.5538e-05
-8.5019e-05
-8.4501e-05
-8.3983e-05
-8.3464e-05
-8.2946e-05
-8.2427e-05
-8.1909e-05
-8.1391e-05
-8.0872e-05
-8.0354e-05
-7.9835e-05
-7.9317e-05
-7.8799e-05
-7.828e-05
-7.7762e-05
-7.7243e-05
-7.6725e-05
-7.6207e-05
-7.5688e-05
-7.517e-05
-7.4651e-05
-7.4133e-05
-7.3615e-05
-7.3096e-05
-7.2578e-05
-7.2059e-05
-7.1541e-05
-7.1023e-05
-7.0504e-05
-6.9986e-05
-6.9467e-05
-6.8949e-05
-6.8431e-05
-6.7912e-05
-6.7394e-05
-6.6875e-05
-6.6357e-05
-6.5839e-05
-6.532e-05
-6.4802e-05
-6.4283e-05
-6.3765e-05
-6.3246e-05
-6.2728e-05
-6.221e-05
-6.1691e-05
-6.1173e-05
-6.0654e-05
-6.0136e-05
-5.9618e-05
-5.9099e-05
-5.8581e-05
-5.8062e-05
-5.7544e-05
-5.7026e-05
-5.6507e-05
-5.5989e-05
-5.547e-05
-5.4952e-05
-5.4434e-05
-5.3915e-05
-5.3397e-05
-5.2878e-05
-5.236e-05
-5.1842e-05
-5.1323e-05
-5.0805e-05
-5.0286e-05
-4.9768e-05
-4.925e-05
-4.8731e-05
-4.8213e-05
-4.7694e-05
-4.7176e-05
-4.6658e-05
-4.6139e-05
-4.5621e-05
-4.5102e-05
-4.4584e-05
-4.4066e-05
-4.3547e-05
-4.3029e-05
-4.251e-05
-4.1992e-05
-4.1474e-05
-4.0955e-05
-4.0437e-05
-3.9918e-05
-3.94e-05
-3.8882e-05
-3.8363e-05
-3.7845e-05
-3.7326e-05
-3.6808e-05
-3.629e-05
-3.5771e-05
-3.5253e-05
-3.4734e-05
-3.4216e-05
-3.3697e-05
-3.3179e-05
-3.2661e-05
-3.2142e-05
-3.1624e-05
-3.1105e-05
-3.0587e-05
-3.0069e-05
-2.955e-05
-2.9032e-05
-2.8513e-05
-2.7995e-05
-2.7477e-05
-2.6958e-05
-2.644e-05
-2.5921e-05
-2.5403e-05
-2.4885e-05
-2.4366e-05
-2.3848e-05
-2.3329e-05
-2.2811e-05
-2.2293e-05
-2.1774e-05
-2.1256e-05
-2.0737e-05
-2.0219e-05
-1.9701e-05
-1.9182e-05
-1.8664e-05
-1.8145e-05
-1.7627e-05
-1.7109e-05
-1.659e-05
-1.6072e-05
-1.5553e-05
-1.5035e-05
-1.4517e-05
-1.3998e-05
-1.348e-05
-1.2961e-05
-1.2443e-05
-1.1925e-05
-1.1406e-05
-1.0888e-05
-1.0369e-05
-9.8509e-06
-9.3325e-06
-8.8141e-06
-8.2957e-06
-7.7773e-06
-7.2589e-06
-6.7405e-06
-6.2221e-06
-5.7037e-06
-5.1853e-06
-4.6669e-06
-4.1485e-06
-3.6301e-06
-3.1117e-06
-2.5933e-06
-2.0749e-06
-1.5565e-06
-1.0381e-06
-5.1968e-07
-1.2757e-09
5.1713e-07
1.0355e-06
1.5539e-06
2.0723e-06
2.5907e-06
3.1091e-06
3.6275e-06
4.146e-06
4.6644e-06
5.1828e-06
5.7012e-06
6.2196e-06
6.738e-06
7.2564e-06
7.7748e-06
8.2932e-06
8.8116e-06
9.33e-06
9.8484e-06
1.0367e-05
1.0885e-05
1.1404e-05
1.1922e-05
1.244e-05
1.2959e-05
1.3477e-05
1.3996e-05
1.4514e-05
1.5032e-05
1.5551e-05
1.6069e-05
1.6588e-05
1.7106e-05
1.7624e-05
1.8143e-05
1.8661e-05
1.918e-05
1.9698e-05
2.0216e-05
2.0735e-05
2.1253e-05
2.1772e-05
2.229e-05
2.2808e-05
2.3327e-05
2.3845e-05
2.4364e-05
2.4882e-05
2.54e-05
2.5919e-05
2.6437e-05
2.6956e-05
2.7474e-05
2.7993e-05
2.8511e-05
2.9029e-05
2.9548e-05
3.0066e-05
3.0585e-05
3.1103e-05
3.1621e-05
3.214e-05
3.2658e-05
3.3177e-05
3.3695e-05
3.4213e-05
3.4732e-05
3.525e-05
3.5769e-05
3.6287e-05
3.6805e-05
3.7324e-05
3.7842e-05
3.8361e-05
3.8879e-05
3.9397e-05
3.9916e-05
4.0434e-05
4.0953e-05
4.1471e-05
4.1989e-05
4.2508e-05
4.3026e-05
4.3545e-05
4.4063e-05
4.4581e-05
4.51e-05
4.5618e-05
4.6137e-05
4.6655e-05
4.7173e-05
4.7692e-05
4.821e-05
4.8729e-05
4.9247e-05
4.9765e-05
5.0284e-05
5.0802e-05
5.1321e-05
5.1839e-05
5.2357e-05
5.2876e-05
5.3394e-05
5.3913e-05
5.4431e-05
5.4949e-05
5.5468e-05
5.5986e-05
5.6505e-05
5.7023e-05
5.7541e-05
5.806e-05
5.8578e-05
5.9097e-05
5.9615e-05
6.0134e-05
6.0652e-05
6.117e-05
6.1689e-05
6.2207e-05
6.2726e-05
6.3244e-05
6.3762e-05
6.4281e-05
6.4799e-05
6.5318e-05
6.5836e-05
6.6354e-05
6.6873e-05
6.7391e-05
6.791e-05
6.8428e-05
6.8946e-05
6.9465e-05
6.9983e-05
7.0502e-05
7.102e-05
7.1538e-05
7.2057e-05
7.2575e-05
7.3094e-05
7.3612e-05
7.413e-05
7.4649e-05
7.5167e-05
7.5686e-05
7.6204e-05
7.6722e-05
7.7241e-05
7.7759e-05
7.8278e-05
7.8796e-05
7.9314e-05
7.9833e-05
8.0351e-05
8.087e-05
8.1388e-05
8.1906e-05
8.2425e-05
8.2943e-05
8.3462e-05
8.398e-05
8.4498e-05
8.5017e-05
8.5535e-05
8.6054e-05
8.6572e-05
8.709e-05
8.7609e-05
8.8127e-05
8.8646e-05
8.9164e-05
8.9683e-05
9.0201e-05
9.0719e-05
9.1238e-05
9.1756e-05
9.2275e-05
9.2793e-05
9.3311e-05
9.383e-05
9.4348e-05
9.4867e-05
9.5385e-05
9.5903e-05
9.6422e-05
9.694e-05
9.7459e-05
9.7977e-05
9.8495e-05
9.9014e-05
9.9532e-05
0.00010005
0.00010057
0.00010109
0.00010161
0.00010212
0.00010264
0.00010316
0.00010368
0.0001042
0.00010472
0.00010523
0.00010575
0.00010627
0.00010679
0.00010731
0.00010783
0.00010835
0.00010886
0.00010938
0.0001099
0.00011042
0.00011094
0.00011146
0.00011197
0.00011249
0.00011301
0.00011353
0.00011405
0.00011457
0.00011508
0.0001156
0.00011612
0.00011664
0.00011716
0.00011768
0.00011819
0.00011871
0.00011923
0.00011975
0.00012027
0.00012079
0.00012131
0.00012182
0.00012234
0.00012286
0.00012338
0.0001239
0.00012442
0.00012493
0.00012545
0.00012597
0.00012649
0.00012701
0.00012753
0.00012804
0.00012856
0.00012908
0.0001296
0.00013012
0.00013064
0.00013115
0.00013167
0.00013219
0.00013271
0.00013323
0.00013375
0.00013427
0.00013478
0.0001353
0.00013582
0.00013634
0.00013686
0.00013738
0.00013789
0.00013841
0.00013893
0.00013945
0.00013997
0.00014049
0.000141
0.00014152
0.00014204
0.00014256
0.00014308
0.0001436
0.00014411
0.00014463
0.00014515
0.00014567
0.00014619
0.00014671
0.00014723
0.00014774
0.00014826
0.00014878
0.0001493
0.00014982
0.00015034
0.00015085
0.00015137
0.00015189
0.00015241
0.00015293
0.00015345
0.00015396
0.00015448
0.000155
0.00015552
0.00015604
0.00015656
0.00015707
0.00015759
0.00015811
0.00015863
0.00015915
0.00015967
0.00016019
0.0001607
0.00016122
0.00016174
0.00016226
0.00016278
0.0001633
0.00016381
0.00016433
0.00016485
0.00016537
0.00016589
0.00016641
0.00016692
0.00016744
0.00016796
0.00016848
0.000169
0.00016952
0.00017004
0.00017055
0.00017107
0.00017159
0.00017211
0.00017263
0.00017315
0.00017366
0.00017418
0.0001747
0.00017522
0.00017574
0.00017626
0.00017677
0.00017729
0.00017781
0.00017833
0.00017885
0.00017937
0.00017988
0.0001804
0.00018092
0.00018144
0.00018196
0.00018248
0.000183
0.00018351
0.00018403
0.00018455
0.00018507
0.00018559
0.00018611
0.00018662
0.00018714
0.00018766
0.00018818
0.0001887
0.00018922
0.00018973
0.00019025
0.00019077
0.00019129
0.00019181
0.00019233
0.00019284
0.00019336
0.00019388
0.0001944
0.00019492
0.00019544
0.00019596
0.00019647
0.00019699
0.00019751
0.00019803
0.00019855
0.00019907
0.00019958
0.0002001
0.00020062
0.00020114
0.00020166
0.00020218
0.00020269
0.00020321
0.00020373
0.00020425
0.00020477
0.00020529
0.0002058
0.00020632
0.00020684
0.00020736
0.00020788
0.0002084
0.00020892
0.00020943
0.00020995
0.00021047
0.00021099
0.00021151
0.00021203
0.00021254
0.00021306
0.00021358
0.0002141
0.00021462
0.00021514
0.00021565
0.00021617
0.00021669
0.00021721
0.00021773
0.00021825
0.00021876
0.00021928
0.0002198
0.00022032
0.00022084
0.00022136
0.00022188
0.00022239
0.00022291
0.00022343
0.00022395
0.00022447
0.00022499
0.0002255
0.00022602
0.00022654
0.00022706
0.00022758
0.0002281
0.00022861
0.00022913
0.00022965
0.00023017
0.00023069
0.00023121
0.00023173
0.00023224
0.00023276
0.00023328
0.0002338
0.00023432
0.00023484
0.00023535
0.00023587
0.00023639
0.00023691
0.00023743
0.00023795
0.00023846
0.00023898
0.0002395
0.00024002
0.00024054
0.00024106
0.00024157
0.00024209
0.00024261
0.00024313
0.00024365
0.00024417
0.00024469
0.0002452
0.00024572
0.00024624
0.00024676
0.00024728
0.0002478
0.00024831
0.00024883
0.00024935
0.00024987
0.00025039
0.00025091
0.00025142
0.00025194
0.00025246
0.00025298
0.0002535
0.00025402
0.00025453
0.00025505
0.00025557
0.00025609
0.00025661
0.00025713
0.00025765
0.00025816
0.00025868
0.0002592
0.00025972
0.00026024
0.00026076
0.00026127
0.00026179
0.00026231
0.00026283
0.00026335
0.00026387
0.00026438
0.0002649
0.00026542
0.00026594
0.00026646
0.00026698
0.00026749
0.00026801
0.00026853
0.00026905
0.00026957
0.00027009
0.00027061
0.00027112
0.00027164
0.00027216
0.00027268
0.0002732
0.00027372
0.00027423
0.00027475
0.00027527
0.00027579
0.00027631
0.00027683
0.00027734
0.00027786
0.00027838
0.0002789
0.00027942
0.00027994
0.00028045
0.00028097
0.00028149
0.00028201
0.00028253
0.00028305
0.00028357
0.00028408
0.0002846
0.00028512
0.00028564
0.00028616
0.00028668
0.00028719
0.00028771
0.00028823
0.00028875
0.00028927
0.00028979
0.0002903
0.00029082
0.00029134
0.00029186
0.00029238
0.0002929
0.00029341
0.00029393
0.00029445
0.00029497
0.00029549
0.00029601
0.00029653
0.00029704
0.00029756
0.00029808
0.0002986
0.00029912
0.00029964
0.00030015
0.00030067
0.00030119
0.00030171
0.00030223
0.00030275
0.00030326
0.00030378
0.0003043
0.00030482
0.00030534
0.00030586
0.00030637
0.00030689
0.00030741
0.00030793
0.00030845
0.00030897
0.00030948
0.00031
0.00031052
0.00031104
0.00031156
0.00031208
0.00031259
0.00031311
0.00031363
0.00031415
0.00031467
0.00031518
0.0003157
0.00031622
0.00031674
0.00031726
0.00031777
0.00031829
0.00031881
0.00031933
0.00031984
0.00032036
0.00032088
0.0003214
0.00032191
0.00032243
0.00032295
0.00032346
0.00032398
0.0003245
0.00032501
0.00032553
0.00032605
0.00032656
0.00032708
0.00032759
0.00032811
0.00032862
0.00032913
0.00032965
0.00033016
0.00033067
0.00033119
0.0003317
0.00033221
0.00033272
0.00033323
0.00033374
0.00033425
0.00033475
0.00033526
0.00033577
0.00033627
0.00033677
0.00033728
0.00033778
0.00033828
0.00033877
0.00033927
0.00033977
0.00034026
0.00034075
0.00034124
0.00034172
0.00034221
0.00034269
0.00034317
0.00034364
0.00034412
0.00034459
0.00034505
0.00034551
0.00034597
0.00034643
0.00034688
0.00034732
0.00034776
0.0003482
0.00034862
0.00034905
0.00034946
0.00034987
0.00035028
0.00035067
0.00035106
0.00035144
0.00035181
0.00035217
0.00035252
0.00035286
0.00035319
0.00035351
0.00035381
0.00035411
0.00035439
0.00035465
0.00035491
0.00035514
0.00035536
0.00035557
0.00035575
0.00035592
0.00035607
0.0003562
0.0003563
0.00035639
0.00035645
0.00035649
0.0003565
0.00035649
0.00035645
0.00035638
0.00035629
0.00035616
0.000356
0.00035581
0.00035558
0.00035532
0.00035502
0.00035469
0.00035431
0.00035389
0.00035343
0.00035293
0.00035238
0.00035179
0.00035114
0.00035045
0.0003497
0.0003489
0.00034805
0.00034714
0.00034617
0.00034514
0.00034405
0.0003429
0.00034168
0.00034039
0.00033903
0.0003376
0.0003361
0.00033453
0.00033288
0.00033115
0.00032933
0.00032744
0.00032546
0.0003234
0.00032124
0.000319
0.00031666
0.00031424
0.00031171
0.00030909
0.00030635
0.00030354
0.00030059
0.00029757
0.0002944
0.00029117
0.00028777
0.00028432
0.00028068
0.00027701
0.00027311
0.00026922
0.00026504
0.00026093
0.00025647
0.00025214
0.00024738
0.00024283
0.00023774
0.00023298
0.00022755
0.00022257
0.00021679
0.00021159
0.00020546
0.00020003
0.00019353
0.00018786
0.00018101
0.00017506
0.00016788
0.00016163
0.00015412
0.00014754
0.00013974
0.00013278
0.00012472
0.00011734
0.00010903
0.00010121
9.2668e-05
8.4391e-05
7.5602e-05
6.6878e-05
5.7816e-05
4.8666e-05
3.9294e-05
2.9745e-05
2.0024e-05
1.01e-05
