-1.0231e-05
-2.0028e-05
-2.9553e-05
-3.8554e-05
-4.7402e-05
-5.5632e-05
-6.3836e-05
-7.132e-05
-7.8912e-05
-8.5676e-05
-9.2686e-05
-9.876e-05
-0.00010522
-0.00011063
-0.00011656
-0.00012136
-0.00012677
-0.000131
-0.00013592
-0.00013962
-0.00014405
-0.00014729
-0.00015123
-0.00015406
-0.00015753
-0.00016001
-0.000163
-0.00016518
-0.00016772
-0.00016963
-0.00017173
-0.00017342
-0.00017512
-0.00017661
-0.00017794
-0.00017924
-0.00018025
-0.00018137
-0.0001821
-0.00018305
-0.00018354
-0.00018432
-0.00018463
-0.00018523
-0.00018539
-0.00018582
-0.00018588
-0.00018614
-0.00018612
-0.00018623
-0.00018614
-0.00018612
-0.00018597
-0.00018584
-0.00018563
-0.00018542
-0.00018516
-0.00018488
-0.00018458
-0.00018423
-0.00018389
-0.0001835
-0.00018312
-0.0001827
-0.00018229
-0.00018185
-0.0001814
-0.00018094
-0.00018047
-0.00017999
-0.00017951
-0.00017901
-0.00017851
-0.00017801
-0.0001775
-0.00017698
-0.00017647
-0.00017594
-0.00017542
-0.00017489
-0.00017436
-0.00017383
-0.0001733
-0.00017276
-0.00017222
-0.00017168
-0.00017114
-0.0001706
-0.00017006
-0.00016952
-0.00016898
-0.00016844
-0.00016789
-0.00016735
-0.0001668
-0.00016626
-0.00016572
-0.00016517
-0.00016463
-0.00016408
-0.00016354
-0.00016299
-0.00016244
-0.0001619
-0.00016135
-0.00016081
-0.00016026
-0.00015972
-0.00015917
-0.00015862
-0.00015808
-0.00015753
-0.00015699
-0.00015644
-0.00015589
-0.00015535
-0.0001548
-0.00015426
-0.00015371
-0.00015316
-0.00015262
-0.00015207
-0.00015153
-0.00015098
-0.00015043
-0.00014989
-0.00014934
-0.0001488
-0.00014825
-0.0001477
-0.00014716
-0.00014661
-0.00014607
-0.00014552
-0.00014497
-0.00014443
-0.00014388
-0.00014333
-0.00014279
-0.00014224
-0.0001417
-0.00014115
-0.0001406
-0.00014006
-0.00013951
-0.00013897
-0.00013842
-0.00013787
-0.00013733
-0.00013678
-0.00013624
-0.00013569
-0.00013514
-0.0001346
-0.00013405
-0.00013351
-0.00013296
-0.00013241
-0.00013187
-0.00013132
-0.00013078
-0.00013023
-0.00012968
-0.00012914
-0.00012859
-0.00012805
-0.0001275
-0.00012695
-0.00012641
-0.00012586
-0.00012532
-0.00012477
-0.00012422
-0.00012368
-0.00012313
-0.00012259
-0.00012204
-0.00012149
-0.00012095
-0.0001204
-0.00011986
-0.00011931
-0.00011876
-0.00011822
-0.00011767
-0.00011713
-0.00011658
-0.00011603
-0.00011549
-0.00011494
-0.00011439
-0.00011385
-0.0001133
-0.00011276
-0.00011221
-0.00011166
-0.00011112
-0.00011057
-0.00011003
-0.00010948
-0.00010893
-0.00010839
-0.00010784
-0.0001073
-0.00010675
-0.0001062
-0.00010566
-0.00010511
-0.00010457
-0.00010402
-0.00010347
-0.00010293
-0.00010238
-0.00010184
-0.00010129
-0.00010074
-0.0001002
-9.9652e-05
-9.9106e-05
-9.856e-05
-9.8014e-05
-9.7468e-05
-9.6922e-05
-9.6376e-05
-9.583e-05
-9.5284e-05
-9.4738e-05
-9.4192e-05
-9.3646e-05
-9.3099e-05
-9.2553e-05
-9.2007e-05
-9.1461e-05
-9.0915e-05
-9.0369e-05
-8.9823e-05
-8.9277e-05
-8.8731e-05
-8.8185e-05
-8.7639e-05
-8.7093e-05
-8.6547e-05
-8.6001e-05
-8.5455e-05
-8.4909e-05
-8.4363e-05
-8.3817e-05
-8.3271e-05
-8.2725e-05
-8.2179e-05
-8.1633e-05
-8.1087e-05
-8.0541e-05
-7.9995e-05
-7.9449e-05
-7.8902e-05
-7.8356e-05
-7.781e-05
-7.7264e-05
-7.6718e-05
-7.6172e-05
-7.5626e-05
-7.508e-05
-7.4534e-05
-7.3988e-05
-7.3442e-05
-7.2896e-05
-7.235e-05
-7.1804e-05
-7.1258e-05
-7.0712e-05
-7.0166e-05
-6.962e-05
-6.9074e-05
-6.8528e-05
-6.7982e-05
-6.7436e-05
-6.689e-05
-6.6344e-05
-6.5798e-05
-6.5252e-05
-6.4706e-05
-6.4159e-05
-6.3613e-05
-6.3067e-05
-6.2521e-05
-6.1975e-05
-6.1429e-05
-6.0883e-05
-6.0337e-05
-5.9791e-05
-5.9245e-05
-5.8699e-05
-5.8153e-05
-5.7607e-05
-5.7061e-05
-5.6515e-05
-5.5969e-05
-5.5423e-05
-5.4877e-05
-5.4331e-05
-5.3785e-05
-5.3239e-05
-5.2693e-05
-5.2147e-05
-5.1601e-05
-5.1055e-05
-5.0509e-05
-4.9962e-05
-4.9416e-05
-4.887e-05
-4.8324e-05
-4.7778e-05
-4.7232e-05
-4.6686e-05
-4.614e-05
-4.5594e-05
-4.5048e-05
-4.4502e-05
-4.3956e-05
-4.341e-05
-4.2864e-05
-4.2318e-05
-4.1772e-05
-4.1226e-05
-4.068e-05
-4.0134e-05
-3.9588e-05
-3.9042e-05
-3.8496e-05
-3.795e-05
-3.7404e-05
-3.6858e-05
-3.6312e-05
-3.5765e-05
-3.5219e-05
-3.4673e-05
-3.4127e-05
-3.3581e-05
-3.3035e-05
-3.2489e-05
-3.1943e-05
-3.1397e-05
-3.0851e-05
-3.0305e-05
-2.9759e-05
-2.9213e-05
-2.8667e-05
-2.8121e-05
-2.7575e-05
-2.7029e-05
-2.6483e-05
-2.5937e-05
-2.5391e-05
-2.4845e-05
-2.4299e-05
-2.3753e-05
-2.3207e-05
-2.2661e-05
-2.2115e-05
-2.1569e-05
-2.1022e-05
-2.0476e-05
-1.993e-05
-1.9384e-05
-1.8838e-05
-1.8292e-05
-1.7746e-05
-1.72e-05
-1.6654e-05
-1.6108e-05
-1.5562e-05
-1.5016e-05
-1.447e-05
-1.3924e-05
-1.3378e-05
-1.2832e-05
-1.2286e-05
-1.174e-05
-1.1194e-05
-1.0648e-05
-1.0102e-05
-9.5557e-06
-9.0096e-06
-8.4636e-06
-7.9176e-06
-7.3715e-06
-6.8255e-06
-6.2794e-06
-5.7334e-06
-5.1874e-06
-4.6413e-06
-4.0953e-06
-3.5492e-06
-3.0032e-06
-2.4572e-06
-1.9111e-06
-1.3651e-06
-8.1906e-07
-2.7302e-07
2.7302e-07
8.1906e-07
1.3651e-06
1.9111e-06
2.4572e-06
3.0032e-06
3.5492e-06
4.0953e-06
4.6413e-06
5.1874e-06
5.7334e-06
6.2794e-06
6.8255e-06
7.3715e-06
7.9176e-06
8.4636e-06
9.0096e-06
9.5557e-06
1.0102e-05
1.0648e-05
1.1194e-05
1.174e-05
1.2286e-05
1.2832e-05
1.3378e-05
1.3924e-05
1.447e-05
1.5016e-05
1.5562e-05
1.6108e-05
1.6654e-05
1.72e-05
1.7746e-05
1.8292e-05
1.8838e-05
1.9384e-05
1.993e-05
2.0476e-05
2.1022e-05
2.1569e-05
2.2115e-05
2.2661e-05
2.3207e-05
2.3753e-05
2.4299e-05
2.4845e-05
2.5391e-05
2.5937e-05
2.6483e-05
2.7029e-05
2.7575e-05
2.8121e-05
2.8667e-05
2.9213e-05
2.9759e-05
3.0305e-05
3.0851e-05
3.1397e-05
3.1943e-05
3.2489e-05
3.3035e-05
3.3581e-05
3.4127e-05
3.4673e-05
3.5219e-05
3.5765e-05
3.6312e-05
3.6858e-05
3.7404e-05
3.795e-05
3.8496e-05
3.9042e-05
3.9588e-05
4.0134e-05
4.068e-05
4.1226e-05
4.1772e-05
4.2318e-05
4.2864e-05
4.341e-05
4.3956e-05
4.4502e-05
4.5048e-05
4.5594e-05
4.614e-05
4.6686e-05
4.7232e-05
4.7778e-05
4.8324e-05
4.887e-05
4.9416e-05
4.9962e-05
5.0509e-05
5.1055e-05
5.1601e-05
5.2147e-05
5.2693e-05
5.3239e-05
5.3785e-05
5.4331e-05
5.4877e-05
5.5423e-05
5.5969e-05
5.6515e-05
5.7061e-05
5.7607e-05
5.8153e-05
5.8699e-05
5.9245e-05
5.9791e-05
6.0337e-05
6.0883e-05
6.1429e-05
6.1975e-05
6.2521e-05
6.3067e-05
6.3613e-05
6.4159e-05
6.4706e-05
6.5252e-05
6.5798e-05
6.6344e-05
6.689e-05
6.7436e-05
6.7982e-05
6.8528e-05
6.9074e-05
6.962e-05
7.0166e-05
7.0712e-05
7.1258e-05
7.1804e-05
7.235e-05
7.2896e-05
7.3442e-05
7.3988e-05
7.4534e-05
7.508e-05
7.5626e-05
7.6172e-05
7.6718e-05
7.7264e-05
7.781e-05
7.8356e-05
7.8902e-05
7.9449e-05
7.9995e-05
8.0541e-05
8.1087e-05
8.1633e-05
8.2179e-05
8.2725e-05
8.3271e-05
8.3817e-05
8.4363e-05
8.4909e-05
8.5455e-05
8.6001e-05
8.6547e-05
8.7093e-05
8.7639e-05
8.8185e-05
8.8731e-05
8.9277e-05
8.9823e-05
9.0369e-05
9.0915e-05
9.1461e-05
9.2007e-05
9.2553e-05
9.3099e-05
9.3646e-05
9.4192e-05
9.4738e-05
9.5284e-05
9.583e-05
9.6376e-05
9.6922e-05
9.7468e-05
9.8014e-05
9.856e-05
9.9106e-05
9.9652e-05
0.0001002
0.00010074
0.00010129
0.00010184
0.00010238
0.00010293
0.00010347
0.00010402
0.00010457
0.00010511
0.00010566
0.0001062
0.00010675
0.0001073
0.00010784
0.00010839
0.00010893
0.00010948
0.00011003
0.00011057
0.00011112
0.00011166
0.00011221
0.00011276
0.0001133
0.00011385
0.00011439
0.00011494
0.00011549
0.00011603
0.00011658
0.00011713
0.00011767
0.00011822
0.00011876
0.00011931
0.00011986
0.0001204
0.00012095
0.00012149
0.00012204
0.00012259
0.00012313
0.00012368
0.00012422
0.00012477
0.00012532
0.00012586
0.00012641
0.00012695
0.0001275
0.00012805
0.00012859
0.00012914
0.00012968
0.00013023
0.00013078
0.00013132
0.00013187
0.00013241
0.00013296
0.00013351
0.00013405
0.0001346
0.00013514
0.00013569
0.00013624
0.00013678
0.00013733
0.00013787
0.00013842
0.00013897
0.00013951
0.00014006
0.0001406
0.00014115
0.0001417
0.00014224
0.00014279
0.00014333
0.00014388
0.00014443
0.00014497
0.00014552
0.00014607
0.00014661
0.00014716
0.0001477
0.00014825
0.0001488
0.00014934
0.00014989
0.00015043
0.00015098
0.00015153
0.00015207
0.00015262
0.00015316
0.00015371
0.00015426
0.0001548
0.00015535
0.00015589
0.00015644
0.00015699
0.00015753
0.00015808
0.00015862
0.00015917
0.00015972
0.00016026
0.00016081
0.00016135
0.0001619
0.00016244
0.00016299
0.00016354
0.00016408
0.00016463
0.00016517
0.00016572
0.00016626
0.0001668
0.00016735
0.00016789
0.00016844
0.00016898
0.00016952
0.00017006
0.0001706
0.00017114
0.00017168
0.00017222
0.00017276
0.0001733
0.00017383
0.00017436
0.00017489
0.00017542
0.00017594
0.00017647
0.00017698
0.0001775
0.00017801
0.00017851
0.00017901
0.00017951
0.00017999
0.00018047
0.00018094
0.0001814
0.00018185
0.00018229
0.0001827
0.00018312
0.0001835
0.00018389
0.00018423
0.00018458
0.00018488
0.00018516
0.00018542
0.00018563
0.00018584
0.00018597
0.00018612
0.00018614
0.00018623
0.00018612
0.00018614
0.00018588
0.00018582
0.00018539
0.00018523
0.00018463
0.00018432
0.00018354
0.00018305
0.0001821
0.00018137
0.00018025
0.00017924
0.00017794
0.00017661
0.00017512
0.00017342
0.00017173
0.00016963
0.00016772
0.00016518
0.000163
0.00016001
0.00015753
0.00015406
0.00015123
0.00014729
0.00014405
0.00013962
0.00013592
0.000131
0.00012677
0.00012136
0.00011656
0.00011063
0.00010522
9.876e-05
9.2686e-05
8.5676e-05
7.8912e-05
7.132e-05
6.3836e-05
5.5632e-05
4.7402e-05
3.8554e-05
2.9553e-05
2.0028e-05
1.0231e-05
