-0.00022006
-0.00022908
-0.00022941
-0.00022917
-0.00022889
-0.0002286
-0.00022831
-0.00022802
-0.00022774
-0.00022745
-0.00022716
-0.00022687
-0.00022659
-0.0002263
-0.00022601
-0.00022572
-0.00022543
-0.00022515
-0.00022486
-0.00022457
-0.00022428
-0.000224
-0.00022371
-0.00022342
-0.00022313
-0.00022284
-0.00022256
-0.00022227
-0.00022198
-0.00022169
-0.00022141
-0.00022112
-0.00022083
-0.00022054
-0.00022025
-0.00021997
-0.00021968
-0.00021939
-0.0002191
-0.00021882
-0.00021853
-0.00021824
-0.00021795
-0.00021766
-0.00021738
-0.00021709
-0.0002168
-0.00021651
-0.00021623
-0.00021594
-0.00021565
-0.00021536
-0.00021508
-0.00021479
-0.0002145
-0.00021421
-0.00021392
-0.00021364
-0.00021335
-0.00021306
-0.00021277
-0.00021249
-0.0002122
-0.00021191
-0.00021162
-0.00021133
-0.00021105
-0.00021076
-0.00021047
-0.00021018
-0.0002099
-0.00020961
-0.00020932
-0.00020903
-0.00020874
-0.00020846
-0.00020817
-0.00020788
-0.00020759
-0.00020731
-0.00020702
-0.00020673
-0.00020644
-0.00020615
-0.00020587
-0.00020558
-0.00020529
-0.000205
-0.00020472
-0.00020443
-0.00020414
-0.00020385
-0.00020356
-0.00020328
-0.00020299
-0.0002027
-0.00020241
-0.00020213
-0.00020184
-0.00020155
-0.00020126
-0.00020097
-0.00020069
-0.0002004
-0.00020011
-0.00019982
-0.00019954
-0.00019925
-0.00019896
-0.00019867
-0.00019838
-0.0001981
-0.00019781
-0.00019752
-0.00019723
-0.00019695
-0.00019666
-0.00019637
-0.00019608
-0.0001958
-0.00019551
-0.00019522
-0.00019493
-0.00019464
-0.00019436
-0.00019407
-0.00019378
-0.00019349
-0.00019321
-0.00019292
-0.00019263
-0.00019234
-0.00019205
-0.00019177
-0.00019148
-0.00019119
-0.0001909
-0.00019062
-0.00019033
-0.00019004
-0.00018975
-0.00018946
-0.00018918
-0.00018889
-0.0001886
-0.00018831
-0.00018803
-0.00018774
-0.00018745
-0.00018716
-0.00018687
-0.00018659
-0.0001863
-0.00018601
-0.00018572
-0.00018544
-0.00018515
-0.00018486
-0.00018457
-0.00018428
-0.000184
-0.00018371
-0.00018342
-0.00018313
-0.00018285
-0.00018256
-0.00018227
-0.00018198
-0.00018169
-0.00018141
-0.00018112
-0.00018083
-0.00018054
-0.00018026
-0.00017997
-0.00017968
-0.00017939
-0.0001791
-0.00017882
-0.00017853
-0.00017824
-0.00017795
-0.00017767
-0.00017738
-0.00017709
-0.0001768
-0.00017651
-0.00017623
-0.00017594
-0.00017565
-0.00017536
-0.00017508
-0.00017479
-0.0001745
-0.00017421
-0.00017393
-0.00017364
-0.00017335
-0.00017306
-0.00017277
-0.00017249
-0.0001722
-0.00017191
-0.00017162
-0.00017134
-0.00017105
-0.00017076
-0.00017047
-0.00017018
-0.0001699
-0.00016961
-0.00016932
-0.00016903
-0.00016875
-0.00016846
-0.00016817
-0.00016788
-0.00016759
-0.00016731
-0.00016702
-0.00016673
-0.00016644
-0.00016616
-0.00016587
-0.00016558
-0.00016529
-0.000165
-0.00016472
-0.00016443
-0.00016414
-0.00016385
-0.00016357
-0.00016328
-0.00016299
-0.0001627
-0.00016241
-0.00016213
-0.00016184
-0.00016155
-0.00016126
-0.00016098
-0.00016069
-0.0001604
-0.00016011
-0.00015982
-0.00015954
-0.00015925
-0.00015896
-0.00015867
-0.00015839
-0.0001581
-0.00015781
-0.00015752
-0.00015723
-0.00015695
-0.00015666
-0.00015637
-0.00015608
-0.0001558
-0.00015551
-0.00015522
-0.00015493
-0.00015464
-0.00015436
-0.00015407
-0.00015378
-0.00015349
-0.00015321
-0.00015292
-0.00015263
-0.00015234
-0.00015206
-0.00015177
-0.00015148
-0.00015119
-0.0001509
-0.00015062
-0.00015033
-0.00015004
-0.00014975
-0.00014947
-0.00014918
-0.00014889
-0.0001486
-0.00014831
-0.00014803
-0.00014774
-0.00014745
-0.00014716
-0.00014688
-0.00014659
-0.0001463
-0.00014601
-0.00014572
-0.00014544
-0.00014515
-0.00014486
-0.00014457
-0.00014429
-0.000144
-0.00014371
-0.00014342
-0.00014313
-0.00014285
-0.00014256
-0.00014227
-0.00014198
-0.0001417
-0.00014141
-0.00014112
-0.00014083
-0.00014054
-0.00014026
-0.00013997
-0.00013968
-0.00013939
-0.00013911
-0.00013882
-0.00013853
-0.00013824
-0.00013795
-0.00013767
-0.00013738
-0.00013709
-0.0001368
-0.00013652
-0.00013623
-0.00013594
-0.00013565
-0.00013536
-0.00013508
-0.00013479
-0.0001345
-0.00013421
-0.00013393
-0.00013364
-0.00013335
-0.00013306
-0.00013278
-0.00013249
-0.0001322
-0.00013191
-0.00013162
-0.00013134
-0.00013105
-0.00013076
-0.00013047
-0.00013019
-0.0001299
-0.00012961
-0.00012932
-0.00012903
-0.00012875
-0.00012846
-0.00012817
-0.00012788
-0.0001276
-0.00012731
-0.00012702
-0.00012673
-0.00012644
-0.00012616
-0.00012587
-0.00012558
-0.00012529
-0.00012501
-0.00012472
-0.00012443
-0.00012414
-0.00012385
-0.00012357
-0.00012328
-0.00012299
-0.0001227
-0.00012242
-0.00012213
-0.00012184
-0.00012155
-0.00012126
-0.00012098
-0.00012069
-0.0001204
-0.00012011
-0.00011983
-0.00011954
-0.00011925
-0.00011896
-0.00011867
-0.00011839
-0.0001181
-0.00011781
-0.00011752
-0.00011724
-0.00011695
-0.00011666
-0.00011637
-0.00011608
-0.0001158
-0.00011551
-0.00011522
-0.00011493
-0.00011465
-0.00011436
-0.00011407
-0.00011378
-0.00011349
-0.00011321
-0.00011292
-0.00011263
-0.00011234
-0.00011206
-0.00011177
-0.00011148
-0.00011119
-0.00011091
-0.00011062
-0.00011033
-0.00011004
-0.00010975
-0.00010947
-0.00010918
-0.00010889
-0.0001086
-0.00010832
-0.00010803
-0.00010774
-0.00010745
-0.00010716
-0.00010688
-0.00010659
-0.0001063
-0.00010601
-0.00010573
-0.00010544
-0.00010515
-0.00010486
-0.00010457
-0.00010429
-0.000104
-0.00010371
-0.00010342
-0.00010314
-0.00010285
-0.00010256
-0.00010227
-0.00010198
-0.0001017
-0.00010141
-0.00010112
-0.00010083
-0.00010055
-0.00010026
-9.997e-05
-9.9682e-05
-9.9395e-05
-9.9107e-05
-9.8819e-05
-9.8531e-05
-9.8244e-05
-9.7956e-05
-9.7668e-05
-9.738e-05
-9.7092e-05
-9.6805e-05
-9.6517e-05
-9.6229e-05
-9.5941e-05
-9.5654e-05
-9.5366e-05
-9.5078e-05
-9.479e-05
-9.4503e-05
-9.4215e-05
-9.3927e-05
-9.3639e-05
-9.3352e-05
-9.3064e-05
-9.2776e-05
-9.2488e-05
-9.2201e-05
-9.1913e-05
-9.1625e-05
-9.1337e-05
-9.1049e-05
-9.0762e-05
-9.0474e-05
-9.0186e-05
-8.9898e-05
-8.9611e-05
-8.9323e-05
-8.9035e-05
-8.8747e-05
-8.846e-05
-8.8172e-05
-8.7884e-05
-8.7596e-05
-8.7309e-05
-8.7021e-05
-8.6733e-05
-8.6445e-05
-8.6157e-05
-8.587e-05
-8.5582e-05
-8.5294e-05
-8.5006e-05
-8.4719e-05
-8.4431e-05
-8.4143e-05
-8.3855e-05
-8.3568e-05
-8.328e-05
-8.2992e-05
-8.2704e-05
-8.2417e-05
-8.2129e-05
-8.1841e-05
-8.1553e-05
-8.1266e-05
-8.0978e-05
-8.069e-05
-8.0402e-05
-8.0114e-05
-7.9827e-05
-7.9539e-05
-7.9251e-05
-7.8963e-05
-7.8676e-05
-7.8388e-05
-7.81e-05
-7.7812e-05
-7.7525e-05
-7.7237e-05
-7.6949e-05
-7.6661e-05
-7.6374e-05
-7.6086e-05
-7.5798e-05
-7.551e-05
-7.5223e-05
-7.4935e-05
-7.4647e-05
-7.4359e-05
-7.4071e-05
-7.3784e-05
-7.3496e-05
-7.3208e-05
-7.292e-05
-7.2633e-05
-7.2345e-05
-7.2057e-05
-7.1769e-05
-7.1482e-05
-7.1194e-05
-7.0906e-05
-7.0618e-05
-7.0331e-05
-7.0043e-05
-6.9755e-05
-6.9467e-05
-6.918e-05
-6.8892e-05
-6.8604e-05
-6.8316e-05
-6.8028e-05
-6.7741e-05
-6.7453e-05
-6.7165e-05
-6.6877e-05
-6.659e-05
-6.6302e-05
-6.6014e-05
-6.5726e-05
-6.5439e-05
-6.5151e-05
-6.4863e-05
-6.4575e-05
-6.4288e-05
-6.4e-05
-6.3712e-05
-6.3424e-05
-6.3136e-05
-6.2849e-05
-6.2561e-05
-6.2273e-05
-6.1985e-05
-6.1698e-05
-6.141e-05
-6.1122e-05
-6.0834e-05
-6.0547e-05
-6.0259e-05
-5.9971e-05
-5.9683e-05
-5.9396e-05
-5.9108e-05
-5.882e-05
-5.8532e-05
-5.8245e-05
-5.7957e-05
-5.7669e-05
-5.7381e-05
-5.7093e-05
-5.6806e-05
-5.6518e-05
-5.623e-05
-5.5942e-05
-5.5655e-05
-5.5367e-05
-5.5079e-05
-5.4791e-05
-5.4504e-05
-5.4216e-05
-5.3928e-05
-5.364e-05
-5.3353e-05
-5.3065e-05
-5.2777e-05
-5.2489e-05
-5.2202e-05
-5.1914e-05
-5.1626e-05
-5.1338e-05
-5.105e-05
-5.0763e-05
-5.0475e-05
-5.0187e-05
-4.9899e-05
-4.9612e-05
-4.9324e-05
-4.9036e-05
-4.8748e-05
-4.8461e-05
-4.8173e-05
-4.7885e-05
-4.7597e-05
-4.731e-05
-4.7022e-05
-4.6734e-05
-4.6446e-05
-4.6159e-05
-4.5871e-05
-4.5583e-05
-4.5295e-05
-4.5007e-05
-4.472e-05
-4.4432e-05
-4.4144e-05
-4.3856e-05
-4.3569e-05
-4.3281e-05
-4.2993e-05
-4.2705e-05
-4.2418e-05
-4.213e-05
-4.1842e-05
-4.1554e-05
-4.1267e-05
-4.0979e-05
-4.0691e-05
-4.0403e-05
-4.0115e-05
-3.9828e-05
-3.954e-05
-3.9252e-05
-3.8964e-05
-3.8677e-05
-3.8389e-05
-3.8101e-05
-3.7813e-05
-3.7526e-05
-3.7238e-05
-3.695e-05
-3.6662e-05
-3.6375e-05
-3.6087e-05
-3.5799e-05
-3.5511e-05
-3.5224e-05
-3.4936e-05
-3.4648e-05
-3.436e-05
-3.4072e-05
-3.3785e-05
-3.3497e-05
-3.3209e-05
-3.2921e-05
-3.2634e-05
-3.2346e-05
-3.2058e-05
-3.177e-05
-3.1483e-05
-3.1195e-05
-3.0907e-05
-3.0619e-05
-3.0332e-05
-3.0044e-05
-2.9756e-05
-2.9468e-05
-2.9181e-05
-2.8893e-05
-2.8605e-05
-2.8317e-05
-2.8029e-05
-2.7742e-05
-2.7454e-05
-2.7166e-05
-2.6878e-05
-2.6591e-05
-2.6303e-05
-2.6015e-05
-2.5727e-05
-2.544e-05
-2.5152e-05
-2.4864e-05
-2.4576e-05
-2.4289e-05
-2.4001e-05
-2.3713e-05
-2.3425e-05
-2.3137e-05
-2.285e-05
-2.2562e-05
-2.2274e-05
-2.1986e-05
-2.1699e-05
-2.1411e-05
-2.1123e-05
-2.0835e-05
-2.0548e-05
-2.026e-05
-1.9972e-05
-1.9684e-05
-1.9397e-05
-1.9109e-05
-1.8821e-05
-1.8533e-05
-1.8246e-05
-1.7958e-05
-1.767e-05
-1.7382e-05
-1.7094e-05
-1.6807e-05
-1.6519e-05
-1.6231e-05
-1.5943e-05
-1.5656e-05
-1.5368e-05
-1.508e-05
-1.4792e-05
-1.4505e-05
-1.4217e-05
-1.3929e-05
-1.3641e-05
-1.3354e-05
-1.3066e-05
-1.2778e-05
-1.249e-05
-1.2203e-05
-1.1915e-05
-1.1627e-05
-1.1339e-05
-1.1051e-05
-1.0764e-05
-1.0476e-05
-1.0188e-05
-9.9004e-06
-9.6127e-06
-9.3249e-06
-9.0371e-06
-8.7494e-06
-8.4616e-06
-8.1738e-06
-7.8861e-06
-7.5983e-06
-7.3106e-06
-7.0228e-06
-6.735e-06
-6.4473e-06
-6.1595e-06
-5.8717e-06
-5.584e-06
-5.2962e-06
-5.0085e-06
-4.7207e-06
-4.4329e-06
-4.1452e-06
-3.8574e-06
-3.5696e-06
-3.2819e-06
-2.9941e-06
-2.7064e-06
-2.4186e-06
-2.1308e-06
-1.8431e-06
-1.5553e-06
-1.2675e-06
-9.7978e-07
-6.9202e-07
-4.0425e-07
-1.1649e-07
1.7127e-07
4.5903e-07
7.468e-07
1.0346e-06
1.3223e-06
1.6101e-06
1.8978e-06
2.1856e-06
2.4734e-06
2.7611e-06
3.0489e-06
3.3367e-06
3.6244e-06
3.9122e-06
4.1999e-06
4.4877e-06
4.7755e-06
5.0632e-06
5.351e-06
5.6388e-06
5.9265e-06
6.2143e-06
6.502e-06
6.7898e-06
7.0776e-06
7.3653e-06
7.6531e-06
7.9409e-06
8.2286e-06
8.5164e-06
8.8041e-06
9.0919e-06
9.3797e-06
9.6674e-06
9.9552e-06
1.0243e-05
1.0531e-05
1.0818e-05
1.1106e-05
1.1394e-05
1.1682e-05
1.197e-05
1.2257e-05
1.2545e-05
1.2833e-05
1.3121e-05
1.3408e-05
1.3696e-05
1.3984e-05
1.4272e-05
1.4559e-05
1.4847e-05
1.5135e-05
1.5423e-05
1.571e-05
1.5998e-05
1.6286e-05
1.6574e-05
1.6862e-05
1.7149e-05
1.7437e-05
1.7725e-05
1.8013e-05
1.83e-05
1.8588e-05
1.8876e-05
1.9164e-05
1.9451e-05
1.9739e-05
2.0027e-05
2.0315e-05
2.0602e-05
2.089e-05
2.1178e-05
2.1466e-05
2.1753e-05
2.2041e-05
2.2329e-05
2.2617e-05
2.2905e-05
2.3192e-05
2.348e-05
2.3768e-05
2.4056e-05
2.4343e-05
2.4631e-05
2.4919e-05
2.5207e-05
2.5494e-05
2.5782e-05
2.607e-05
2.6358e-05
2.6645e-05
2.6933e-05
2.7221e-05
2.7509e-05
2.7796e-05
2.8084e-05
2.8372e-05
2.866e-05
2.8948e-05
2.9235e-05
2.9523e-05
2.9811e-05
3.0099e-05
3.0386e-05
3.0674e-05
3.0962e-05
3.125e-05
3.1537e-05
3.1825e-05
3.2113e-05
3.2401e-05
3.2688e-05
3.2976e-05
3.3264e-05
3.3552e-05
3.3839e-05
3.4127e-05
3.4415e-05
3.4703e-05
3.4991e-05
3.5278e-05
3.5566e-05
3.5854e-05
3.6142e-05
3.6429e-05
3.6717e-05
3.7005e-05
3.7293e-05
3.758e-05
3.7868e-05
3.8156e-05
3.8444e-05
3.8731e-05
3.9019e-05
3.9307e-05
3.9595e-05
3.9883e-05
4.017e-05
4.0458e-05
4.0746e-05
4.1034e-05
4.1321e-05
4.1609e-05
4.1897e-05
4.2185e-05
4.2472e-05
4.276e-05
4.3048e-05
4.3336e-05
4.3623e-05
4.3911e-05
4.4199e-05
4.4487e-05
4.4774e-05
4.5062e-05
4.535e-05
4.5638e-05
4.5926e-05
4.6213e-05
4.6501e-05
4.6789e-05
4.7077e-05
4.7364e-05
4.7652e-05
4.794e-05
4.8228e-05
4.8515e-05
4.8803e-05
4.9091e-05
4.9379e-05
4.9666e-05
4.9954e-05
5.0242e-05
5.053e-05
5.0817e-05
5.1105e-05
5.1393e-05
5.1681e-05
5.1969e-05
5.2256e-05
5.2544e-05
5.2832e-05
5.312e-05
5.3407e-05
5.3695e-05
5.3983e-05
5.4271e-05
5.4558e-05
5.4846e-05
5.5134e-05
5.5422e-05
5.5709e-05
5.5997e-05
5.6285e-05
5.6573e-05
5.686e-05
5.7148e-05
5.7436e-05
5.7724e-05
5.8012e-05
5.8299e-05
5.8587e-05
5.8875e-05
5.9163e-05
5.945e-05
5.9738e-05
6.0026e-05
6.0314e-05
6.0601e-05
6.0889e-05
6.1177e-05
6.1465e-05
6.1752e-05
6.204e-05
6.2328e-05
6.2616e-05
6.2904e-05
6.3191e-05
6.3479e-05
6.3767e-05
6.4055e-05
6.4342e-05
6.463e-05
6.4918e-05
6.5206e-05
6.5493e-05
6.5781e-05
6.6069e-05
6.6357e-05
6.6644e-05
6.6932e-05
6.722e-05
6.7508e-05
6.7795e-05
6.8083e-05
6.8371e-05
6.8659e-05
6.8947e-05
6.9234e-05
6.9522e-05
6.981e-05
7.0098e-05
7.0385e-05
7.0673e-05
7.0961e-05
7.1249e-05
7.1536e-05
7.1824e-05
7.2112e-05
7.24e-05
7.2687e-05
7.2975e-05
7.3263e-05
7.3551e-05
7.3838e-05
7.4126e-05
7.4414e-05
7.4702e-05
7.499e-05
7.5277e-05
7.5565e-05
7.5853e-05
7.6141e-05
7.6428e-05
7.6716e-05
7.7004e-05
7.7292e-05
7.7579e-05
7.7867e-05
7.8155e-05
7.8443e-05
7.873e-05
7.9018e-05
7.9306e-05
7.9594e-05
7.9882e-05
8.0169e-05
8.0457e-05
8.0745e-05
8.1033e-05
8.132e-05
8.1608e-05
8.1896e-05
8.2184e-05
8.2471e-05
8.2759e-05
8.3047e-05
8.3335e-05
8.3622e-05
8.391e-05
8.4198e-05
8.4486e-05
8.4773e-05
8.5061e-05
8.5349e-05
8.5637e-05
8.5925e-05
8.6212e-05
8.65e-05
8.6788e-05
8.7076e-05
8.7363e-05
8.7651e-05
8.7939e-05
8.8227e-05
8.8514e-05
8.8802e-05
8.909e-05
8.9378e-05
8.9665e-05
8.9953e-05
9.0241e-05
9.0529e-05
9.0816e-05
9.1104e-05
9.1392e-05
9.168e-05
9.1968e-05
9.2255e-05
9.2543e-05
9.2831e-05
9.3119e-05
9.3406e-05
9.3694e-05
9.3982e-05
9.427e-05
9.4557e-05
9.4845e-05
9.5133e-05
9.5421e-05
9.5708e-05
9.5996e-05
9.6284e-05
9.6572e-05
9.6859e-05
9.7147e-05
9.7435e-05
9.7723e-05
9.8011e-05
9.8298e-05
9.8586e-05
9.8874e-05
9.9162e-05
9.9449e-05
9.9737e-05
0.00010002
0.00010031
0.0001006
0.00010089
0.00010118
0.00010146
0.00010175
0.00010204
0.00010233
0.00010261
0.0001029
0.00010319
0.00010348
0.00010377
0.00010405
0.00010434
0.00010463
0.00010492
0.0001052
0.00010549
0.00010578
0.00010607
0.00010636
0.00010664
0.00010693
0.00010722
0.00010751
0.00010779
0.00010808
0.00010837
0.00010866
0.00010895
0.00010923
0.00010952
0.00010981
0.0001101
0.00011038
0.00011067
0.00011096
0.00011125
0.00011154
0.00011182
0.00011211
0.0001124
0.00011269
0.00011297
0.00011326
0.00011355
0.00011384
0.00011413
0.00011441
0.0001147
0.00011499
0.00011528
0.00011556
0.00011585
0.00011614
0.00011643
0.00011672
0.000117
0.00011729
0.00011758
0.00011787
0.00011815
0.00011844
0.00011873
0.00011902
0.0001193
0.00011959
0.00011988
0.00012017
0.00012046
0.00012074
0.00012103
0.00012132
0.00012161
0.00012189
0.00012218
0.00012247
0.00012276
0.00012305
0.00012333
0.00012362
0.00012391
0.0001242
0.00012448
0.00012477
0.00012506
0.00012535
0.00012564
0.00012592
0.00012621
0.0001265
0.00012679
0.00012707
0.00012736
0.00012765
0.00012794
0.00012823
0.00012851
0.0001288
0.00012909
0.00012938
0.00012966
0.00012995
0.00013024
0.00013053
0.00013082
0.0001311
0.00013139
0.00013168
0.00013197
0.00013225
0.00013254
0.00013283
0.00013312
0.00013341
0.00013369
0.00013398
0.00013427
0.00013456
0.00013484
0.00013513
0.00013542
0.00013571
0.000136
0.00013628
0.00013657
0.00013686
0.00013715
0.00013743
0.00013772
0.00013801
0.0001383
0.00013859
0.00013887
0.00013916
0.00013945
0.00013974
0.00014002
0.00014031
0.0001406
0.00014089
0.00014117
0.00014146
0.00014175
0.00014204
0.00014233
0.00014261
0.0001429
0.00014319
0.00014348
0.00014376
0.00014405
0.00014434
0.00014463
0.00014492
0.0001452
0.00014549
0.00014578
0.00014607
0.00014635
0.00014664
0.00014693
0.00014722
0.00014751
0.00014779
0.00014808
0.00014837
0.00014866
0.00014894
0.00014923
0.00014952
0.00014981
0.0001501
0.00015038
0.00015067
0.00015096
0.00015125
0.00015153
0.00015182
0.00015211
0.0001524
0.00015269
0.00015297
0.00015326
0.00015355
0.00015384
0.00015412
0.00015441
0.0001547
0.00015499
0.00015528
0.00015556
0.00015585
0.00015614
0.00015643
0.00015671
0.000157
0.00015729
0.00015758
0.00015787
0.00015815
0.00015844
0.00015873
0.00015902
0.0001593
0.00015959
0.00015988
0.00016017
0.00016046
0.00016074
0.00016103
0.00016132
0.00016161
0.00016189
0.00016218
0.00016247
0.00016276
0.00016304
0.00016333
0.00016362
0.00016391
0.0001642
0.00016448
0.00016477
0.00016506
0.00016535
0.00016563
0.00016592
0.00016621
0.0001665
0.00016679
0.00016707
0.00016736
0.00016765
0.00016794
0.00016822
0.00016851
0.0001688
0.00016909
0.00016938
0.00016966
0.00016995
0.00017024
0.00017053
0.00017081
0.0001711
0.00017139
0.00017168
0.00017197
0.00017225
0.00017254
0.00017283
0.00017312
0.0001734
0.00017369
0.00017398
0.00017427
0.00017456
0.00017484
0.00017513
0.00017542
0.00017571
0.00017599
0.00017628
0.00017657
0.00017686
0.00017715
0.00017743
0.00017772
0.00017801
0.0001783
0.00017858
0.00017887
0.00017916
0.00017945
0.00017974
0.00018002
0.00018031
0.0001806
0.00018089
0.00018117
0.00018146
0.00018175
0.00018204
0.00018232
0.00018261
0.0001829
0.00018319
0.00018348
0.00018376
0.00018405
0.00018434
0.00018463
0.00018491
0.0001852
0.00018549
0.00018578
0.00018607
0.00018635
0.00018664
0.00018693
0.00018722
0.0001875
0.00018779
0.00018808
0.00018837
0.00018866
0.00018894
0.00018923
0.00018952
0.00018981
0.00019009
0.00019038
0.00019067
0.00019096
0.00019125
0.00019153
0.00019182
0.00019211
0.0001924
0.00019268
0.00019297
0.00019326
0.00019355
0.00019384
0.00019412
0.00019441
0.0001947
0.00019499
0.00019527
0.00019556
0.00019585
0.00019614
0.00019643
0.00019671
0.000197
0.00019729
0.00019758
0.00019786
0.00019815
0.00019844
0.00019873
0.00019902
0.0001993
0.00019959
0.00019988
0.00020017
0.00020045
0.00020074
0.00020103
0.00020132
0.00020161
0.00020189
0.00020218
0.00020247
0.00020276
0.00020304
0.00020333
0.00020362
0.00020391
0.00020419
0.00020448
0.00020477
0.00020506
0.00020535
0.00020563
0.00020592
0.00020621
0.0002065
0.00020678
0.00020707
0.00020736
0.00020765
0.00020793
0.00020822
0.00020851
0.00020879
0.00020908
0.00020937
0.00020965
0.00020994
0.00021022
0.0002105
0.00021079
0.00021107
0.00021135
0.00021162
0.0002119
0.00021217
0.00021244
0.0002127
0.00021296
0.00021321
0.00021345
0.00021369
0.00021391
0.00021413
0.00021433
0.00021451
0.00021467
0.00021481
0.00021492
0.000215
0.00021505
0.00021506
0.00021502
0.00021494
0.00021479
0.00021459
0.0002143
0.00021395
0.00021349
0.00021296
0.00021228
0.00021152
0.0002106
0.00020955
0.00020835
0.00020694
0.00020543
0.0002036
0.00020174
0.00019939
0.00019716
0.00019423
0.00019159
0.00018799
0.0001849
0.00018059
0.00017698
0.00017195
0.00016775
0.00016198
0.00015712
0.00015064
0.00014505
0.0001379
0.0001315
0.00012375
0.00011649
0.00010818
0.00010006
9.1225e-05
8.2297e-05
7.2947e-05
6.3289e-05
5.3428e-05
4.3153e-05
3.2781e-05
2.2015e-05
1.1142e-05
