-2.7645e-05
-5.4207e-05
-7.8437e-05
-0.0001025
-0.00012351
-0.00014517
-0.00016321
-0.00018253
-0.00019788
-0.00021489
-0.00022788
-0.00024257
-0.00025356
-0.00026593
-0.00027526
-0.00028533
-0.00029332
-0.00030116
-0.00030806
-0.00031382
-0.00031976
-0.00032371
-0.00032874
-0.0003312
-0.0003353
-0.00033663
-0.00033976
-0.0003403
-0.00034243
-0.00034245
-0.00034361
-0.0003433
-0.0003436
-0.00034304
-0.00034264
-0.00034185
-0.00034093
-0.0003399
-0.00033862
-0.00033736
-0.00033584
-0.00033435
-0.00033268
-0.00033101
-0.00032922
-0.00032741
-0.00032553
-0.00032362
-0.00032167
-0.00031969
-0.00031769
-0.00031567
-0.00031363
-0.00031157
-0.0003095
-0.00030742
-0.00030533
-0.00030323
-0.00030112
-0.00029902
-0.0002969
-0.00029479
-0.00029267
-0.00029055
-0.00028843
-0.0002863
-0.00028418
-0.00028205
-0.00027993
-0.0002778
-0.00027567
-0.00027354
-0.00027142
-0.00026929
-0.00026716
-0.00026503
-0.0002629
-0.00026077
-0.00025865
-0.00025652
-0.00025439
-0.00025226
-0.00025013
-0.000248
-0.00024587
-0.00024374
-0.00024162
-0.00023949
-0.00023736
-0.00023523
-0.0002331
-0.00023097
-0.00022884
-0.00022671
-0.00022459
-0.00022246
-0.00022033
-0.0002182
-0.00021607
-0.00021394
-0.00021181
-0.00020968
-0.00020756
-0.00020543
-0.0002033
-0.00020117
-0.00019904
-0.00019691
-0.00019478
-0.00019265
-0.00019053
-0.0001884
-0.00018627
-0.00018414
-0.00018201
-0.00017988
-0.00017775
-0.00017562
-0.00017349
-0.00017137
-0.00016924
-0.00016711
-0.00016498
-0.00016285
-0.00016072
-0.00015859
-0.00015646
-0.00015434
-0.00015221
-0.00015008
-0.00014795
-0.00014582
-0.00014369
-0.00014156
-0.00013943
-0.00013731
-0.00013518
-0.00013305
-0.00013092
-0.00012879
-0.00012666
-0.00012453
-0.0001224
-0.00012028
-0.00011815
-0.00011602
-0.00011389
-0.00011176
-0.00010963
-0.0001075
-0.00010537
-0.00010325
-0.00010112
-9.8988e-05
-9.6859e-05
-9.473e-05
-9.2602e-05
-9.0473e-05
-8.8344e-05
-8.6215e-05
-8.4086e-05
-8.1958e-05
-7.9829e-05
-7.77e-05
-7.5571e-05
-7.3443e-05
-7.1314e-05
-6.9185e-05
-6.7056e-05
-6.4928e-05
-6.2799e-05
-6.067e-05
-5.8541e-05
-5.6412e-05
-5.4284e-05
-5.2155e-05
-5.0026e-05
-4.7897e-05
-4.5769e-05
-4.364e-05
-4.1511e-05
-3.9382e-05
-3.7254e-05
-3.5125e-05
-3.2996e-05
-3.0867e-05
-2.8738e-05
-2.661e-05
-2.4481e-05
-2.2352e-05
-2.0223e-05
-1.8095e-05
-1.5966e-05
-1.3837e-05
-1.1708e-05
-9.5795e-06
-7.4507e-06
-5.3219e-06
-3.1932e-06
-1.0644e-06
1.0644e-06
3.1932e-06
5.3219e-06
7.4507e-06
9.5795e-06
1.1708e-05
1.3837e-05
1.5966e-05
1.8095e-05
2.0223e-05
2.2352e-05
2.4481e-05
2.661e-05
2.8738e-05
3.0867e-05
3.2996e-05
3.5125e-05
3.7254e-05
3.9382e-05
4.1511e-05
4.364e-05
4.5769e-05
4.7897e-05
5.0026e-05
5.2155e-05
5.4284e-05
5.6412e-05
5.8541e-05
6.067e-05
6.2799e-05
6.4928e-05
6.7056e-05
6.9185e-05
7.1314e-05
7.3443e-05
7.5571e-05
7.77e-05
7.9829e-05
8.1958e-05
8.4086e-05
8.6215e-05
8.8344e-05
9.0473e-05
9.2602e-05
9.473e-05
9.6859e-05
9.8988e-05
0.00010112
0.00010325
0.00010537
0.0001075
0.00010963
0.00011176
0.00011389
0.00011602
0.00011815
0.00012028
0.0001224
0.00012453
0.00012666
0.00012879
0.00013092
0.00013305
0.00013518
0.00013731
0.00013943
0.00014156
0.00014369
0.00014582
0.00014795
0.00015008
0.00015221
0.00015434
0.00015646
0.00015859
0.00016072
0.00016285
0.00016498
0.00016711
0.00016924
0.00017137
0.00017349
0.00017562
0.00017775
0.00017988
0.00018201
0.00018414
0.00018627
0.0001884
0.00019053
0.00019265
0.00019478
0.00019691
0.00019904
0.00020117
0.0002033
0.00020543
0.00020756
0.00020968
0.00021181
0.00021394
0.00021607
0.0002182
0.00022033
0.00022246
0.00022459
0.00022671
0.00022884
0.00023097
0.0002331
0.00023523
0.00023736
0.00023949
0.00024162
0.00024374
0.00024587
0.000248
0.00025013
0.00025226
0.00025439
0.00025652
0.00025865
0.00026077
0.0002629
0.00026503
0.00026716
0.00026929
0.00027142
0.00027354
0.00027567
0.0002778
0.00027993
0.00028205
0.00028418
0.0002863
0.00028843
0.00029055
0.00029267
0.00029479
0.0002969
0.00029902
0.00030112
0.00030323
0.00030533
0.00030742
0.0003095
0.00031157
0.00031363
0.00031567
0.00031769
0.00031969
0.00032167
0.00032362
0.00032553
0.00032741
0.00032922
0.00033101
0.00033268
0.00033435
0.00033584
0.00033736
0.00033862
0.0003399
0.00034093
0.00034185
0.00034264
0.00034304
0.0003436
0.0003433
0.00034361
0.00034245
0.00034243
0.0003403
0.00033976
0.00033663
0.0003353
0.0003312
0.00032874
0.00032371
0.00031976
0.00031382
0.00030806
0.00030116
0.00029332
0.00028533
0.00027526
0.00026593
0.00025356
0.00024257
0.00022788
0.00021489
0.00019788
0.00018253
0.00016321
0.00014517
0.00012351
0.0001025
7.8437e-05
5.4207e-05
2.7645e-05
