-0.00043681
-0.00043345
-0.00042459
-0.00041565
-0.0004067
-0.00039776
-0.00038881
-0.00037987
-0.00037093
-0.00036198
-0.00035304
-0.0003441
-0.00033515
-0.00032621
-0.00031727
-0.00030832
-0.00029938
-0.00029044
-0.00028149
-0.00027255
-0.00026361
-0.00025466
-0.00024572
-0.00023677
-0.00022783
-0.00021889
-0.00020994
-0.000201
-0.00019206
-0.00018311
-0.00017417
-0.00016523
-0.00015628
-0.00014734
-0.0001384
-0.00012945
-0.00012051
-0.00011157
-0.00010262
-9.3678e-05
-8.4734e-05
-7.5791e-05
-6.6847e-05
-5.7904e-05
-4.896e-05
-4.0017e-05
-3.1073e-05
-2.213e-05
-1.3186e-05
-4.2427e-06
4.7008e-06
1.3644e-05
2.2588e-05
3.1531e-05
4.0475e-05
4.9418e-05
5.8362e-05
6.7306e-05
7.6249e-05
8.5193e-05
9.4136e-05
0.00010308
0.00011202
0.00012097
0.00012991
0.00013885
0.0001478
0.00015674
0.00016568
0.00017463
0.00018357
0.00019251
0.00020146
0.0002104
0.00021935
0.00022829
0.00023723
0.00024618
0.00025512
0.00026406
0.00027301
0.00028195
0.00029089
0.00029984
0.00030878
0.00031772
0.00032667
0.00033561
0.00034455
0.0003535
0.00036244
0.00037139
0.00038033
0.00038927
0.00039822
0.00040182
0.00037049
0.0003255
0.00026045
0.00014305
