-8.89e-05
-9.0191e-05
-9.0165e-05
-9.011e-05
-9.0053e-05
-8.9997e-05
-8.994e-05
-8.9884e-05
-8.9827e-05
-8.9771e-05
-8.9715e-05
-8.9658e-05
-8.9602e-05
-8.9545e-05
-8.9489e-05
-8.9432e-05
-8.9376e-05
-8.9319e-05
-8.9263e-05
-8.9207e-05
-8.915e-05
-8.9094e-05
-8.9037e-05
-8.8981e-05
-8.8924e-05
-8.8868e-05
-8.8811e-05
-8.8755e-05
-8.8699e-05
-8.8642e-05
-8.8586e-05
-8.8529e-05
-8.8473e-05
-8.8416e-05
-8.836e-05
-8.8304e-05
-8.8247e-05
-8.8191e-05
-8.8134e-05
-8.8078e-05
-8.8021e-05
-8.7965e-05
-8.7908e-05
-8.7852e-05
-8.7796e-05
-8.7739e-05
-8.7683e-05
-8.7626e-05
-8.757e-05
-8.7513e-05
-8.7457e-05
-8.74e-05
-8.7344e-05
-8.7288e-05
-8.7231e-05
-8.7175e-05
-8.7118e-05
-8.7062e-05
-8.7005e-05
-8.6949e-05
-8.6892e-05
-8.6836e-05
-8.678e-05
-8.6723e-05
-8.6667e-05
-8.661e-05
-8.6554e-05
-8.6497e-05
-8.6441e-05
-8.6384e-05
-8.6328e-05
-8.6272e-05
-8.6215e-05
-8.6159e-05
-8.6102e-05
-8.6046e-05
-8.5989e-05
-8.5933e-05
-8.5876e-05
-8.582e-05
-8.5764e-05
-8.5707e-05
-8.5651e-05
-8.5594e-05
-8.5538e-05
-8.5481e-05
-8.5425e-05
-8.5368e-05
-8.5312e-05
-8.5256e-05
-8.5199e-05
-8.5143e-05
-8.5086e-05
-8.503e-05
-8.4973e-05
-8.4917e-05
-8.486e-05
-8.4804e-05
-8.4748e-05
-8.4691e-05
-8.4635e-05
-8.4578e-05
-8.4522e-05
-8.4465e-05
-8.4409e-05
-8.4352e-05
-8.4296e-05
-8.424e-05
-8.4183e-05
-8.4127e-05
-8.407e-05
-8.4014e-05
-8.3957e-05
-8.3901e-05
-8.3845e-05
-8.3788e-05
-8.3732e-05
-8.3675e-05
-8.3619e-05
-8.3562e-05
-8.3506e-05
-8.3449e-05
-8.3393e-05
-8.3337e-05
-8.328e-05
-8.3224e-05
-8.3167e-05
-8.3111e-05
-8.3054e-05
-8.2998e-05
-8.2941e-05
-8.2885e-05
-8.2829e-05
-8.2772e-05
-8.2716e-05
-8.2659e-05
-8.2603e-05
-8.2546e-05
-8.249e-05
-8.2433e-05
-8.2377e-05
-8.2321e-05
-8.2264e-05
-8.2208e-05
-8.2151e-05
-8.2095e-05
-8.2038e-05
-8.1982e-05
-8.1925e-05
-8.1869e-05
-8.1813e-05
-8.1756e-05
-8.17e-05
-8.1643e-05
-8.1587e-05
-8.153e-05
-8.1474e-05
-8.1417e-05
-8.1361e-05
-8.1305e-05
-8.1248e-05
-8.1192e-05
-8.1135e-05
-8.1079e-05
-8.1022e-05
-8.0966e-05
-8.0909e-05
-8.0853e-05
-8.0797e-05
-8.074e-05
-8.0684e-05
-8.0627e-05
-8.0571e-05
-8.0514e-05
-8.0458e-05
-8.0401e-05
-8.0345e-05
-8.0289e-05
-8.0232e-05
-8.0176e-05
-8.0119e-05
-8.0063e-05
-8.0006e-05
-7.995e-05
-7.9893e-05
-7.9837e-05
-7.9781e-05
-7.9724e-05
-7.9668e-05
-7.9611e-05
-7.9555e-05
-7.9498e-05
-7.9442e-05
-7.9385e-05
-7.9329e-05
-7.9273e-05
-7.9216e-05
-7.916e-05
-7.9103e-05
-7.9047e-05
-7.899e-05
-7.8934e-05
-7.8878e-05
-7.8821e-05
-7.8765e-05
-7.8708e-05
-7.8652e-05
-7.8595e-05
-7.8539e-05
-7.8482e-05
-7.8426e-05
-7.837e-05
-7.8313e-05
-7.8257e-05
-7.82e-05
-7.8144e-05
-7.8087e-05
-7.8031e-05
-7.7974e-05
-7.7918e-05
-7.7862e-05
-7.7805e-05
-7.7749e-05
-7.7692e-05
-7.7636e-05
-7.7579e-05
-7.7523e-05
-7.7466e-05
-7.741e-05
-7.7354e-05
-7.7297e-05
-7.7241e-05
-7.7184e-05
-7.7128e-05
-7.7071e-05
-7.7015e-05
-7.6958e-05
-7.6902e-05
-7.6846e-05
-7.6789e-05
-7.6733e-05
-7.6676e-05
-7.662e-05
-7.6563e-05
-7.6507e-05
-7.645e-05
-7.6394e-05
-7.6338e-05
-7.6281e-05
-7.6225e-05
-7.6168e-05
-7.6112e-05
-7.6055e-05
-7.5999e-05
-7.5942e-05
-7.5886e-05
-7.583e-05
-7.5773e-05
-7.5717e-05
-7.566e-05
-7.5604e-05
-7.5547e-05
-7.5491e-05
-7.5434e-05
-7.5378e-05
-7.5322e-05
-7.5265e-05
-7.5209e-05
-7.5152e-05
-7.5096e-05
-7.5039e-05
-7.4983e-05
-7.4926e-05
-7.487e-05
-7.4814e-05
-7.4757e-05
-7.4701e-05
-7.4644e-05
-7.4588e-05
-7.4531e-05
-7.4475e-05
-7.4418e-05
-7.4362e-05
-7.4306e-05
-7.4249e-05
-7.4193e-05
-7.4136e-05
-7.408e-05
-7.4023e-05
-7.3967e-05
-7.3911e-05
-7.3854e-05
-7.3798e-05
-7.3741e-05
-7.3685e-05
-7.3628e-05
-7.3572e-05
-7.3515e-05
-7.3459e-05
-7.3403e-05
-7.3346e-05
-7.329e-05
-7.3233e-05
-7.3177e-05
-7.312e-05
-7.3064e-05
-7.3007e-05
-7.2951e-05
-7.2895e-05
-7.2838e-05
-7.2782e-05
-7.2725e-05
-7.2669e-05
-7.2612e-05
-7.2556e-05
-7.2499e-05
-7.2443e-05
-7.2387e-05
-7.233e-05
-7.2274e-05
-7.2217e-05
-7.2161e-05
-7.2104e-05
-7.2048e-05
-7.1991e-05
-7.1935e-05
-7.1879e-05
-7.1822e-05
-7.1766e-05
-7.1709e-05
-7.1653e-05
-7.1596e-05
-7.154e-05
-7.1483e-05
-7.1427e-05
-7.1371e-05
-7.1314e-05
-7.1258e-05
-7.1201e-05
-7.1145e-05
-7.1088e-05
-7.1032e-05
-7.0975e-05
-7.0919e-05
-7.0863e-05
-7.0806e-05
-7.075e-05
-7.0693e-05
-7.0637e-05
-7.058e-05
-7.0524e-05
-7.0467e-05
-7.0411e-05
-7.0355e-05
-7.0298e-05
-7.0242e-05
-7.0185e-05
-7.0129e-05
-7.0072e-05
-7.0016e-05
-6.9959e-05
-6.9903e-05
-6.9847e-05
-6.979e-05
-6.9734e-05
-6.9677e-05
-6.9621e-05
-6.9564e-05
-6.9508e-05
-6.9452e-05
-6.9395e-05
-6.9339e-05
-6.9282e-05
-6.9226e-05
-6.9169e-05
-6.9113e-05
-6.9056e-05
-6.9e-05
-6.8944e-05
-6.8887e-05
-6.8831e-05
-6.8774e-05
-6.8718e-05
-6.8661e-05
-6.8605e-05
-6.8548e-05
-6.8492e-05
-6.8436e-05
-6.8379e-05
-6.8323e-05
-6.8266e-05
-6.821e-05
-6.8153e-05
-6.8097e-05
-6.804e-05
-6.7984e-05
-6.7928e-05
-6.7871e-05
-6.7815e-05
-6.7758e-05
-6.7702e-05
-6.7645e-05
-6.7589e-05
-6.7532e-05
-6.7476e-05
-6.742e-05
-6.7363e-05
-6.7307e-05
-6.725e-05
-6.7194e-05
-6.7137e-05
-6.7081e-05
-6.7024e-05
-6.6968e-05
-6.6912e-05
-6.6855e-05
-6.6799e-05
-6.6742e-05
-6.6686e-05
-6.6629e-05
-6.6573e-05
-6.6516e-05
-6.646e-05
-6.6404e-05
-6.6347e-05
-6.6291e-05
-6.6234e-05
-6.6178e-05
-6.6121e-05
-6.6065e-05
-6.6008e-05
-6.5952e-05
-6.5896e-05
-6.5839e-05
-6.5783e-05
-6.5726e-05
-6.567e-05
-6.5613e-05
-6.5557e-05
-6.55e-05
-6.5444e-05
-6.5388e-05
-6.5331e-05
-6.5275e-05
-6.5218e-05
-6.5162e-05
-6.5105e-05
-6.5049e-05
-6.4992e-05
-6.4936e-05
-6.488e-05
-6.4823e-05
-6.4767e-05
-6.471e-05
-6.4654e-05
-6.4597e-05
-6.4541e-05
-6.4485e-05
-6.4428e-05
-6.4372e-05
-6.4315e-05
-6.4259e-05
-6.4202e-05
-6.4146e-05
-6.4089e-05
-6.4033e-05
-6.3977e-05
-6.392e-05
-6.3864e-05
-6.3807e-05
-6.3751e-05
-6.3694e-05
-6.3638e-05
-6.3581e-05
-6.3525e-05
-6.3469e-05
-6.3412e-05
-6.3356e-05
-6.3299e-05
-6.3243e-05
-6.3186e-05
-6.313e-05
-6.3073e-05
-6.3017e-05
-6.2961e-05
-6.2904e-05
-6.2848e-05
-6.2791e-05
-6.2735e-05
-6.2678e-05
-6.2622e-05
-6.2565e-05
-6.2509e-05
-6.2453e-05
-6.2396e-05
-6.234e-05
-6.2283e-05
-6.2227e-05
-6.217e-05
-6.2114e-05
-6.2057e-05
-6.2001e-05
-6.1945e-05
-6.1888e-05
-6.1832e-05
-6.1775e-05
-6.1719e-05
-6.1662e-05
-6.1606e-05
-6.1549e-05
-6.1493e-05
-6.1437e-05
-6.138e-05
-6.1324e-05
-6.1267e-05
-6.1211e-05
-6.1154e-05
-6.1098e-05
-6.1041e-05
-6.0985e-05
-6.0929e-05
-6.0872e-05
-6.0816e-05
-6.0759e-05
-6.0703e-05
-6.0646e-05
-6.059e-05
-6.0533e-05
-6.0477e-05
-6.0421e-05
-6.0364e-05
-6.0308e-05
-6.0251e-05
-6.0195e-05
-6.0138e-05
-6.0082e-05
-6.0025e-05
-5.9969e-05
-5.9913e-05
-5.9856e-05
-5.98e-05
-5.9743e-05
-5.9687e-05
-5.963e-05
-5.9574e-05
-5.9518e-05
-5.9461e-05
-5.9405e-05
-5.9348e-05
-5.9292e-05
-5.9235e-05
-5.9179e-05
-5.9122e-05
-5.9066e-05
-5.901e-05
-5.8953e-05
-5.8897e-05
-5.884e-05
-5.8784e-05
-5.8727e-05
-5.8671e-05
-5.8614e-05
-5.8558e-05
-5.8502e-05
-5.8445e-05
-5.8389e-05
-5.8332e-05
-5.8276e-05
-5.8219e-05
-5.8163e-05
-5.8106e-05
-5.805e-05
-5.7994e-05
-5.7937e-05
-5.7881e-05
-5.7824e-05
-5.7768e-05
-5.7711e-05
-5.7655e-05
-5.7598e-05
-5.7542e-05
-5.7486e-05
-5.7429e-05
-5.7373e-05
-5.7316e-05
-5.726e-05
-5.7203e-05
-5.7147e-05
-5.709e-05
-5.7034e-05
-5.6978e-05
-5.6921e-05
-5.6865e-05
-5.6808e-05
-5.6752e-05
-5.6695e-05
-5.6639e-05
-5.6582e-05
-5.6526e-05
-5.647e-05
-5.6413e-05
-5.6357e-05
-5.63e-05
-5.6244e-05
-5.6187e-05
-5.6131e-05
-5.6074e-05
-5.6018e-05
-5.5962e-05
-5.5905e-05
-5.5849e-05
-5.5792e-05
-5.5736e-05
-5.5679e-05
-5.5623e-05
-5.5566e-05
-5.551e-05
-5.5454e-05
-5.5397e-05
-5.5341e-05
-5.5284e-05
-5.5228e-05
-5.5171e-05
-5.5115e-05
-5.5059e-05
-5.5002e-05
-5.4946e-05
-5.4889e-05
-5.4833e-05
-5.4776e-05
-5.472e-05
-5.4663e-05
-5.4607e-05
-5.4551e-05
-5.4494e-05
-5.4438e-05
-5.4381e-05
-5.4325e-05
-5.4268e-05
-5.4212e-05
-5.4155e-05
-5.4099e-05
-5.4043e-05
-5.3986e-05
-5.393e-05
-5.3873e-05
-5.3817e-05
-5.376e-05
-5.3704e-05
-5.3647e-05
-5.3591e-05
-5.3535e-05
-5.3478e-05
-5.3422e-05
-5.3365e-05
-5.3309e-05
-5.3252e-05
-5.3196e-05
-5.3139e-05
-5.3083e-05
-5.3027e-05
-5.297e-05
-5.2914e-05
-5.2857e-05
-5.2801e-05
-5.2744e-05
-5.2688e-05
-5.2631e-05
-5.2575e-05
-5.2519e-05
-5.2462e-05
-5.2406e-05
-5.2349e-05
-5.2293e-05
-5.2236e-05
-5.218e-05
-5.2123e-05
-5.2067e-05
-5.2011e-05
-5.1954e-05
-5.1898e-05
-5.1841e-05
-5.1785e-05
-5.1728e-05
-5.1672e-05
-5.1615e-05
-5.1559e-05
-5.1503e-05
-5.1446e-05
-5.139e-05
-5.1333e-05
-5.1277e-05
-5.122e-05
-5.1164e-05
-5.1107e-05
-5.1051e-05
-5.0995e-05
-5.0938e-05
-5.0882e-05
-5.0825e-05
-5.0769e-05
-5.0712e-05
-5.0656e-05
-5.0599e-05
-5.0543e-05
-5.0487e-05
-5.043e-05
-5.0374e-05
-5.0317e-05
-5.0261e-05
-5.0204e-05
-5.0148e-05
-5.0092e-05
-5.0035e-05
-4.9979e-05
-4.9922e-05
-4.9866e-05
-4.9809e-05
-4.9753e-05
-4.9696e-05
-4.964e-05
-4.9584e-05
-4.9527e-05
-4.9471e-05
-4.9414e-05
-4.9358e-05
-4.9301e-05
-4.9245e-05
-4.9188e-05
-4.9132e-05
-4.9076e-05
-4.9019e-05
-4.8963e-05
-4.8906e-05
-4.885e-05
-4.8793e-05
-4.8737e-05
-4.868e-05
-4.8624e-05
-4.8568e-05
-4.8511e-05
-4.8455e-05
-4.8398e-05
-4.8342e-05
-4.8285e-05
-4.8229e-05
-4.8172e-05
-4.8116e-05
-4.806e-05
-4.8003e-05
-4.7947e-05
-4.789e-05
-4.7834e-05
-4.7777e-05
-4.7721e-05
-4.7664e-05
-4.7608e-05
-4.7552e-05
-4.7495e-05
-4.7439e-05
-4.7382e-05
-4.7326e-05
-4.7269e-05
-4.7213e-05
-4.7156e-05
-4.71e-05
-4.7044e-05
-4.6987e-05
-4.6931e-05
-4.6874e-05
-4.6818e-05
-4.6761e-05
-4.6705e-05
-4.6648e-05
-4.6592e-05
-4.6536e-05
-4.6479e-05
-4.6423e-05
-4.6366e-05
-4.631e-05
-4.6253e-05
-4.6197e-05
-4.614e-05
-4.6084e-05
-4.6028e-05
-4.5971e-05
-4.5915e-05
-4.5858e-05
-4.5802e-05
-4.5745e-05
-4.5689e-05
-4.5632e-05
-4.5576e-05
-4.552e-05
-4.5463e-05
-4.5407e-05
-4.535e-05
-4.5294e-05
-4.5237e-05
-4.5181e-05
-4.5125e-05
-4.5068e-05
-4.5012e-05
-4.4955e-05
-4.4899e-05
-4.4842e-05
-4.4786e-05
-4.4729e-05
-4.4673e-05
-4.4617e-05
-4.456e-05
-4.4504e-05
-4.4447e-05
-4.4391e-05
-4.4334e-05
-4.4278e-05
-4.4221e-05
-4.4165e-05
-4.4109e-05
-4.4052e-05
-4.3996e-05
-4.3939e-05
-4.3883e-05
-4.3826e-05
-4.377e-05
-4.3713e-05
-4.3657e-05
-4.3601e-05
-4.3544e-05
-4.3488e-05
-4.3431e-05
-4.3375e-05
-4.3318e-05
-4.3262e-05
-4.3205e-05
-4.3149e-05
-4.3093e-05
-4.3036e-05
-4.298e-05
-4.2923e-05
-4.2867e-05
-4.281e-05
-4.2754e-05
-4.2697e-05
-4.2641e-05
-4.2585e-05
-4.2528e-05
-4.2472e-05
-4.2415e-05
-4.2359e-05
-4.2302e-05
-4.2246e-05
-4.2189e-05
-4.2133e-05
-4.2077e-05
-4.202e-05
-4.1964e-05
-4.1907e-05
-4.1851e-05
-4.1794e-05
-4.1738e-05
-4.1681e-05
-4.1625e-05
-4.1569e-05
-4.1512e-05
-4.1456e-05
-4.1399e-05
-4.1343e-05
-4.1286e-05
-4.123e-05
-4.1173e-05
-4.1117e-05
-4.1061e-05
-4.1004e-05
-4.0948e-05
-4.0891e-05
-4.0835e-05
-4.0778e-05
-4.0722e-05
-4.0666e-05
-4.0609e-05
-4.0553e-05
-4.0496e-05
-4.044e-05
-4.0383e-05
-4.0327e-05
-4.027e-05
-4.0214e-05
-4.0158e-05
-4.0101e-05
-4.0045e-05
-3.9988e-05
-3.9932e-05
-3.9875e-05
-3.9819e-05
-3.9762e-05
-3.9706e-05
-3.965e-05
-3.9593e-05
-3.9537e-05
-3.948e-05
-3.9424e-05
-3.9367e-05
-3.9311e-05
-3.9254e-05
-3.9198e-05
-3.9142e-05
-3.9085e-05
-3.9029e-05
-3.8972e-05
-3.8916e-05
-3.8859e-05
-3.8803e-05
-3.8746e-05
-3.869e-05
-3.8634e-05
-3.8577e-05
-3.8521e-05
-3.8464e-05
-3.8408e-05
-3.8351e-05
-3.8295e-05
-3.8238e-05
-3.8182e-05
-3.8126e-05
-3.8069e-05
-3.8013e-05
-3.7956e-05
-3.79e-05
-3.7843e-05
-3.7787e-05
-3.773e-05
-3.7674e-05
-3.7618e-05
-3.7561e-05
-3.7505e-05
-3.7448e-05
-3.7392e-05
-3.7335e-05
-3.7279e-05
-3.7222e-05
-3.7166e-05
-3.711e-05
-3.7053e-05
-3.6997e-05
-3.694e-05
-3.6884e-05
-3.6827e-05
-3.6771e-05
-3.6714e-05
-3.6658e-05
-3.6602e-05
-3.6545e-05
-3.6489e-05
-3.6432e-05
-3.6376e-05
-3.6319e-05
-3.6263e-05
-3.6206e-05
-3.615e-05
-3.6094e-05
-3.6037e-05
-3.5981e-05
-3.5924e-05
-3.5868e-05
-3.5811e-05
-3.5755e-05
-3.5699e-05
-3.5642e-05
-3.5586e-05
-3.5529e-05
-3.5473e-05
-3.5416e-05
-3.536e-05
-3.5303e-05
-3.5247e-05
-3.5191e-05
-3.5134e-05
-3.5078e-05
-3.5021e-05
-3.4965e-05
-3.4908e-05
-3.4852e-05
-3.4795e-05
-3.4739e-05
-3.4683e-05
-3.4626e-05
-3.457e-05
-3.4513e-05
-3.4457e-05
-3.44e-05
-3.4344e-05
-3.4287e-05
-3.4231e-05
-3.4175e-05
-3.4118e-05
-3.4062e-05
-3.4005e-05
-3.3949e-05
-3.3892e-05
-3.3836e-05
-3.3779e-05
-3.3723e-05
-3.3667e-05
-3.361e-05
-3.3554e-05
-3.3497e-05
-3.3441e-05
-3.3384e-05
-3.3328e-05
-3.3271e-05
-3.3215e-05
-3.3159e-05
-3.3102e-05
-3.3046e-05
-3.2989e-05
-3.2933e-05
-3.2876e-05
-3.282e-05
-3.2763e-05
-3.2707e-05
-3.2651e-05
-3.2594e-05
-3.2538e-05
-3.2481e-05
-3.2425e-05
-3.2368e-05
-3.2312e-05
-3.2255e-05
-3.2199e-05
-3.2143e-05
-3.2086e-05
-3.203e-05
-3.1973e-05
-3.1917e-05
-3.186e-05
-3.1804e-05
-3.1747e-05
-3.1691e-05
-3.1635e-05
-3.1578e-05
-3.1522e-05
-3.1465e-05
-3.1409e-05
-3.1352e-05
-3.1296e-05
-3.1239e-05
-3.1183e-05
-3.1127e-05
-3.107e-05
-3.1014e-05
-3.0957e-05
-3.0901e-05
-3.0844e-05
-3.0788e-05
-3.0732e-05
-3.0675e-05
-3.0619e-05
-3.0562e-05
-3.0506e-05
-3.0449e-05
-3.0393e-05
-3.0336e-05
-3.028e-05
-3.0224e-05
-3.0167e-05
-3.0111e-05
-3.0054e-05
-2.9998e-05
-2.9941e-05
-2.9885e-05
-2.9828e-05
-2.9772e-05
-2.9716e-05
-2.9659e-05
-2.9603e-05
-2.9546e-05
-2.949e-05
-2.9433e-05
-2.9377e-05
-2.932e-05
-2.9264e-05
-2.9208e-05
-2.9151e-05
-2.9095e-05
-2.9038e-05
-2.8982e-05
-2.8925e-05
-2.8869e-05
-2.8812e-05
-2.8756e-05
-2.87e-05
-2.8643e-05
-2.8587e-05
-2.853e-05
-2.8474e-05
-2.8417e-05
-2.8361e-05
-2.8304e-05
-2.8248e-05
-2.8192e-05
-2.8135e-05
-2.8079e-05
-2.8022e-05
-2.7966e-05
-2.7909e-05
-2.7853e-05
-2.7796e-05
-2.774e-05
-2.7684e-05
-2.7627e-05
-2.7571e-05
-2.7514e-05
-2.7458e-05
-2.7401e-05
-2.7345e-05
-2.7288e-05
-2.7232e-05
-2.7176e-05
-2.7119e-05
-2.7063e-05
-2.7006e-05
-2.695e-05
-2.6893e-05
-2.6837e-05
-2.678e-05
-2.6724e-05
-2.6668e-05
-2.6611e-05
-2.6555e-05
-2.6498e-05
-2.6442e-05
-2.6385e-05
-2.6329e-05
-2.6273e-05
-2.6216e-05
-2.616e-05
-2.6103e-05
-2.6047e-05
-2.599e-05
-2.5934e-05
-2.5877e-05
-2.5821e-05
-2.5765e-05
-2.5708e-05
-2.5652e-05
-2.5595e-05
-2.5539e-05
-2.5482e-05
-2.5426e-05
-2.5369e-05
-2.5313e-05
-2.5257e-05
-2.52e-05
-2.5144e-05
-2.5087e-05
-2.5031e-05
-2.4974e-05
-2.4918e-05
-2.4861e-05
-2.4805e-05
-2.4749e-05
-2.4692e-05
-2.4636e-05
-2.4579e-05
-2.4523e-05
-2.4466e-05
-2.441e-05
-2.4353e-05
-2.4297e-05
-2.4241e-05
-2.4184e-05
-2.4128e-05
-2.4071e-05
-2.4015e-05
-2.3958e-05
-2.3902e-05
-2.3845e-05
-2.3789e-05
-2.3733e-05
-2.3676e-05
-2.362e-05
-2.3563e-05
-2.3507e-05
-2.345e-05
-2.3394e-05
-2.3337e-05
-2.3281e-05
-2.3225e-05
-2.3168e-05
-2.3112e-05
-2.3055e-05
-2.2999e-05
-2.2942e-05
-2.2886e-05
-2.2829e-05
-2.2773e-05
-2.2717e-05
-2.266e-05
-2.2604e-05
-2.2547e-05
-2.2491e-05
-2.2434e-05
-2.2378e-05
-2.2321e-05
-2.2265e-05
-2.2209e-05
-2.2152e-05
-2.2096e-05
-2.2039e-05
-2.1983e-05
-2.1926e-05
-2.187e-05
-2.1813e-05
-2.1757e-05
-2.1701e-05
-2.1644e-05
-2.1588e-05
-2.1531e-05
-2.1475e-05
-2.1418e-05
-2.1362e-05
-2.1306e-05
-2.1249e-05
-2.1193e-05
-2.1136e-05
-2.108e-05
-2.1023e-05
-2.0967e-05
-2.091e-05
-2.0854e-05
-2.0798e-05
-2.0741e-05
-2.0685e-05
-2.0628e-05
-2.0572e-05
-2.0515e-05
-2.0459e-05
-2.0402e-05
-2.0346e-05
-2.029e-05
-2.0233e-05
-2.0177e-05
-2.012e-05
-2.0064e-05
-2.0007e-05
-1.9951e-05
-1.9894e-05
-1.9838e-05
-1.9782e-05
-1.9725e-05
-1.9669e-05
-1.9612e-05
-1.9556e-05
-1.9499e-05
-1.9443e-05
-1.9386e-05
-1.933e-05
-1.9274e-05
-1.9217e-05
-1.9161e-05
-1.9104e-05
-1.9048e-05
-1.8991e-05
-1.8935e-05
-1.8878e-05
-1.8822e-05
-1.8766e-05
-1.8709e-05
-1.8653e-05
-1.8596e-05
-1.854e-05
-1.8483e-05
-1.8427e-05
-1.837e-05
-1.8314e-05
-1.8258e-05
-1.8201e-05
-1.8145e-05
-1.8088e-05
-1.8032e-05
-1.7975e-05
-1.7919e-05
-1.7862e-05
-1.7806e-05
-1.775e-05
-1.7693e-05
-1.7637e-05
-1.758e-05
-1.7524e-05
-1.7467e-05
-1.7411e-05
-1.7354e-05
-1.7298e-05
-1.7242e-05
-1.7185e-05
-1.7129e-05
-1.7072e-05
-1.7016e-05
-1.6959e-05
-1.6903e-05
-1.6846e-05
-1.679e-05
-1.6734e-05
-1.6677e-05
-1.6621e-05
-1.6564e-05
-1.6508e-05
-1.6451e-05
-1.6395e-05
-1.6339e-05
-1.6282e-05
-1.6226e-05
-1.6169e-05
-1.6113e-05
-1.6056e-05
-1.6e-05
-1.5943e-05
-1.5887e-05
-1.5831e-05
-1.5774e-05
-1.5718e-05
-1.5661e-05
-1.5605e-05
-1.5548e-05
-1.5492e-05
-1.5435e-05
-1.5379e-05
-1.5323e-05
-1.5266e-05
-1.521e-05
-1.5153e-05
-1.5097e-05
-1.504e-05
-1.4984e-05
-1.4927e-05
-1.4871e-05
-1.4815e-05
-1.4758e-05
-1.4702e-05
-1.4645e-05
-1.4589e-05
-1.4532e-05
-1.4476e-05
-1.4419e-05
-1.4363e-05
-1.4307e-05
-1.425e-05
-1.4194e-05
-1.4137e-05
-1.4081e-05
-1.4024e-05
-1.3968e-05
-1.3911e-05
-1.3855e-05
-1.3799e-05
-1.3742e-05
-1.3686e-05
-1.3629e-05
-1.3573e-05
-1.3516e-05
-1.346e-05
-1.3403e-05
-1.3347e-05
-1.3291e-05
-1.3234e-05
-1.3178e-05
-1.3121e-05
-1.3065e-05
-1.3008e-05
-1.2952e-05
-1.2895e-05
-1.2839e-05
-1.2783e-05
-1.2726e-05
-1.267e-05
-1.2613e-05
-1.2557e-05
-1.25e-05
-1.2444e-05
-1.2387e-05
-1.2331e-05
-1.2275e-05
-1.2218e-05
-1.2162e-05
-1.2105e-05
-1.2049e-05
-1.1992e-05
-1.1936e-05
-1.188e-05
-1.1823e-05
-1.1767e-05
-1.171e-05
-1.1654e-05
-1.1597e-05
-1.1541e-05
-1.1484e-05
-1.1428e-05
-1.1372e-05
-1.1315e-05
-1.1259e-05
-1.1202e-05
-1.1146e-05
-1.1089e-05
-1.1033e-05
-1.0976e-05
-1.092e-05
-1.0864e-05
-1.0807e-05
-1.0751e-05
-1.0694e-05
-1.0638e-05
-1.0581e-05
-1.0525e-05
-1.0468e-05
-1.0412e-05
-1.0356e-05
-1.0299e-05
-1.0243e-05
-1.0186e-05
-1.013e-05
-1.0073e-05
-1.0017e-05
-9.9604e-06
-9.904e-06
-9.8475e-06
-9.7911e-06
-9.7347e-06
-9.6782e-06
-9.6218e-06
-9.5653e-06
-9.5089e-06
-9.4524e-06
-9.396e-06
-9.3396e-06
-9.2831e-06
-9.2267e-06
-9.1702e-06
-9.1138e-06
-9.0573e-06
-9.0009e-06
-8.9445e-06
-8.888e-06
-8.8316e-06
-8.7751e-06
-8.7187e-06
-8.6622e-06
-8.6058e-06
-8.5494e-06
-8.4929e-06
-8.4365e-06
-8.38e-06
-8.3236e-06
-8.2671e-06
-8.2107e-06
-8.1543e-06
-8.0978e-06
-8.0414e-06
-7.9849e-06
-7.9285e-06
-7.872e-06
-7.8156e-06
-7.7592e-06
-7.7027e-06
-7.6463e-06
-7.5898e-06
-7.5334e-06
-7.4769e-06
-7.4205e-06
-7.3641e-06
-7.3076e-06
-7.2512e-06
-7.1947e-06
-7.1383e-06
-7.0818e-06
-7.0254e-06
-6.9689e-06
-6.9125e-06
-6.8561e-06
-6.7996e-06
-6.7432e-06
-6.6867e-06
-6.6303e-06
-6.5738e-06
-6.5174e-06
-6.461e-06
-6.4045e-06
-6.3481e-06
-6.2916e-06
-6.2352e-06
-6.1787e-06
-6.1223e-06
-6.0659e-06
-6.0094e-06
-5.953e-06
-5.8965e-06
-5.8401e-06
-5.7836e-06
-5.7272e-06
-5.6708e-06
-5.6143e-06
-5.5579e-06
-5.5014e-06
-5.445e-06
-5.3885e-06
-5.3321e-06
-5.2757e-06
-5.2192e-06
-5.1628e-06
-5.1063e-06
-5.0499e-06
-4.9934e-06
-4.937e-06
-4.8806e-06
-4.8241e-06
-4.7677e-06
-4.7112e-06
-4.6548e-06
-4.5983e-06
-4.5419e-06
-4.4855e-06
-4.429e-06
-4.3726e-06
-4.3161e-06
-4.2597e-06
-4.2032e-06
-4.1468e-06
-4.0903e-06
-4.0339e-06
-3.9775e-06
-3.921e-06
-3.8646e-06
-3.8081e-06
-3.7517e-06
-3.6952e-06
-3.6388e-06
-3.5824e-06
-3.5259e-06
-3.4695e-06
-3.413e-06
-3.3566e-06
-3.3001e-06
-3.2437e-06
-3.1873e-06
-3.1308e-06
-3.0744e-06
-3.0179e-06
-2.9615e-06
-2.905e-06
-2.8486e-06
-2.7922e-06
-2.7357e-06
-2.6793e-06
-2.6228e-06
-2.5664e-06
-2.5099e-06
-2.4535e-06
-2.3971e-06
-2.3406e-06
-2.2842e-06
-2.2277e-06
-2.1713e-06
-2.1148e-06
-2.0584e-06
-2.002e-06
-1.9455e-06
-1.8891e-06
-1.8326e-06
-1.7762e-06
-1.7197e-06
-1.6633e-06
-1.6069e-06
-1.5504e-06
-1.494e-06
-1.4375e-06
-1.3811e-06
-1.3246e-06
-1.2682e-06
-1.2117e-06
-1.1553e-06
-1.0989e-06
-1.0424e-06
-9.8598e-07
-9.2953e-07
-8.7309e-07
-8.1665e-07
-7.602e-07
-7.0376e-07
-6.4732e-07
-5.9087e-07
-5.3443e-07
-4.7799e-07
-4.2155e-07
-3.651e-07
-3.0866e-07
-2.5222e-07
-1.9577e-07
-1.3933e-07
-8.2886e-08
-2.6443e-08
3e-08
8.6443e-08
1.4289e-07
1.9933e-07
2.5577e-07
3.1222e-07
3.6866e-07
4.251e-07
4.8155e-07
5.3799e-07
5.9443e-07
6.5087e-07
7.0732e-07
7.6376e-07
8.202e-07
8.7665e-07
9.3309e-07
9.8953e-07
1.046e-06
1.1024e-06
1.1589e-06
1.2153e-06
1.2717e-06
1.3282e-06
1.3846e-06
1.4411e-06
1.4975e-06
1.554e-06
1.6104e-06
1.6669e-06
1.7233e-06
1.7797e-06
1.8362e-06
1.8926e-06
1.9491e-06
2.0055e-06
2.062e-06
2.1184e-06
2.1748e-06
2.2313e-06
2.2877e-06
2.3442e-06
2.4006e-06
2.4571e-06
2.5135e-06
2.5699e-06
2.6264e-06
2.6828e-06
2.7393e-06
2.7957e-06
2.8522e-06
2.9086e-06
2.965e-06
3.0215e-06
3.0779e-06
3.1344e-06
3.1908e-06
3.2473e-06
3.3037e-06
3.3601e-06
3.4166e-06
3.473e-06
3.5295e-06
3.5859e-06
3.6424e-06
3.6988e-06
3.7552e-06
3.8117e-06
3.8681e-06
3.9246e-06
3.981e-06
4.0375e-06
4.0939e-06
4.1503e-06
4.2068e-06
4.2632e-06
4.3197e-06
4.3761e-06
4.4326e-06
4.489e-06
4.5455e-06
4.6019e-06
4.6583e-06
4.7148e-06
4.7712e-06
4.8277e-06
4.8841e-06
4.9406e-06
4.997e-06
5.0534e-06
5.1099e-06
5.1663e-06
5.2228e-06
5.2792e-06
5.3357e-06
5.3921e-06
5.4485e-06
5.505e-06
5.5614e-06
5.6179e-06
5.6743e-06
5.7308e-06
5.7872e-06
5.8436e-06
5.9001e-06
5.9565e-06
6.013e-06
6.0694e-06
6.1259e-06
6.1823e-06
6.2387e-06
6.2952e-06
6.3516e-06
6.4081e-06
6.4645e-06
6.521e-06
6.5774e-06
6.6338e-06
6.6903e-06
6.7467e-06
6.8032e-06
6.8596e-06
6.9161e-06
6.9725e-06
7.0289e-06
7.0854e-06
7.1418e-06
7.1983e-06
7.2547e-06
7.3112e-06
7.3676e-06
7.4241e-06
7.4805e-06
7.5369e-06
7.5934e-06
7.6498e-06
7.7063e-06
7.7627e-06
7.8192e-06
7.8756e-06
7.932e-06
7.9885e-06
8.0449e-06
8.1014e-06
8.1578e-06
8.2143e-06
8.2707e-06
8.3271e-06
8.3836e-06
8.44e-06
8.4965e-06
8.5529e-06
8.6094e-06
8.6658e-06
8.7222e-06
8.7787e-06
8.8351e-06
8.8916e-06
8.948e-06
9.0045e-06
9.0609e-06
9.1173e-06
9.1738e-06
9.2302e-06
9.2867e-06
9.3431e-06
9.3996e-06
9.456e-06
9.5124e-06
9.5689e-06
9.6253e-06
9.6818e-06
9.7382e-06
9.7947e-06
9.8511e-06
9.9075e-06
9.964e-06
1.002e-05
1.0077e-05
1.0133e-05
1.019e-05
1.0246e-05
1.0303e-05
1.0359e-05
1.0416e-05
1.0472e-05
1.0528e-05
1.0585e-05
1.0641e-05
1.0698e-05
1.0754e-05
1.0811e-05
1.0867e-05
1.0924e-05
1.098e-05
1.1036e-05
1.1093e-05
1.1149e-05
1.1206e-05
1.1262e-05
1.1319e-05
1.1375e-05
1.1432e-05
1.1488e-05
1.1544e-05
1.1601e-05
1.1657e-05
1.1714e-05
1.177e-05
1.1827e-05
1.1883e-05
1.194e-05
1.1996e-05
1.2052e-05
1.2109e-05
1.2165e-05
1.2222e-05
1.2278e-05
1.2335e-05
1.2391e-05
1.2447e-05
1.2504e-05
1.256e-05
1.2617e-05
1.2673e-05
1.273e-05
1.2786e-05
1.2843e-05
1.2899e-05
1.2955e-05
1.3012e-05
1.3068e-05
1.3125e-05
1.3181e-05
1.3238e-05
1.3294e-05
1.3351e-05
1.3407e-05
1.3463e-05
1.352e-05
1.3576e-05
1.3633e-05
1.3689e-05
1.3746e-05
1.3802e-05
1.3859e-05
1.3915e-05
1.3971e-05
1.4028e-05
1.4084e-05
1.4141e-05
1.4197e-05
1.4254e-05
1.431e-05
1.4367e-05
1.4423e-05
1.4479e-05
1.4536e-05
1.4592e-05
1.4649e-05
1.4705e-05
1.4762e-05
1.4818e-05
1.4875e-05
1.4931e-05
1.4987e-05
1.5044e-05
1.51e-05
1.5157e-05
1.5213e-05
1.527e-05
1.5326e-05
1.5383e-05
1.5439e-05
1.5495e-05
1.5552e-05
1.5608e-05
1.5665e-05
1.5721e-05
1.5778e-05
1.5834e-05
1.5891e-05
1.5947e-05
1.6003e-05
1.606e-05
1.6116e-05
1.6173e-05
1.6229e-05
1.6286e-05
1.6342e-05
1.6399e-05
1.6455e-05
1.6511e-05
1.6568e-05
1.6624e-05
1.6681e-05
1.6737e-05
1.6794e-05
1.685e-05
1.6906e-05
1.6963e-05
1.7019e-05
1.7076e-05
1.7132e-05
1.7189e-05
1.7245e-05
1.7302e-05
1.7358e-05
1.7414e-05
1.7471e-05
1.7527e-05
1.7584e-05
1.764e-05
1.7697e-05
1.7753e-05
1.781e-05
1.7866e-05
1.7922e-05
1.7979e-05
1.8035e-05
1.8092e-05
1.8148e-05
1.8205e-05
1.8261e-05
1.8318e-05
1.8374e-05
1.843e-05
1.8487e-05
1.8543e-05
1.86e-05
1.8656e-05
1.8713e-05
1.8769e-05
1.8826e-05
1.8882e-05
1.8938e-05
1.8995e-05
1.9051e-05
1.9108e-05
1.9164e-05
1.9221e-05
1.9277e-05
1.9334e-05
1.939e-05
1.9446e-05
1.9503e-05
1.9559e-05
1.9616e-05
1.9672e-05
1.9729e-05
1.9785e-05
1.9842e-05
1.9898e-05
1.9954e-05
2.0011e-05
2.0067e-05
2.0124e-05
2.018e-05
2.0237e-05
2.0293e-05
2.035e-05
2.0406e-05
2.0462e-05
2.0519e-05
2.0575e-05
2.0632e-05
2.0688e-05
2.0745e-05
2.0801e-05
2.0858e-05
2.0914e-05
2.097e-05
2.1027e-05
2.1083e-05
2.114e-05
2.1196e-05
2.1253e-05
2.1309e-05
2.1366e-05
2.1422e-05
2.1478e-05
2.1535e-05
2.1591e-05
2.1648e-05
2.1704e-05
2.1761e-05
2.1817e-05
2.1873e-05
2.193e-05
2.1986e-05
2.2043e-05
2.2099e-05
2.2156e-05
2.2212e-05
2.2269e-05
2.2325e-05
2.2381e-05
2.2438e-05
2.2494e-05
2.2551e-05
2.2607e-05
2.2664e-05
2.272e-05
2.2777e-05
2.2833e-05
2.2889e-05
2.2946e-05
2.3002e-05
2.3059e-05
2.3115e-05
2.3172e-05
2.3228e-05
2.3285e-05
2.3341e-05
2.3397e-05
2.3454e-05
2.351e-05
2.3567e-05
2.3623e-05
2.368e-05
2.3736e-05
2.3793e-05
2.3849e-05
2.3905e-05
2.3962e-05
2.4018e-05
2.4075e-05
2.4131e-05
2.4188e-05
2.4244e-05
2.4301e-05
2.4357e-05
2.4413e-05
2.447e-05
2.4526e-05
2.4583e-05
2.4639e-05
2.4696e-05
2.4752e-05
2.4809e-05
2.4865e-05
2.4921e-05
2.4978e-05
2.5034e-05
2.5091e-05
2.5147e-05
2.5204e-05
2.526e-05
2.5317e-05
2.5373e-05
2.5429e-05
2.5486e-05
2.5542e-05
2.5599e-05
2.5655e-05
2.5712e-05
2.5768e-05
2.5825e-05
2.5881e-05
2.5937e-05
2.5994e-05
2.605e-05
2.6107e-05
2.6163e-05
2.622e-05
2.6276e-05
2.6333e-05
2.6389e-05
2.6445e-05
2.6502e-05
2.6558e-05
2.6615e-05
2.6671e-05
2.6728e-05
2.6784e-05
2.684e-05
2.6897e-05
2.6953e-05
2.701e-05
2.7066e-05
2.7123e-05
2.7179e-05
2.7236e-05
2.7292e-05
2.7348e-05
2.7405e-05
2.7461e-05
2.7518e-05
2.7574e-05
2.7631e-05
2.7687e-05
2.7744e-05
2.78e-05
2.7856e-05
2.7913e-05
2.7969e-05
2.8026e-05
2.8082e-05
2.8139e-05
2.8195e-05
2.8252e-05
2.8308e-05
2.8364e-05
2.8421e-05
2.8477e-05
2.8534e-05
2.859e-05
2.8647e-05
2.8703e-05
2.876e-05
2.8816e-05
2.8872e-05
2.8929e-05
2.8985e-05
2.9042e-05
2.9098e-05
2.9155e-05
2.9211e-05
2.9268e-05
2.9324e-05
2.938e-05
2.9437e-05
2.9493e-05
2.955e-05
2.9606e-05
2.9663e-05
2.9719e-05
2.9776e-05
2.9832e-05
2.9888e-05
2.9945e-05
3.0001e-05
3.0058e-05
3.0114e-05
3.0171e-05
3.0227e-05
3.0284e-05
3.034e-05
3.0396e-05
3.0453e-05
3.0509e-05
3.0566e-05
3.0622e-05
3.0679e-05
3.0735e-05
3.0792e-05
3.0848e-05
3.0904e-05
3.0961e-05
3.1017e-05
3.1074e-05
3.113e-05
3.1187e-05
3.1243e-05
3.1299e-05
3.1356e-05
3.1412e-05
3.1469e-05
3.1525e-05
3.1582e-05
3.1638e-05
3.1695e-05
3.1751e-05
3.1807e-05
3.1864e-05
3.192e-05
3.1977e-05
3.2033e-05
3.209e-05
3.2146e-05
3.2203e-05
3.2259e-05
3.2315e-05
3.2372e-05
3.2428e-05
3.2485e-05
3.2541e-05
3.2598e-05
3.2654e-05
3.2711e-05
3.2767e-05
3.2823e-05
3.288e-05
3.2936e-05
3.2993e-05
3.3049e-05
3.3106e-05
3.3162e-05
3.3219e-05
3.3275e-05
3.3331e-05
3.3388e-05
3.3444e-05
3.3501e-05
3.3557e-05
3.3614e-05
3.367e-05
3.3727e-05
3.3783e-05
3.3839e-05
3.3896e-05
3.3952e-05
3.4009e-05
3.4065e-05
3.4122e-05
3.4178e-05
3.4235e-05
3.4291e-05
3.4347e-05
3.4404e-05
3.446e-05
3.4517e-05
3.4573e-05
3.463e-05
3.4686e-05
3.4743e-05
3.4799e-05
3.4855e-05
3.4912e-05
3.4968e-05
3.5025e-05
3.5081e-05
3.5138e-05
3.5194e-05
3.5251e-05
3.5307e-05
3.5363e-05
3.542e-05
3.5476e-05
3.5533e-05
3.5589e-05
3.5646e-05
3.5702e-05
3.5759e-05
3.5815e-05
3.5871e-05
3.5928e-05
3.5984e-05
3.6041e-05
3.6097e-05
3.6154e-05
3.621e-05
3.6266e-05
3.6323e-05
3.6379e-05
3.6436e-05
3.6492e-05
3.6549e-05
3.6605e-05
3.6662e-05
3.6718e-05
3.6774e-05
3.6831e-05
3.6887e-05
3.6944e-05
3.7e-05
3.7057e-05
3.7113e-05
3.717e-05
3.7226e-05
3.7282e-05
3.7339e-05
3.7395e-05
3.7452e-05
3.7508e-05
3.7565e-05
3.7621e-05
3.7678e-05
3.7734e-05
3.779e-05
3.7847e-05
3.7903e-05
3.796e-05
3.8016e-05
3.8073e-05
3.8129e-05
3.8186e-05
3.8242e-05
3.8298e-05
3.8355e-05
3.8411e-05
3.8468e-05
3.8524e-05
3.8581e-05
3.8637e-05
3.8694e-05
3.875e-05
3.8806e-05
3.8863e-05
3.8919e-05
3.8976e-05
3.9032e-05
3.9089e-05
3.9145e-05
3.9202e-05
3.9258e-05
3.9314e-05
3.9371e-05
3.9427e-05
3.9484e-05
3.954e-05
3.9597e-05
3.9653e-05
3.971e-05
3.9766e-05
3.9822e-05
3.9879e-05
3.9935e-05
3.9992e-05
4.0048e-05
4.0105e-05
4.0161e-05
4.0218e-05
4.0274e-05
4.033e-05
4.0387e-05
4.0443e-05
4.05e-05
4.0556e-05
4.0613e-05
4.0669e-05
4.0726e-05
4.0782e-05
4.0838e-05
4.0895e-05
4.0951e-05
4.1008e-05
4.1064e-05
4.1121e-05
4.1177e-05
4.1233e-05
4.129e-05
4.1346e-05
4.1403e-05
4.1459e-05
4.1516e-05
4.1572e-05
4.1629e-05
4.1685e-05
4.1741e-05
4.1798e-05
4.1854e-05
4.1911e-05
4.1967e-05
4.2024e-05
4.208e-05
4.2137e-05
4.2193e-05
4.2249e-05
4.2306e-05
4.2362e-05
4.2419e-05
4.2475e-05
4.2532e-05
4.2588e-05
4.2645e-05
4.2701e-05
4.2757e-05
4.2814e-05
4.287e-05
4.2927e-05
4.2983e-05
4.304e-05
4.3096e-05
4.3153e-05
4.3209e-05
4.3265e-05
4.3322e-05
4.3378e-05
4.3435e-05
4.3491e-05
4.3548e-05
4.3604e-05
4.3661e-05
4.3717e-05
4.3773e-05
4.383e-05
4.3886e-05
4.3943e-05
4.3999e-05
4.4056e-05
4.4112e-05
4.4169e-05
4.4225e-05
4.4281e-05
4.4338e-05
4.4394e-05
4.4451e-05
4.4507e-05
4.4564e-05
4.462e-05
4.4677e-05
4.4733e-05
4.4789e-05
4.4846e-05
4.4902e-05
4.4959e-05
4.5015e-05
4.5072e-05
4.5128e-05
4.5185e-05
4.5241e-05
4.5297e-05
4.5354e-05
4.541e-05
4.5467e-05
4.5523e-05
4.558e-05
4.5636e-05
4.5692e-05
4.5749e-05
4.5805e-05
4.5862e-05
4.5918e-05
4.5975e-05
4.6031e-05
4.6088e-05
4.6144e-05
4.62e-05
4.6257e-05
4.6313e-05
4.637e-05
4.6426e-05
4.6483e-05
4.6539e-05
4.6596e-05
4.6652e-05
4.6708e-05
4.6765e-05
4.6821e-05
4.6878e-05
4.6934e-05
4.6991e-05
4.7047e-05
4.7104e-05
4.716e-05
4.7216e-05
4.7273e-05
4.7329e-05
4.7386e-05
4.7442e-05
4.7499e-05
4.7555e-05
4.7612e-05
4.7668e-05
4.7724e-05
4.7781e-05
4.7837e-05
4.7894e-05
4.795e-05
4.8007e-05
4.8063e-05
4.812e-05
4.8176e-05
4.8232e-05
4.8289e-05
4.8345e-05
4.8402e-05
4.8458e-05
4.8515e-05
4.8571e-05
4.8628e-05
4.8684e-05
4.874e-05
4.8797e-05
4.8853e-05
4.891e-05
4.8966e-05
4.9023e-05
4.9079e-05
4.9136e-05
4.9192e-05
4.9248e-05
4.9305e-05
4.9361e-05
4.9418e-05
4.9474e-05
4.9531e-05
4.9587e-05
4.9644e-05
4.97e-05
4.9756e-05
4.9813e-05
4.9869e-05
4.9926e-05
4.9982e-05
5.0039e-05
5.0095e-05
5.0152e-05
5.0208e-05
5.0264e-05
5.0321e-05
5.0377e-05
5.0434e-05
5.049e-05
5.0547e-05
5.0603e-05
5.0659e-05
5.0716e-05
5.0772e-05
5.0829e-05
5.0885e-05
5.0942e-05
5.0998e-05
5.1055e-05
5.1111e-05
5.1167e-05
5.1224e-05
5.128e-05
5.1337e-05
5.1393e-05
5.145e-05
5.1506e-05
5.1563e-05
5.1619e-05
5.1675e-05
5.1732e-05
5.1788e-05
5.1845e-05
5.1901e-05
5.1958e-05
5.2014e-05
5.2071e-05
5.2127e-05
5.2183e-05
5.224e-05
5.2296e-05
5.2353e-05
5.2409e-05
5.2466e-05
5.2522e-05
5.2579e-05
5.2635e-05
5.2691e-05
5.2748e-05
5.2804e-05
5.2861e-05
5.2917e-05
5.2974e-05
5.303e-05
5.3087e-05
5.3143e-05
5.3199e-05
5.3256e-05
5.3312e-05
5.3369e-05
5.3425e-05
5.3482e-05
5.3538e-05
5.3595e-05
5.3651e-05
5.3707e-05
5.3764e-05
5.382e-05
5.3877e-05
5.3933e-05
5.399e-05
5.4046e-05
5.4103e-05
5.4159e-05
5.4215e-05
5.4272e-05
5.4328e-05
5.4385e-05
5.4441e-05
5.4498e-05
5.4554e-05
5.4611e-05
5.4667e-05
5.4723e-05
5.478e-05
5.4836e-05
5.4893e-05
5.4949e-05
5.5006e-05
5.5062e-05
5.5119e-05
5.5175e-05
5.5231e-05
5.5288e-05
5.5344e-05
5.5401e-05
5.5457e-05
5.5514e-05
5.557e-05
5.5626e-05
5.5683e-05
5.5739e-05
5.5796e-05
5.5852e-05
5.5909e-05
5.5965e-05
5.6022e-05
5.6078e-05
5.6134e-05
5.6191e-05
5.6247e-05
5.6304e-05
5.636e-05
5.6417e-05
5.6473e-05
5.653e-05
5.6586e-05
5.6642e-05
5.6699e-05
5.6755e-05
5.6812e-05
5.6868e-05
5.6925e-05
5.6981e-05
5.7038e-05
5.7094e-05
5.715e-05
5.7207e-05
5.7263e-05
5.732e-05
5.7376e-05
5.7433e-05
5.7489e-05
5.7546e-05
5.7602e-05
5.7658e-05
5.7715e-05
5.7771e-05
5.7828e-05
5.7884e-05
5.7941e-05
5.7997e-05
5.8054e-05
5.811e-05
5.8166e-05
5.8223e-05
5.8279e-05
5.8336e-05
5.8392e-05
5.8449e-05
5.8505e-05
5.8562e-05
5.8618e-05
5.8674e-05
5.8731e-05
5.8787e-05
5.8844e-05
5.89e-05
5.8957e-05
5.9013e-05
5.907e-05
5.9126e-05
5.9182e-05
5.9239e-05
5.9295e-05
5.9352e-05
5.9408e-05
5.9465e-05
5.9521e-05
5.9578e-05
5.9634e-05
5.969e-05
5.9747e-05
5.9803e-05
5.986e-05
5.9916e-05
5.9973e-05
6.0029e-05
6.0085e-05
6.0142e-05
6.0198e-05
6.0255e-05
6.0311e-05
6.0368e-05
6.0424e-05
6.0481e-05
6.0537e-05
6.0593e-05
6.065e-05
6.0706e-05
6.0763e-05
6.0819e-05
6.0876e-05
6.0932e-05
6.0989e-05
6.1045e-05
6.1101e-05
6.1158e-05
6.1214e-05
6.1271e-05
6.1327e-05
6.1384e-05
6.144e-05
6.1497e-05
6.1553e-05
6.1609e-05
6.1666e-05
6.1722e-05
6.1779e-05
6.1835e-05
6.1892e-05
6.1948e-05
6.2005e-05
6.2061e-05
6.2117e-05
6.2174e-05
6.223e-05
6.2287e-05
6.2343e-05
6.24e-05
6.2456e-05
6.2513e-05
6.2569e-05
6.2625e-05
6.2682e-05
6.2738e-05
6.2795e-05
6.2851e-05
6.2908e-05
6.2964e-05
6.3021e-05
6.3077e-05
6.3133e-05
6.319e-05
6.3246e-05
6.3303e-05
6.3359e-05
6.3416e-05
6.3472e-05
6.3529e-05
6.3585e-05
6.3641e-05
6.3698e-05
6.3754e-05
6.3811e-05
6.3867e-05
6.3924e-05
6.398e-05
6.4037e-05
6.4093e-05
6.4149e-05
6.4206e-05
6.4262e-05
6.4319e-05
6.4375e-05
6.4432e-05
6.4488e-05
6.4545e-05
6.4601e-05
6.4657e-05
6.4714e-05
6.477e-05
6.4827e-05
6.4883e-05
6.494e-05
6.4996e-05
6.5052e-05
6.5109e-05
6.5165e-05
6.5222e-05
6.5278e-05
6.5335e-05
6.5391e-05
6.5448e-05
6.5504e-05
6.556e-05
6.5617e-05
6.5673e-05
6.573e-05
6.5786e-05
6.5843e-05
6.5899e-05
6.5956e-05
6.6012e-05
6.6068e-05
6.6125e-05
6.6181e-05
6.6238e-05
6.6294e-05
6.6351e-05
6.6407e-05
6.6464e-05
6.652e-05
6.6576e-05
6.6633e-05
6.6689e-05
6.6746e-05
6.6802e-05
6.6859e-05
6.6915e-05
6.6972e-05
6.7028e-05
6.7084e-05
6.7141e-05
6.7197e-05
6.7254e-05
6.731e-05
6.7367e-05
6.7423e-05
6.748e-05
6.7536e-05
6.7592e-05
6.7649e-05
6.7705e-05
6.7762e-05
6.7818e-05
6.7875e-05
6.7931e-05
6.7988e-05
6.8044e-05
6.81e-05
6.8157e-05
6.8213e-05
6.827e-05
6.8326e-05
6.8383e-05
6.8439e-05
6.8496e-05
6.8552e-05
6.8608e-05
6.8665e-05
6.8721e-05
6.8778e-05
6.8834e-05
6.8891e-05
6.8947e-05
6.9004e-05
6.906e-05
6.9116e-05
6.9173e-05
6.9229e-05
6.9286e-05
6.9342e-05
6.9399e-05
6.9455e-05
6.9512e-05
6.9568e-05
6.9624e-05
6.9681e-05
6.9737e-05
6.9794e-05
6.985e-05
6.9907e-05
6.9963e-05
7.0019e-05
7.0076e-05
7.0132e-05
7.0189e-05
7.0245e-05
7.0302e-05
7.0358e-05
7.0415e-05
7.0471e-05
7.0527e-05
7.0584e-05
7.064e-05
7.0697e-05
7.0753e-05
7.081e-05
7.0866e-05
7.0923e-05
7.0979e-05
7.1035e-05
7.1092e-05
7.1148e-05
7.1205e-05
7.1261e-05
7.1318e-05
7.1374e-05
7.1431e-05
7.1487e-05
7.1543e-05
7.16e-05
7.1656e-05
7.1713e-05
7.1769e-05
7.1826e-05
7.1882e-05
7.1939e-05
7.1995e-05
7.2051e-05
7.2108e-05
7.2164e-05
7.2221e-05
7.2277e-05
7.2334e-05
7.239e-05
7.2447e-05
7.2503e-05
7.2559e-05
7.2616e-05
7.2672e-05
7.2729e-05
7.2785e-05
7.2842e-05
7.2898e-05
7.2955e-05
7.3011e-05
7.3067e-05
7.3124e-05
7.318e-05
7.3237e-05
7.3293e-05
7.335e-05
7.3406e-05
7.3463e-05
7.3519e-05
7.3575e-05
7.3632e-05
7.3688e-05
7.3745e-05
7.3801e-05
7.3858e-05
7.3914e-05
7.3971e-05
7.4027e-05
7.4083e-05
7.414e-05
7.4196e-05
7.4253e-05
7.4309e-05
7.4366e-05
7.4422e-05
7.4478e-05
7.4535e-05
7.4591e-05
7.4648e-05
7.4704e-05
7.4761e-05
7.4817e-05
7.4874e-05
7.493e-05
7.4986e-05
7.5043e-05
7.5099e-05
7.5156e-05
7.5212e-05
7.5269e-05
7.5325e-05
7.5382e-05
7.5438e-05
7.5494e-05
7.5551e-05
7.5607e-05
7.5664e-05
7.572e-05
7.5777e-05
7.5833e-05
7.589e-05
7.5946e-05
7.6002e-05
7.6059e-05
7.6115e-05
7.6172e-05
7.6228e-05
7.6285e-05
7.6341e-05
7.6398e-05
7.6454e-05
7.651e-05
7.6567e-05
7.6623e-05
7.668e-05
7.6736e-05
7.6793e-05
7.6849e-05
7.6906e-05
7.6962e-05
7.7018e-05
7.7075e-05
7.7131e-05
7.7188e-05
7.7244e-05
7.7301e-05
7.7357e-05
7.7414e-05
7.747e-05
7.7526e-05
7.7583e-05
7.7639e-05
7.7696e-05
7.7752e-05
7.7809e-05
7.7865e-05
7.7922e-05
7.7978e-05
7.8034e-05
7.8091e-05
7.8147e-05
7.8204e-05
7.826e-05
7.8317e-05
7.8373e-05
7.843e-05
7.8486e-05
7.8542e-05
7.8599e-05
7.8655e-05
7.8712e-05
7.8768e-05
7.8825e-05
7.8881e-05
7.8938e-05
7.8994e-05
7.905e-05
7.9107e-05
7.9163e-05
7.922e-05
7.9276e-05
7.9333e-05
7.9389e-05
7.9445e-05
7.9502e-05
7.9558e-05
7.9615e-05
7.9671e-05
7.9728e-05
7.9784e-05
7.9841e-05
7.9897e-05
7.9953e-05
8.001e-05
8.0066e-05
8.0123e-05
8.0179e-05
8.0236e-05
8.0292e-05
8.0349e-05
8.0405e-05
8.0461e-05
8.0518e-05
8.0574e-05
8.0631e-05
8.0687e-05
8.0744e-05
8.08e-05
8.0857e-05
8.0913e-05
8.0969e-05
8.1026e-05
8.1082e-05
8.1139e-05
8.1195e-05
8.1252e-05
8.1308e-05
8.1365e-05
8.1421e-05
8.1477e-05
8.1534e-05
8.159e-05
8.1647e-05
8.1703e-05
8.176e-05
8.1816e-05
8.1873e-05
8.1929e-05
8.1985e-05
8.2042e-05
8.2098e-05
8.2155e-05
8.2211e-05
8.2268e-05
8.2324e-05
8.2381e-05
8.2437e-05
8.2493e-05
8.255e-05
8.2606e-05
8.2663e-05
8.2719e-05
8.2776e-05
8.2832e-05
8.2889e-05
8.2945e-05
8.3001e-05
8.3058e-05
8.3114e-05
8.3171e-05
8.3227e-05
8.3284e-05
8.334e-05
8.3397e-05
8.3453e-05
8.3509e-05
8.3566e-05
8.3622e-05
8.3679e-05
8.3735e-05
8.3792e-05
8.3848e-05
8.3905e-05
8.3961e-05
8.4017e-05
8.4074e-05
8.413e-05
8.4187e-05
8.4243e-05
8.43e-05
8.4356e-05
8.4412e-05
8.4469e-05
8.4525e-05
8.4582e-05
8.4638e-05
8.4695e-05
8.4751e-05
8.4808e-05
8.4864e-05
8.492e-05
8.4977e-05
8.5033e-05
8.509e-05
8.5146e-05
8.5203e-05
8.5259e-05
8.5316e-05
8.5372e-05
8.5428e-05
8.5485e-05
8.5541e-05
8.5598e-05
8.5654e-05
8.5711e-05
8.5767e-05
8.5824e-05
8.588e-05
8.5936e-05
8.5993e-05
8.6049e-05
8.6106e-05
8.6162e-05
8.6219e-05
8.6275e-05
8.6332e-05
8.6388e-05
8.6444e-05
8.6501e-05
8.6557e-05
8.6614e-05
8.667e-05
8.6726e-05
8.6782e-05
8.6839e-05
8.6895e-05
8.6951e-05
8.7006e-05
8.7062e-05
8.7117e-05
8.7172e-05
8.7226e-05
8.7279e-05
8.7331e-05
8.7382e-05
8.7432e-05
8.7479e-05
8.7524e-05
8.7566e-05
8.7603e-05
8.7635e-05
8.7661e-05
8.768e-05
8.7688e-05
8.7686e-05
8.767e-05
8.7637e-05
8.7586e-05
8.7509e-05
8.741e-05
8.7271e-05
8.7105e-05
8.6885e-05
8.6627e-05
8.6305e-05
8.5918e-05
8.5475e-05
8.4915e-05
8.4327e-05
8.3543e-05
8.2783e-05
8.1729e-05
8.0753e-05
7.9395e-05
7.8145e-05
7.6462e-05
7.4871e-05
7.2854e-05
7.0852e-05
6.8501e-05
6.6029e-05
6.3342e-05
6.0368e-05
5.7337e-05
5.3859e-05
5.0474e-05
4.6522e-05
4.2773e-05
3.8404e-05
3.429e-05
2.958e-05
2.5115e-05
2.0152e-05
1.537e-05
1.0245e-05
5.1977e-06
