-0.00017482
-0.00019901
-0.00020506
-0.0002068
-0.00020728
-0.00020736
-0.0002073
-0.0002072
-0.00020708
-0.00020695
-0.00020682
-0.00020669
-0.00020656
-0.00020643
-0.0002063
-0.00020617
-0.00020604
-0.00020591
-0.00020578
-0.00020565
-0.00020552
-0.00020539
-0.00020526
-0.00020513
-0.000205
-0.00020487
-0.00020474
-0.00020461
-0.00020448
-0.00020435
-0.00020422
-0.00020409
-0.00020396
-0.00020383
-0.0002037
-0.00020357
-0.00020344
-0.00020331
-0.00020318
-0.00020305
-0.00020292
-0.00020279
-0.00020266
-0.00020253
-0.0002024
-0.00020227
-0.00020214
-0.00020201
-0.00020188
-0.00020175
-0.00020162
-0.00020149
-0.00020136
-0.00020123
-0.0002011
-0.00020097
-0.00020084
-0.00020071
-0.00020058
-0.00020045
-0.00020032
-0.00020019
-0.00020006
-0.00019993
-0.0001998
-0.00019967
-0.00019954
-0.00019941
-0.00019928
-0.00019915
-0.00019902
-0.00019889
-0.00019875
-0.00019862
-0.00019849
-0.00019836
-0.00019823
-0.0001981
-0.00019797
-0.00019784
-0.00019771
-0.00019758
-0.00019745
-0.00019732
-0.00019719
-0.00019706
-0.00019693
-0.0001968
-0.00019667
-0.00019654
-0.00019641
-0.00019628
-0.00019615
-0.00019602
-0.00019589
-0.00019576
-0.00019563
-0.0001955
-0.00019537
-0.00019524
-0.00019511
-0.00019498
-0.00019485
-0.00019472
-0.00019459
-0.00019446
-0.00019433
-0.0001942
-0.00019407
-0.00019394
-0.00019381
-0.00019368
-0.00019355
-0.00019342
-0.00019329
-0.00019316
-0.00019303
-0.0001929
-0.00019277
-0.00019264
-0.00019251
-0.00019238
-0.00019225
-0.00019212
-0.00019199
-0.00019186
-0.00019173
-0.0001916
-0.00019147
-0.00019134
-0.00019121
-0.00019108
-0.00019095
-0.00019082
-0.00019068
-0.00019055
-0.00019042
-0.00019029
-0.00019016
-0.00019003
-0.0001899
-0.00018977
-0.00018964
-0.00018951
-0.00018938
-0.00018925
-0.00018912
-0.00018899
-0.00018886
-0.00018873
-0.0001886
-0.00018847
-0.00018834
-0.00018821
-0.00018808
-0.00018795
-0.00018782
-0.00018769
-0.00018756
-0.00018743
-0.0001873
-0.00018717
-0.00018704
-0.00018691
-0.00018678
-0.00018665
-0.00018652
-0.00018639
-0.00018626
-0.00018613
-0.000186
-0.00018587
-0.00018574
-0.00018561
-0.00018548
-0.00018535
-0.00018522
-0.00018509
-0.00018496
-0.00018483
-0.0001847
-0.00018457
-0.00018444
-0.00018431
-0.00018418
-0.00018405
-0.00018392
-0.00018379
-0.00018366
-0.00018353
-0.0001834
-0.00018327
-0.00018314
-0.00018301
-0.00018288
-0.00018275
-0.00018262
-0.00018248
-0.00018235
-0.00018222
-0.00018209
-0.00018196
-0.00018183
-0.0001817
-0.00018157
-0.00018144
-0.00018131
-0.00018118
-0.00018105
-0.00018092
-0.00018079
-0.00018066
-0.00018053
-0.0001804
-0.00018027
-0.00018014
-0.00018001
-0.00017988
-0.00017975
-0.00017962
-0.00017949
-0.00017936
-0.00017923
-0.0001791
-0.00017897
-0.00017884
-0.00017871
-0.00017858
-0.00017845
-0.00017832
-0.00017819
-0.00017806
-0.00017793
-0.0001778
-0.00017767
-0.00017754
-0.00017741
-0.00017728
-0.00017715
-0.00017702
-0.00017689
-0.00017676
-0.00017663
-0.0001765
-0.00017637
-0.00017624
-0.00017611
-0.00017598
-0.00017585
-0.00017572
-0.00017559
-0.00017546
-0.00017533
-0.0001752
-0.00017507
-0.00017494
-0.00017481
-0.00017468
-0.00017455
-0.00017441
-0.00017428
-0.00017415
-0.00017402
-0.00017389
-0.00017376
-0.00017363
-0.0001735
-0.00017337
-0.00017324
-0.00017311
-0.00017298
-0.00017285
-0.00017272
-0.00017259
-0.00017246
-0.00017233
-0.0001722
-0.00017207
-0.00017194
-0.00017181
-0.00017168
-0.00017155
-0.00017142
-0.00017129
-0.00017116
-0.00017103
-0.0001709
-0.00017077
-0.00017064
-0.00017051
-0.00017038
-0.00017025
-0.00017012
-0.00016999
-0.00016986
-0.00016973
-0.0001696
-0.00016947
-0.00016934
-0.00016921
-0.00016908
-0.00016895
-0.00016882
-0.00016869
-0.00016856
-0.00016843
-0.0001683
-0.00016817
-0.00016804
-0.00016791
-0.00016778
-0.00016765
-0.00016752
-0.00016739
-0.00016726
-0.00016713
-0.000167
-0.00016687
-0.00016674
-0.00016661
-0.00016648
-0.00016634
-0.00016621
-0.00016608
-0.00016595
-0.00016582
-0.00016569
-0.00016556
-0.00016543
-0.0001653
-0.00016517
-0.00016504
-0.00016491
-0.00016478
-0.00016465
-0.00016452
-0.00016439
-0.00016426
-0.00016413
-0.000164
-0.00016387
-0.00016374
-0.00016361
-0.00016348
-0.00016335
-0.00016322
-0.00016309
-0.00016296
-0.00016283
-0.0001627
-0.00016257
-0.00016244
-0.00016231
-0.00016218
-0.00016205
-0.00016192
-0.00016179
-0.00016166
-0.00016153
-0.0001614
-0.00016127
-0.00016114
-0.00016101
-0.00016088
-0.00016075
-0.00016062
-0.00016049
-0.00016036
-0.00016023
-0.0001601
-0.00015997
-0.00015984
-0.00015971
-0.00015958
-0.00015945
-0.00015932
-0.00015919
-0.00015906
-0.00015893
-0.0001588
-0.00015867
-0.00015854
-0.00015841
-0.00015828
-0.00015814
-0.00015801
-0.00015788
-0.00015775
-0.00015762
-0.00015749
-0.00015736
-0.00015723
-0.0001571
-0.00015697
-0.00015684
-0.00015671
-0.00015658
-0.00015645
-0.00015632
-0.00015619
-0.00015606
-0.00015593
-0.0001558
-0.00015567
-0.00015554
-0.00015541
-0.00015528
-0.00015515
-0.00015502
-0.00015489
-0.00015476
-0.00015463
-0.0001545
-0.00015437
-0.00015424
-0.00015411
-0.00015398
-0.00015385
-0.00015372
-0.00015359
-0.00015346
-0.00015333
-0.0001532
-0.00015307
-0.00015294
-0.00015281
-0.00015268
-0.00015255
-0.00015242
-0.00015229
-0.00015216
-0.00015203
-0.0001519
-0.00015177
-0.00015164
-0.00015151
-0.00015138
-0.00015125
-0.00015112
-0.00015099
-0.00015086
-0.00015073
-0.0001506
-0.00015047
-0.00015034
-0.00015021
-0.00015007
-0.00014994
-0.00014981
-0.00014968
-0.00014955
-0.00014942
-0.00014929
-0.00014916
-0.00014903
-0.0001489
-0.00014877
-0.00014864
-0.00014851
-0.00014838
-0.00014825
-0.00014812
-0.00014799
-0.00014786
-0.00014773
-0.0001476
-0.00014747
-0.00014734
-0.00014721
-0.00014708
-0.00014695
-0.00014682
-0.00014669
-0.00014656
-0.00014643
-0.0001463
-0.00014617
-0.00014604
-0.00014591
-0.00014578
-0.00014565
-0.00014552
-0.00014539
-0.00014526
-0.00014513
-0.000145
-0.00014487
-0.00014474
-0.00014461
-0.00014448
-0.00014435
-0.00014422
-0.00014409
-0.00014396
-0.00014383
-0.0001437
-0.00014357
-0.00014344
-0.00014331
-0.00014318
-0.00014305
-0.00014292
-0.00014279
-0.00014266
-0.00014253
-0.0001424
-0.00014227
-0.00014214
-0.000142
-0.00014187
-0.00014174
-0.00014161
-0.00014148
-0.00014135
-0.00014122
-0.00014109
-0.00014096
-0.00014083
-0.0001407
-0.00014057
-0.00014044
-0.00014031
-0.00014018
-0.00014005
-0.00013992
-0.00013979
-0.00013966
-0.00013953
-0.0001394
-0.00013927
-0.00013914
-0.00013901
-0.00013888
-0.00013875
-0.00013862
-0.00013849
-0.00013836
-0.00013823
-0.0001381
-0.00013797
-0.00013784
-0.00013771
-0.00013758
-0.00013745
-0.00013732
-0.00013719
-0.00013706
-0.00013693
-0.0001368
-0.00013667
-0.00013654
-0.00013641
-0.00013628
-0.00013615
-0.00013602
-0.00013589
-0.00013576
-0.00013563
-0.0001355
-0.00013537
-0.00013524
-0.00013511
-0.00013498
-0.00013485
-0.00013472
-0.00013459
-0.00013446
-0.00013433
-0.0001342
-0.00013407
-0.00013394
-0.0001338
-0.00013367
-0.00013354
-0.00013341
-0.00013328
-0.00013315
-0.00013302
-0.00013289
-0.00013276
-0.00013263
-0.0001325
-0.00013237
-0.00013224
-0.00013211
-0.00013198
-0.00013185
-0.00013172
-0.00013159
-0.00013146
-0.00013133
-0.0001312
-0.00013107
-0.00013094
-0.00013081
-0.00013068
-0.00013055
-0.00013042
-0.00013029
-0.00013016
-0.00013003
-0.0001299
-0.00012977
-0.00012964
-0.00012951
-0.00012938
-0.00012925
-0.00012912
-0.00012899
-0.00012886
-0.00012873
-0.0001286
-0.00012847
-0.00012834
-0.00012821
-0.00012808
-0.00012795
-0.00012782
-0.00012769
-0.00012756
-0.00012743
-0.0001273
-0.00012717
-0.00012704
-0.00012691
-0.00012678
-0.00012665
-0.00012652
-0.00012639
-0.00012626
-0.00012613
-0.000126
-0.00012587
-0.00012573
-0.0001256
-0.00012547
-0.00012534
-0.00012521
-0.00012508
-0.00012495
-0.00012482
-0.00012469
-0.00012456
-0.00012443
-0.0001243
-0.00012417
-0.00012404
-0.00012391
-0.00012378
-0.00012365
-0.00012352
-0.00012339
-0.00012326
-0.00012313
-0.000123
-0.00012287
-0.00012274
-0.00012261
-0.00012248
-0.00012235
-0.00012222
-0.00012209
-0.00012196
-0.00012183
-0.0001217
-0.00012157
-0.00012144
-0.00012131
-0.00012118
-0.00012105
-0.00012092
-0.00012079
-0.00012066
-0.00012053
-0.0001204
-0.00012027
-0.00012014
-0.00012001
-0.00011988
-0.00011975
-0.00011962
-0.00011949
-0.00011936
-0.00011923
-0.0001191
-0.00011897
-0.00011884
-0.00011871
-0.00011858
-0.00011845
-0.00011832
-0.00011819
-0.00011806
-0.00011793
-0.0001178
-0.00011766
-0.00011753
-0.0001174
-0.00011727
-0.00011714
-0.00011701
-0.00011688
-0.00011675
-0.00011662
-0.00011649
-0.00011636
-0.00011623
-0.0001161
-0.00011597
-0.00011584
-0.00011571
-0.00011558
-0.00011545
-0.00011532
-0.00011519
-0.00011506
-0.00011493
-0.0001148
-0.00011467
-0.00011454
-0.00011441
-0.00011428
-0.00011415
-0.00011402
-0.00011389
-0.00011376
-0.00011363
-0.0001135
-0.00011337
-0.00011324
-0.00011311
-0.00011298
-0.00011285
-0.00011272
-0.00011259
-0.00011246
-0.00011233
-0.0001122
-0.00011207
-0.00011194
-0.00011181
-0.00011168
-0.00011155
-0.00011142
-0.00011129
-0.00011116
-0.00011103
-0.0001109
-0.00011077
-0.00011064
-0.00011051
-0.00011038
-0.00011025
-0.00011012
-0.00010999
-0.00010986
-0.00010973
-0.0001096
-0.00010946
-0.00010933
-0.0001092
-0.00010907
-0.00010894
-0.00010881
-0.00010868
-0.00010855
-0.00010842
-0.00010829
-0.00010816
-0.00010803
-0.0001079
-0.00010777
-0.00010764
-0.00010751
-0.00010738
-0.00010725
-0.00010712
-0.00010699
-0.00010686
-0.00010673
-0.0001066
-0.00010647
-0.00010634
-0.00010621
-0.00010608
-0.00010595
-0.00010582
-0.00010569
-0.00010556
-0.00010543
-0.0001053
-0.00010517
-0.00010504
-0.00010491
-0.00010478
-0.00010465
-0.00010452
-0.00010439
-0.00010426
-0.00010413
-0.000104
-0.00010387
-0.00010374
-0.00010361
-0.00010348
-0.00010335
-0.00010322
-0.00010309
-0.00010296
-0.00010283
-0.0001027
-0.00010257
-0.00010244
-0.00010231
-0.00010218
-0.00010205
-0.00010192
-0.00010179
-0.00010166
-0.00010153
-0.00010139
-0.00010126
-0.00010113
-0.000101
-0.00010087
-0.00010074
-0.00010061
-0.00010048
-0.00010035
-0.00010022
-0.00010009
-9.9963e-05
-9.9833e-05
-9.9703e-05
-9.9573e-05
-9.9443e-05
-9.9312e-05
-9.9182e-05
-9.9052e-05
-9.8922e-05
-9.8792e-05
-9.8662e-05
-9.8531e-05
-9.8401e-05
-9.8271e-05
-9.8141e-05
-9.8011e-05
-9.7881e-05
-9.775e-05
-9.762e-05
-9.749e-05
-9.736e-05
-9.723e-05
-9.71e-05
-9.6969e-05
-9.6839e-05
-9.6709e-05
-9.6579e-05
-9.6449e-05
-9.6319e-05
-9.6189e-05
-9.6058e-05
-9.5928e-05
-9.5798e-05
-9.5668e-05
-9.5538e-05
-9.5408e-05
-9.5277e-05
-9.5147e-05
-9.5017e-05
-9.4887e-05
-9.4757e-05
-9.4627e-05
-9.4496e-05
-9.4366e-05
-9.4236e-05
-9.4106e-05
-9.3976e-05
-9.3846e-05
-9.3715e-05
-9.3585e-05
-9.3455e-05
-9.3325e-05
-9.3195e-05
-9.3065e-05
-9.2934e-05
-9.2804e-05
-9.2674e-05
-9.2544e-05
-9.2414e-05
-9.2284e-05
-9.2154e-05
-9.2023e-05
-9.1893e-05
-9.1763e-05
-9.1633e-05
-9.1503e-05
-9.1373e-05
-9.1242e-05
-9.1112e-05
-9.0982e-05
-9.0852e-05
-9.0722e-05
-9.0592e-05
-9.0461e-05
-9.0331e-05
-9.0201e-05
-9.0071e-05
-8.9941e-05
-8.9811e-05
-8.968e-05
-8.955e-05
-8.942e-05
-8.929e-05
-8.916e-05
-8.903e-05
-8.89e-05
-8.8769e-05
-8.8639e-05
-8.8509e-05
-8.8379e-05
-8.8249e-05
-8.8119e-05
-8.7988e-05
-8.7858e-05
-8.7728e-05
-8.7598e-05
-8.7468e-05
-8.7338e-05
-8.7207e-05
-8.7077e-05
-8.6947e-05
-8.6817e-05
-8.6687e-05
-8.6557e-05
-8.6426e-05
-8.6296e-05
-8.6166e-05
-8.6036e-05
-8.5906e-05
-8.5776e-05
-8.5646e-05
-8.5515e-05
-8.5385e-05
-8.5255e-05
-8.5125e-05
-8.4995e-05
-8.4865e-05
-8.4734e-05
-8.4604e-05
-8.4474e-05
-8.4344e-05
-8.4214e-05
-8.4084e-05
-8.3953e-05
-8.3823e-05
-8.3693e-05
-8.3563e-05
-8.3433e-05
-8.3303e-05
-8.3172e-05
-8.3042e-05
-8.2912e-05
-8.2782e-05
-8.2652e-05
-8.2522e-05
-8.2392e-05
-8.2261e-05
-8.2131e-05
-8.2001e-05
-8.1871e-05
-8.1741e-05
-8.1611e-05
-8.148e-05
-8.135e-05
-8.122e-05
-8.109e-05
-8.096e-05
-8.083e-05
-8.0699e-05
-8.0569e-05
-8.0439e-05
-8.0309e-05
-8.0179e-05
-8.0049e-05
-7.9918e-05
-7.9788e-05
-7.9658e-05
-7.9528e-05
-7.9398e-05
-7.9268e-05
-7.9137e-05
-7.9007e-05
-7.8877e-05
-7.8747e-05
-7.8617e-05
-7.8487e-05
-7.8357e-05
-7.8226e-05
-7.8096e-05
-7.7966e-05
-7.7836e-05
-7.7706e-05
-7.7576e-05
-7.7445e-05
-7.7315e-05
-7.7185e-05
-7.7055e-05
-7.6925e-05
-7.6795e-05
-7.6664e-05
-7.6534e-05
-7.6404e-05
-7.6274e-05
-7.6144e-05
-7.6014e-05
-7.5883e-05
-7.5753e-05
-7.5623e-05
-7.5493e-05
-7.5363e-05
-7.5233e-05
-7.5103e-05
-7.4972e-05
-7.4842e-05
-7.4712e-05
-7.4582e-05
-7.4452e-05
-7.4322e-05
-7.4191e-05
-7.4061e-05
-7.3931e-05
-7.3801e-05
-7.3671e-05
-7.3541e-05
-7.341e-05
-7.328e-05
-7.315e-05
-7.302e-05
-7.289e-05
-7.276e-05
-7.2629e-05
-7.2499e-05
-7.2369e-05
-7.2239e-05
-7.2109e-05
-7.1979e-05
-7.1849e-05
-7.1718e-05
-7.1588e-05
-7.1458e-05
-7.1328e-05
-7.1198e-05
-7.1068e-05
-7.0937e-05
-7.0807e-05
-7.0677e-05
-7.0547e-05
-7.0417e-05
-7.0287e-05
-7.0156e-05
-7.0026e-05
-6.9896e-05
-6.9766e-05
-6.9636e-05
-6.9506e-05
-6.9375e-05
-6.9245e-05
-6.9115e-05
-6.8985e-05
-6.8855e-05
-6.8725e-05
-6.8594e-05
-6.8464e-05
-6.8334e-05
-6.8204e-05
-6.8074e-05
-6.7944e-05
-6.7814e-05
-6.7683e-05
-6.7553e-05
-6.7423e-05
-6.7293e-05
-6.7163e-05
-6.7033e-05
-6.6902e-05
-6.6772e-05
-6.6642e-05
-6.6512e-05
-6.6382e-05
-6.6252e-05
-6.6121e-05
-6.5991e-05
-6.5861e-05
-6.5731e-05
-6.5601e-05
-6.5471e-05
-6.534e-05
-6.521e-05
-6.508e-05
-6.495e-05
-6.482e-05
-6.469e-05
-6.456e-05
-6.4429e-05
-6.4299e-05
-6.4169e-05
-6.4039e-05
-6.3909e-05
-6.3779e-05
-6.3648e-05
-6.3518e-05
-6.3388e-05
-6.3258e-05
-6.3128e-05
-6.2998e-05
-6.2867e-05
-6.2737e-05
-6.2607e-05
-6.2477e-05
-6.2347e-05
-6.2217e-05
-6.2086e-05
-6.1956e-05
-6.1826e-05
-6.1696e-05
-6.1566e-05
-6.1436e-05
-6.1306e-05
-6.1175e-05
-6.1045e-05
-6.0915e-05
-6.0785e-05
-6.0655e-05
-6.0525e-05
-6.0394e-05
-6.0264e-05
-6.0134e-05
-6.0004e-05
-5.9874e-05
-5.9744e-05
-5.9613e-05
-5.9483e-05
-5.9353e-05
-5.9223e-05
-5.9093e-05
-5.8963e-05
-5.8832e-05
-5.8702e-05
-5.8572e-05
-5.8442e-05
-5.8312e-05
-5.8182e-05
-5.8052e-05
-5.7921e-05
-5.7791e-05
-5.7661e-05
-5.7531e-05
-5.7401e-05
-5.7271e-05
-5.714e-05
-5.701e-05
-5.688e-05
-5.675e-05
-5.662e-05
-5.649e-05
-5.6359e-05
-5.6229e-05
-5.6099e-05
-5.5969e-05
-5.5839e-05
-5.5709e-05
-5.5578e-05
-5.5448e-05
-5.5318e-05
-5.5188e-05
-5.5058e-05
-5.4928e-05
-5.4797e-05
-5.4667e-05
-5.4537e-05
-5.4407e-05
-5.4277e-05
-5.4147e-05
-5.4017e-05
-5.3886e-05
-5.3756e-05
-5.3626e-05
-5.3496e-05
-5.3366e-05
-5.3236e-05
-5.3105e-05
-5.2975e-05
-5.2845e-05
-5.2715e-05
-5.2585e-05
-5.2455e-05
-5.2324e-05
-5.2194e-05
-5.2064e-05
-5.1934e-05
-5.1804e-05
-5.1674e-05
-5.1543e-05
-5.1413e-05
-5.1283e-05
-5.1153e-05
-5.1023e-05
-5.0893e-05
-5.0763e-05
-5.0632e-05
-5.0502e-05
-5.0372e-05
-5.0242e-05
-5.0112e-05
-4.9982e-05
-4.9851e-05
-4.9721e-05
-4.9591e-05
-4.9461e-05
-4.9331e-05
-4.9201e-05
-4.907e-05
-4.894e-05
-4.881e-05
-4.868e-05
-4.855e-05
-4.842e-05
-4.8289e-05
-4.8159e-05
-4.8029e-05
-4.7899e-05
-4.7769e-05
-4.7639e-05
-4.7509e-05
-4.7378e-05
-4.7248e-05
-4.7118e-05
-4.6988e-05
-4.6858e-05
-4.6728e-05
-4.6597e-05
-4.6467e-05
-4.6337e-05
-4.6207e-05
-4.6077e-05
-4.5947e-05
-4.5816e-05
-4.5686e-05
-4.5556e-05
-4.5426e-05
-4.5296e-05
-4.5166e-05
-4.5035e-05
-4.4905e-05
-4.4775e-05
-4.4645e-05
-4.4515e-05
-4.4385e-05
-4.4254e-05
-4.4124e-05
-4.3994e-05
-4.3864e-05
-4.3734e-05
-4.3604e-05
-4.3474e-05
-4.3343e-05
-4.3213e-05
-4.3083e-05
-4.2953e-05
-4.2823e-05
-4.2693e-05
-4.2562e-05
-4.2432e-05
-4.2302e-05
-4.2172e-05
-4.2042e-05
-4.1912e-05
-4.1781e-05
-4.1651e-05
-4.1521e-05
-4.1391e-05
-4.1261e-05
-4.1131e-05
-4.1e-05
-4.087e-05
-4.074e-05
-4.061e-05
-4.048e-05
-4.035e-05
-4.022e-05
-4.0089e-05
-3.9959e-05
-3.9829e-05
-3.9699e-05
-3.9569e-05
-3.9439e-05
-3.9308e-05
-3.9178e-05
-3.9048e-05
-3.8918e-05
-3.8788e-05
-3.8658e-05
-3.8527e-05
-3.8397e-05
-3.8267e-05
-3.8137e-05
-3.8007e-05
-3.7877e-05
-3.7746e-05
-3.7616e-05
-3.7486e-05
-3.7356e-05
-3.7226e-05
-3.7096e-05
-3.6966e-05
-3.6835e-05
-3.6705e-05
-3.6575e-05
-3.6445e-05
-3.6315e-05
-3.6185e-05
-3.6054e-05
-3.5924e-05
-3.5794e-05
-3.5664e-05
-3.5534e-05
-3.5404e-05
-3.5273e-05
-3.5143e-05
-3.5013e-05
-3.4883e-05
-3.4753e-05
-3.4623e-05
-3.4492e-05
-3.4362e-05
-3.4232e-05
-3.4102e-05
-3.3972e-05
-3.3842e-05
-3.3711e-05
-3.3581e-05
-3.3451e-05
-3.3321e-05
-3.3191e-05
-3.3061e-05
-3.2931e-05
-3.28e-05
-3.267e-05
-3.254e-05
-3.241e-05
-3.228e-05
-3.215e-05
-3.2019e-05
-3.1889e-05
-3.1759e-05
-3.1629e-05
-3.1499e-05
-3.1369e-05
-3.1238e-05
-3.1108e-05
-3.0978e-05
-3.0848e-05
-3.0718e-05
-3.0588e-05
-3.0457e-05
-3.0327e-05
-3.0197e-05
-3.0067e-05
-2.9937e-05
-2.9807e-05
-2.9677e-05
-2.9546e-05
-2.9416e-05
-2.9286e-05
-2.9156e-05
-2.9026e-05
-2.8896e-05
-2.8765e-05
-2.8635e-05
-2.8505e-05
-2.8375e-05
-2.8245e-05
-2.8115e-05
-2.7984e-05
-2.7854e-05
-2.7724e-05
-2.7594e-05
-2.7464e-05
-2.7334e-05
-2.7203e-05
-2.7073e-05
-2.6943e-05
-2.6813e-05
-2.6683e-05
-2.6553e-05
-2.6423e-05
-2.6292e-05
-2.6162e-05
-2.6032e-05
-2.5902e-05
-2.5772e-05
-2.5642e-05
-2.5511e-05
-2.5381e-05
-2.5251e-05
-2.5121e-05
-2.4991e-05
-2.4861e-05
-2.473e-05
-2.46e-05
-2.447e-05
-2.434e-05
-2.421e-05
-2.408e-05
-2.3949e-05
-2.3819e-05
-2.3689e-05
-2.3559e-05
-2.3429e-05
-2.3299e-05
-2.3169e-05
-2.3038e-05
-2.2908e-05
-2.2778e-05
-2.2648e-05
-2.2518e-05
-2.2388e-05
-2.2257e-05
-2.2127e-05
-2.1997e-05
-2.1867e-05
-2.1737e-05
-2.1607e-05
-2.1476e-05
-2.1346e-05
-2.1216e-05
-2.1086e-05
-2.0956e-05
-2.0826e-05
-2.0695e-05
-2.0565e-05
-2.0435e-05
-2.0305e-05
-2.0175e-05
-2.0045e-05
-1.9914e-05
-1.9784e-05
-1.9654e-05
-1.9524e-05
-1.9394e-05
-1.9264e-05
-1.9134e-05
-1.9003e-05
-1.8873e-05
-1.8743e-05
-1.8613e-05
-1.8483e-05
-1.8353e-05
-1.8222e-05
-1.8092e-05
-1.7962e-05
-1.7832e-05
-1.7702e-05
-1.7572e-05
-1.7441e-05
-1.7311e-05
-1.7181e-05
-1.7051e-05
-1.6921e-05
-1.6791e-05
-1.666e-05
-1.653e-05
-1.64e-05
-1.627e-05
-1.614e-05
-1.601e-05
-1.588e-05
-1.5749e-05
-1.5619e-05
-1.5489e-05
-1.5359e-05
-1.5229e-05
-1.5099e-05
-1.4968e-05
-1.4838e-05
-1.4708e-05
-1.4578e-05
-1.4448e-05
-1.4318e-05
-1.4187e-05
-1.4057e-05
-1.3927e-05
-1.3797e-05
-1.3667e-05
-1.3537e-05
-1.3406e-05
-1.3276e-05
-1.3146e-05
-1.3016e-05
-1.2886e-05
-1.2756e-05
-1.2626e-05
-1.2495e-05
-1.2365e-05
-1.2235e-05
-1.2105e-05
-1.1975e-05
-1.1845e-05
-1.1714e-05
-1.1584e-05
-1.1454e-05
-1.1324e-05
-1.1194e-05
-1.1064e-05
-1.0933e-05
-1.0803e-05
-1.0673e-05
-1.0543e-05
-1.0413e-05
-1.0283e-05
-1.0152e-05
-1.0022e-05
-9.8921e-06
-9.762e-06
-9.6318e-06
-9.5017e-06
-9.3715e-06
-9.2413e-06
-9.1112e-06
-8.981e-06
-8.8509e-06
-8.7207e-06
-8.5905e-06
-8.4604e-06
-8.3302e-06
-8.2001e-06
-8.0699e-06
-7.9397e-06
-7.8096e-06
-7.6794e-06
-7.5493e-06
-7.4191e-06
-7.2889e-06
-7.1588e-06
-7.0286e-06
-6.8984e-06
-6.7683e-06
-6.6381e-06
-6.508e-06
-6.3778e-06
-6.2476e-06
-6.1175e-06
-5.9873e-06
-5.8572e-06
-5.727e-06
-5.5968e-06
-5.4667e-06
-5.3365e-06
-5.2064e-06
-5.0762e-06
-4.946e-06
-4.8159e-06
-4.6857e-06
-4.5556e-06
-4.4254e-06
-4.2952e-06
-4.1651e-06
-4.0349e-06
-3.9048e-06
-3.7746e-06
-3.6444e-06
-3.5143e-06
-3.3841e-06
-3.254e-06
-3.1238e-06
-2.9936e-06
-2.8635e-06
-2.7333e-06
-2.6032e-06
-2.473e-06
-2.3428e-06
-2.2127e-06
-2.0825e-06
-1.9524e-06
-1.8222e-06
-1.692e-06
-1.5619e-06
-1.4317e-06
-1.3016e-06
-1.1714e-06
-1.0412e-06
-9.1107e-07
-7.8091e-07
-6.5075e-07
-5.2059e-07
-3.9043e-07
-2.6027e-07
-1.3011e-07
5.335e-11
1.3021e-07
2.6037e-07
3.9053e-07
5.207e-07
6.5086e-07
7.8102e-07
9.1118e-07
1.0413e-06
1.1715e-06
1.3017e-06
1.4318e-06
1.562e-06
1.6921e-06
1.8223e-06
1.9525e-06
2.0826e-06
2.2128e-06
2.3429e-06
2.4731e-06
2.6033e-06
2.7334e-06
2.8636e-06
2.9937e-06
3.1239e-06
3.2541e-06
3.3842e-06
3.5144e-06
3.6445e-06
3.7747e-06
3.9049e-06
4.035e-06
4.1652e-06
4.2953e-06
4.4255e-06
4.5557e-06
4.6858e-06
4.816e-06
4.9461e-06
5.0763e-06
5.2065e-06
5.3366e-06
5.4668e-06
5.597e-06
5.7271e-06
5.8573e-06
5.9874e-06
6.1176e-06
6.2478e-06
6.3779e-06
6.5081e-06
6.6382e-06
6.7684e-06
6.8986e-06
7.0287e-06
7.1589e-06
7.289e-06
7.4192e-06
7.5494e-06
7.6795e-06
7.8097e-06
7.9398e-06
8.07e-06
8.2002e-06
8.3303e-06
8.4605e-06
8.5906e-06
8.7208e-06
8.851e-06
8.9811e-06
9.1113e-06
9.2414e-06
9.3716e-06
9.5018e-06
9.6319e-06
9.7621e-06
9.8922e-06
1.0022e-05
1.0153e-05
1.0283e-05
1.0413e-05
1.0543e-05
1.0673e-05
1.0803e-05
1.0934e-05
1.1064e-05
1.1194e-05
1.1324e-05
1.1454e-05
1.1584e-05
1.1714e-05
1.1845e-05
1.1975e-05
1.2105e-05
1.2235e-05
1.2365e-05
1.2495e-05
1.2626e-05
1.2756e-05
1.2886e-05
1.3016e-05
1.3146e-05
1.3276e-05
1.3407e-05
1.3537e-05
1.3667e-05
1.3797e-05
1.3927e-05
1.4057e-05
1.4188e-05
1.4318e-05
1.4448e-05
1.4578e-05
1.4708e-05
1.4838e-05
1.4969e-05
1.5099e-05
1.5229e-05
1.5359e-05
1.5489e-05
1.5619e-05
1.5749e-05
1.588e-05
1.601e-05
1.614e-05
1.627e-05
1.64e-05
1.653e-05
1.6661e-05
1.6791e-05
1.6921e-05
1.7051e-05
1.7181e-05
1.7311e-05
1.7442e-05
1.7572e-05
1.7702e-05
1.7832e-05
1.7962e-05
1.8092e-05
1.8223e-05
1.8353e-05
1.8483e-05
1.8613e-05
1.8743e-05
1.8873e-05
1.9003e-05
1.9134e-05
1.9264e-05
1.9394e-05
1.9524e-05
1.9654e-05
1.9784e-05
1.9915e-05
2.0045e-05
2.0175e-05
2.0305e-05
2.0435e-05
2.0565e-05
2.0696e-05
2.0826e-05
2.0956e-05
2.1086e-05
2.1216e-05
2.1346e-05
2.1477e-05
2.1607e-05
2.1737e-05
2.1867e-05
2.1997e-05
2.2127e-05
2.2257e-05
2.2388e-05
2.2518e-05
2.2648e-05
2.2778e-05
2.2908e-05
2.3038e-05
2.3169e-05
2.3299e-05
2.3429e-05
2.3559e-05
2.3689e-05
2.3819e-05
2.395e-05
2.408e-05
2.421e-05
2.434e-05
2.447e-05
2.46e-05
2.4731e-05
2.4861e-05
2.4991e-05
2.5121e-05
2.5251e-05
2.5381e-05
2.5511e-05
2.5642e-05
2.5772e-05
2.5902e-05
2.6032e-05
2.6162e-05
2.6292e-05
2.6423e-05
2.6553e-05
2.6683e-05
2.6813e-05
2.6943e-05
2.7073e-05
2.7204e-05
2.7334e-05
2.7464e-05
2.7594e-05
2.7724e-05
2.7854e-05
2.7985e-05
2.8115e-05
2.8245e-05
2.8375e-05
2.8505e-05
2.8635e-05
2.8766e-05
2.8896e-05
2.9026e-05
2.9156e-05
2.9286e-05
2.9416e-05
2.9546e-05
2.9677e-05
2.9807e-05
2.9937e-05
3.0067e-05
3.0197e-05
3.0327e-05
3.0458e-05
3.0588e-05
3.0718e-05
3.0848e-05
3.0978e-05
3.1108e-05
3.1239e-05
3.1369e-05
3.1499e-05
3.1629e-05
3.1759e-05
3.1889e-05
3.202e-05
3.215e-05
3.228e-05
3.241e-05
3.254e-05
3.267e-05
3.28e-05
3.2931e-05
3.3061e-05
3.3191e-05
3.3321e-05
3.3451e-05
3.3581e-05
3.3712e-05
3.3842e-05
3.3972e-05
3.4102e-05
3.4232e-05
3.4362e-05
3.4493e-05
3.4623e-05
3.4753e-05
3.4883e-05
3.5013e-05
3.5143e-05
3.5274e-05
3.5404e-05
3.5534e-05
3.5664e-05
3.5794e-05
3.5924e-05
3.6054e-05
3.6185e-05
3.6315e-05
3.6445e-05
3.6575e-05
3.6705e-05
3.6835e-05
3.6966e-05
3.7096e-05
3.7226e-05
3.7356e-05
3.7486e-05
3.7616e-05
3.7747e-05
3.7877e-05
3.8007e-05
3.8137e-05
3.8267e-05
3.8397e-05
3.8528e-05
3.8658e-05
3.8788e-05
3.8918e-05
3.9048e-05
3.9178e-05
3.9309e-05
3.9439e-05
3.9569e-05
3.9699e-05
3.9829e-05
3.9959e-05
4.0089e-05
4.022e-05
4.035e-05
4.048e-05
4.061e-05
4.074e-05
4.087e-05
4.1001e-05
4.1131e-05
4.1261e-05
4.1391e-05
4.1521e-05
4.1651e-05
4.1782e-05
4.1912e-05
4.2042e-05
4.2172e-05
4.2302e-05
4.2432e-05
4.2563e-05
4.2693e-05
4.2823e-05
4.2953e-05
4.3083e-05
4.3213e-05
4.3343e-05
4.3474e-05
4.3604e-05
4.3734e-05
4.3864e-05
4.3994e-05
4.4124e-05
4.4255e-05
4.4385e-05
4.4515e-05
4.4645e-05
4.4775e-05
4.4905e-05
4.5036e-05
4.5166e-05
4.5296e-05
4.5426e-05
4.5556e-05
4.5686e-05
4.5817e-05
4.5947e-05
4.6077e-05
4.6207e-05
4.6337e-05
4.6467e-05
4.6597e-05
4.6728e-05
4.6858e-05
4.6988e-05
4.7118e-05
4.7248e-05
4.7378e-05
4.7509e-05
4.7639e-05
4.7769e-05
4.7899e-05
4.8029e-05
4.8159e-05
4.829e-05
4.842e-05
4.855e-05
4.868e-05
4.881e-05
4.894e-05
4.9071e-05
4.9201e-05
4.9331e-05
4.9461e-05
4.9591e-05
4.9721e-05
4.9851e-05
4.9982e-05
5.0112e-05
5.0242e-05
5.0372e-05
5.0502e-05
5.0632e-05
5.0763e-05
5.0893e-05
5.1023e-05
5.1153e-05
5.1283e-05
5.1413e-05
5.1544e-05
5.1674e-05
5.1804e-05
5.1934e-05
5.2064e-05
5.2194e-05
5.2325e-05
5.2455e-05
5.2585e-05
5.2715e-05
5.2845e-05
5.2975e-05
5.3106e-05
5.3236e-05
5.3366e-05
5.3496e-05
5.3626e-05
5.3756e-05
5.3886e-05
5.4017e-05
5.4147e-05
5.4277e-05
5.4407e-05
5.4537e-05
5.4667e-05
5.4798e-05
5.4928e-05
5.5058e-05
5.5188e-05
5.5318e-05
5.5448e-05
5.5579e-05
5.5709e-05
5.5839e-05
5.5969e-05
5.6099e-05
5.6229e-05
5.636e-05
5.649e-05
5.662e-05
5.675e-05
5.688e-05
5.701e-05
5.714e-05
5.7271e-05
5.7401e-05
5.7531e-05
5.7661e-05
5.7791e-05
5.7921e-05
5.8052e-05
5.8182e-05
5.8312e-05
5.8442e-05
5.8572e-05
5.8702e-05
5.8833e-05
5.8963e-05
5.9093e-05
5.9223e-05
5.9353e-05
5.9483e-05
5.9614e-05
5.9744e-05
5.9874e-05
6.0004e-05
6.0134e-05
6.0264e-05
6.0394e-05
6.0525e-05
6.0655e-05
6.0785e-05
6.0915e-05
6.1045e-05
6.1175e-05
6.1306e-05
6.1436e-05
6.1566e-05
6.1696e-05
6.1826e-05
6.1956e-05
6.2087e-05
6.2217e-05
6.2347e-05
6.2477e-05
6.2607e-05
6.2737e-05
6.2868e-05
6.2998e-05
6.3128e-05
6.3258e-05
6.3388e-05
6.3518e-05
6.3649e-05
6.3779e-05
6.3909e-05
6.4039e-05
6.4169e-05
6.4299e-05
6.4429e-05
6.456e-05
6.469e-05
6.482e-05
6.495e-05
6.508e-05
6.521e-05
6.5341e-05
6.5471e-05
6.5601e-05
6.5731e-05
6.5861e-05
6.5991e-05
6.6122e-05
6.6252e-05
6.6382e-05
6.6512e-05
6.6642e-05
6.6772e-05
6.6903e-05
6.7033e-05
6.7163e-05
6.7293e-05
6.7423e-05
6.7553e-05
6.7683e-05
6.7814e-05
6.7944e-05
6.8074e-05
6.8204e-05
6.8334e-05
6.8464e-05
6.8595e-05
6.8725e-05
6.8855e-05
6.8985e-05
6.9115e-05
6.9245e-05
6.9376e-05
6.9506e-05
6.9636e-05
6.9766e-05
6.9896e-05
7.0026e-05
7.0157e-05
7.0287e-05
7.0417e-05
7.0547e-05
7.0677e-05
7.0807e-05
7.0937e-05
7.1068e-05
7.1198e-05
7.1328e-05
7.1458e-05
7.1588e-05
7.1718e-05
7.1849e-05
7.1979e-05
7.2109e-05
7.2239e-05
7.2369e-05
7.2499e-05
7.263e-05
7.276e-05
7.289e-05
7.302e-05
7.315e-05
7.328e-05
7.3411e-05
7.3541e-05
7.3671e-05
7.3801e-05
7.3931e-05
7.4061e-05
7.4192e-05
7.4322e-05
7.4452e-05
7.4582e-05
7.4712e-05
7.4842e-05
7.4972e-05
7.5103e-05
7.5233e-05
7.5363e-05
7.5493e-05
7.5623e-05
7.5753e-05
7.5884e-05
7.6014e-05
7.6144e-05
7.6274e-05
7.6404e-05
7.6534e-05
7.6665e-05
7.6795e-05
7.6925e-05
7.7055e-05
7.7185e-05
7.7315e-05
7.7446e-05
7.7576e-05
7.7706e-05
7.7836e-05
7.7966e-05
7.8096e-05
7.8226e-05
7.8357e-05
7.8487e-05
7.8617e-05
7.8747e-05
7.8877e-05
7.9007e-05
7.9138e-05
7.9268e-05
7.9398e-05
7.9528e-05
7.9658e-05
7.9788e-05
7.9919e-05
8.0049e-05
8.0179e-05
8.0309e-05
8.0439e-05
8.0569e-05
8.07e-05
8.083e-05
8.096e-05
8.109e-05
8.122e-05
8.135e-05
8.148e-05
8.1611e-05
8.1741e-05
8.1871e-05
8.2001e-05
8.2131e-05
8.2261e-05
8.2392e-05
8.2522e-05
8.2652e-05
8.2782e-05
8.2912e-05
8.3042e-05
8.3173e-05
8.3303e-05
8.3433e-05
8.3563e-05
8.3693e-05
8.3823e-05
8.3954e-05
8.4084e-05
8.4214e-05
8.4344e-05
8.4474e-05
8.4604e-05
8.4734e-05
8.4865e-05
8.4995e-05
8.5125e-05
8.5255e-05
8.5385e-05
8.5515e-05
8.5646e-05
8.5776e-05
8.5906e-05
8.6036e-05
8.6166e-05
8.6296e-05
8.6427e-05
8.6557e-05
8.6687e-05
8.6817e-05
8.6947e-05
8.7077e-05
8.7208e-05
8.7338e-05
8.7468e-05
8.7598e-05
8.7728e-05
8.7858e-05
8.7989e-05
8.8119e-05
8.8249e-05
8.8379e-05
8.8509e-05
8.8639e-05
8.8769e-05
8.89e-05
8.903e-05
8.916e-05
8.929e-05
8.942e-05
8.955e-05
8.9681e-05
8.9811e-05
8.9941e-05
9.0071e-05
9.0201e-05
9.0331e-05
9.0462e-05
9.0592e-05
9.0722e-05
9.0852e-05
9.0982e-05
9.1112e-05
9.1243e-05
9.1373e-05
9.1503e-05
9.1633e-05
9.1763e-05
9.1893e-05
9.2023e-05
9.2154e-05
9.2284e-05
9.2414e-05
9.2544e-05
9.2674e-05
9.2804e-05
9.2935e-05
9.3065e-05
9.3195e-05
9.3325e-05
9.3455e-05
9.3585e-05
9.3716e-05
9.3846e-05
9.3976e-05
9.4106e-05
9.4236e-05
9.4366e-05
9.4497e-05
9.4627e-05
9.4757e-05
9.4887e-05
9.5017e-05
9.5147e-05
9.5277e-05
9.5408e-05
9.5538e-05
9.5668e-05
9.5798e-05
9.5928e-05
9.6058e-05
9.6189e-05
9.6319e-05
9.6449e-05
9.6579e-05
9.6709e-05
9.6839e-05
9.697e-05
9.71e-05
9.723e-05
9.736e-05
9.749e-05
9.762e-05
9.7751e-05
9.7881e-05
9.8011e-05
9.8141e-05
9.8271e-05
9.8401e-05
9.8532e-05
9.8662e-05
9.8792e-05
9.8922e-05
9.9052e-05
9.9182e-05
9.9312e-05
9.9443e-05
9.9573e-05
9.9703e-05
9.9833e-05
9.9963e-05
0.00010009
0.00010022
0.00010035
0.00010048
0.00010061
0.00010074
0.00010087
0.000101
0.00010113
0.00010126
0.0001014
0.00010153
0.00010166
0.00010179
0.00010192
0.00010205
0.00010218
0.00010231
0.00010244
0.00010257
0.0001027
0.00010283
0.00010296
0.00010309
0.00010322
0.00010335
0.00010348
0.00010361
0.00010374
0.00010387
0.000104
0.00010413
0.00010426
0.00010439
0.00010452
0.00010465
0.00010478
0.00010491
0.00010504
0.00010517
0.0001053
0.00010543
0.00010556
0.00010569
0.00010582
0.00010595
0.00010608
0.00010621
0.00010634
0.00010647
0.0001066
0.00010673
0.00010686
0.00010699
0.00010712
0.00010725
0.00010738
0.00010751
0.00010764
0.00010777
0.0001079
0.00010803
0.00010816
0.00010829
0.00010842
0.00010855
0.00010868
0.00010881
0.00010894
0.00010907
0.0001092
0.00010933
0.00010946
0.0001096
0.00010973
0.00010986
0.00010999
0.00011012
0.00011025
0.00011038
0.00011051
0.00011064
0.00011077
0.0001109
0.00011103
0.00011116
0.00011129
0.00011142
0.00011155
0.00011168
0.00011181
0.00011194
0.00011207
0.0001122
0.00011233
0.00011246
0.00011259
0.00011272
0.00011285
0.00011298
0.00011311
0.00011324
0.00011337
0.0001135
0.00011363
0.00011376
0.00011389
0.00011402
0.00011415
0.00011428
0.00011441
0.00011454
0.00011467
0.0001148
0.00011493
0.00011506
0.00011519
0.00011532
0.00011545
0.00011558
0.00011571
0.00011584
0.00011597
0.0001161
0.00011623
0.00011636
0.00011649
0.00011662
0.00011675
0.00011688
0.00011701
0.00011714
0.00011727
0.0001174
0.00011753
0.00011767
0.0001178
0.00011793
0.00011806
0.00011819
0.00011832
0.00011845
0.00011858
0.00011871
0.00011884
0.00011897
0.0001191
0.00011923
0.00011936
0.00011949
0.00011962
0.00011975
0.00011988
0.00012001
0.00012014
0.00012027
0.0001204
0.00012053
0.00012066
0.00012079
0.00012092
0.00012105
0.00012118
0.00012131
0.00012144
0.00012157
0.0001217
0.00012183
0.00012196
0.00012209
0.00012222
0.00012235
0.00012248
0.00012261
0.00012274
0.00012287
0.000123
0.00012313
0.00012326
0.00012339
0.00012352
0.00012365
0.00012378
0.00012391
0.00012404
0.00012417
0.0001243
0.00012443
0.00012456
0.00012469
0.00012482
0.00012495
0.00012508
0.00012521
0.00012534
0.00012547
0.0001256
0.00012574
0.00012587
0.000126
0.00012613
0.00012626
0.00012639
0.00012652
0.00012665
0.00012678
0.00012691
0.00012704
0.00012717
0.0001273
0.00012743
0.00012756
0.00012769
0.00012782
0.00012795
0.00012808
0.00012821
0.00012834
0.00012847
0.0001286
0.00012873
0.00012886
0.00012899
0.00012912
0.00012925
0.00012938
0.00012951
0.00012964
0.00012977
0.0001299
0.00013003
0.00013016
0.00013029
0.00013042
0.00013055
0.00013068
0.00013081
0.00013094
0.00013107
0.0001312
0.00013133
0.00013146
0.00013159
0.00013172
0.00013185
0.00013198
0.00013211
0.00013224
0.00013237
0.0001325
0.00013263
0.00013276
0.00013289
0.00013302
0.00013315
0.00013328
0.00013341
0.00013354
0.00013367
0.0001338
0.00013394
0.00013407
0.0001342
0.00013433
0.00013446
0.00013459
0.00013472
0.00013485
0.00013498
0.00013511
0.00013524
0.00013537
0.0001355
0.00013563
0.00013576
0.00013589
0.00013602
0.00013615
0.00013628
0.00013641
0.00013654
0.00013667
0.0001368
0.00013693
0.00013706
0.00013719
0.00013732
0.00013745
0.00013758
0.00013771
0.00013784
0.00013797
0.0001381
0.00013823
0.00013836
0.00013849
0.00013862
0.00013875
0.00013888
0.00013901
0.00013914
0.00013927
0.0001394
0.00013953
0.00013966
0.00013979
0.00013992
0.00014005
0.00014018
0.00014031
0.00014044
0.00014057
0.0001407
0.00014083
0.00014096
0.00014109
0.00014122
0.00014135
0.00014148
0.00014161
0.00014174
0.00014187
0.00014201
0.00014214
0.00014227
0.0001424
0.00014253
0.00014266
0.00014279
0.00014292
0.00014305
0.00014318
0.00014331
0.00014344
0.00014357
0.0001437
0.00014383
0.00014396
0.00014409
0.00014422
0.00014435
0.00014448
0.00014461
0.00014474
0.00014487
0.000145
0.00014513
0.00014526
0.00014539
0.00014552
0.00014565
0.00014578
0.00014591
0.00014604
0.00014617
0.0001463
0.00014643
0.00014656
0.00014669
0.00014682
0.00014695
0.00014708
0.00014721
0.00014734
0.00014747
0.0001476
0.00014773
0.00014786
0.00014799
0.00014812
0.00014825
0.00014838
0.00014851
0.00014864
0.00014877
0.0001489
0.00014903
0.00014916
0.00014929
0.00014942
0.00014955
0.00014968
0.00014981
0.00014994
0.00015008
0.00015021
0.00015034
0.00015047
0.0001506
0.00015073
0.00015086
0.00015099
0.00015112
0.00015125
0.00015138
0.00015151
0.00015164
0.00015177
0.0001519
0.00015203
0.00015216
0.00015229
0.00015242
0.00015255
0.00015268
0.00015281
0.00015294
0.00015307
0.0001532
0.00015333
0.00015346
0.00015359
0.00015372
0.00015385
0.00015398
0.00015411
0.00015424
0.00015437
0.0001545
0.00015463
0.00015476
0.00015489
0.00015502
0.00015515
0.00015528
0.00015541
0.00015554
0.00015567
0.0001558
0.00015593
0.00015606
0.00015619
0.00015632
0.00015645
0.00015658
0.00015671
0.00015684
0.00015697
0.0001571
0.00015723
0.00015736
0.00015749
0.00015762
0.00015775
0.00015788
0.00015801
0.00015814
0.00015828
0.00015841
0.00015854
0.00015867
0.0001588
0.00015893
0.00015906
0.00015919
0.00015932
0.00015945
0.00015958
0.00015971
0.00015984
0.00015997
0.0001601
0.00016023
0.00016036
0.00016049
0.00016062
0.00016075
0.00016088
0.00016101
0.00016114
0.00016127
0.0001614
0.00016153
0.00016166
0.00016179
0.00016192
0.00016205
0.00016218
0.00016231
0.00016244
0.00016257
0.0001627
0.00016283
0.00016296
0.00016309
0.00016322
0.00016335
0.00016348
0.00016361
0.00016374
0.00016387
0.000164
0.00016413
0.00016426
0.00016439
0.00016452
0.00016465
0.00016478
0.00016491
0.00016504
0.00016517
0.0001653
0.00016543
0.00016556
0.00016569
0.00016582
0.00016595
0.00016608
0.00016621
0.00016635
0.00016648
0.00016661
0.00016674
0.00016687
0.000167
0.00016713
0.00016726
0.00016739
0.00016752
0.00016765
0.00016778
0.00016791
0.00016804
0.00016817
0.0001683
0.00016843
0.00016856
0.00016869
0.00016882
0.00016895
0.00016908
0.00016921
0.00016934
0.00016947
0.0001696
0.00016973
0.00016986
0.00016999
0.00017012
0.00017025
0.00017038
0.00017051
0.00017064
0.00017077
0.0001709
0.00017103
0.00017116
0.00017129
0.00017142
0.00017155
0.00017168
0.00017181
0.00017194
0.00017207
0.0001722
0.00017233
0.00017246
0.00017259
0.00017272
0.00017285
0.00017298
0.00017311
0.00017324
0.00017337
0.0001735
0.00017363
0.00017376
0.00017389
0.00017402
0.00017415
0.00017428
0.00017441
0.00017454
0.00017467
0.0001748
0.00017493
0.00017506
0.00017519
0.00017532
0.00017545
0.00017558
0.00017571
0.00017584
0.00017597
0.00017609
0.00017622
0.00017635
0.00017648
0.00017661
0.00017674
0.00017687
0.000177
0.00017713
0.00017726
0.00017738
0.00017751
0.00017764
0.00017777
0.0001779
0.00017803
0.00017815
0.00017828
0.00017841
0.00017854
0.00017867
0.00017879
0.00017892
0.00017905
0.00017917
0.0001793
0.00017943
0.00017955
0.00017968
0.0001798
0.00017993
0.00018006
0.00018018
0.0001803
0.00018043
0.00018055
0.00018068
0.0001808
0.00018092
0.00018105
0.00018117
0.00018129
0.00018141
0.00018153
0.00018165
0.00018177
0.00018189
0.00018201
0.00018213
0.00018225
0.00018236
0.00018248
0.00018259
0.00018271
0.00018282
0.00018294
0.00018305
0.00018316
0.00018327
0.00018338
0.00018349
0.0001836
0.0001837
0.00018381
0.00018391
0.00018402
0.00018412
0.00018422
0.00018432
0.00018441
0.00018451
0.0001846
0.0001847
0.00018479
0.00018488
0.00018497
0.00018505
0.00018514
0.00018522
0.0001853
0.00018537
0.00018545
0.00018552
0.00018559
0.00018566
0.00018572
0.00018579
0.00018585
0.0001859
0.00018596
0.00018601
0.00018605
0.0001861
0.00018614
0.00018617
0.00018621
0.00018624
0.00018626
0.00018628
0.0001863
0.00018631
0.00018632
0.00018632
0.00018632
0.00018631
0.0001863
0.00018628
0.00018626
0.00018623
0.0001862
0.00018616
0.00018611
0.00018606
0.000186
0.00018594
0.00018587
0.00018579
0.0001857
0.00018561
0.0001855
0.00018539
0.00018528
0.00018515
0.00018501
0.00018487
0.00018472
0.00018456
0.00018439
0.00018421
0.00018401
0.00018381
0.0001836
0.00018338
0.00018315
0.0001829
0.00018265
0.00018238
0.0001821
0.00018181
0.0001815
0.00018118
0.00018085
0.00018051
0.00018015
0.00017978
0.00017939
0.00017899
0.00017858
0.00017815
0.0001777
0.00017724
0.00017676
0.00017626
0.00017575
0.00017522
0.00017468
0.00017411
0.00017353
0.00017293
0.00017231
0.00017167
0.00017101
0.00017033
0.00016963
0.00016891
0.00016817
0.00016741
0.00016663
0.00016582
0.000165
0.00016415
0.00016328
0.00016238
0.00016146
0.00016052
0.00015955
0.00015856
0.00015754
0.0001565
0.00015543
0.00015433
0.00015321
0.00015206
0.00015089
0.00014968
0.00014845
0.00014719
0.0001459
0.00014459
0.00014324
0.00014186
0.00014046
0.00013902
0.00013755
0.00013606
0.00013452
0.00013297
0.00013137
0.00012975
0.00012808
0.0001264
0.00012466
0.00012291
0.00012111
0.00011929
0.00011742
0.00011553
0.00011358
0.00011163
0.00010961
0.00010758
0.00010549
0.00010339
0.00010122
9.904e-05
9.6806e-05
9.454e-05
9.2238e-05
8.9885e-05
8.7515e-05
8.507e-05
8.2637e-05
8.0093e-05
7.7601e-05
7.4953e-05
7.2404e-05
6.9646e-05
6.7044e-05
6.4172e-05
6.1516e-05
5.8528e-05
5.5819e-05
5.2715e-05
4.9948e-05
4.6731e-05
4.3899e-05
4.0576e-05
3.7667e-05
3.4251e-05
3.1249e-05
2.7753e-05
2.4642e-05
2.1082e-05
1.7843e-05
1.4236e-05
1.085e-05
7.2102e-06
3.6647e-06
