-0.00032057
-0.00032385
-0.00032232
-0.00032069
-0.00031906
-0.00031743
-0.0003158
-0.00031416
-0.00031253
-0.0003109
-0.00030927
-0.00030764
-0.000306
-0.00030437
-0.00030274
-0.00030111
-0.00029947
-0.00029784
-0.00029621
-0.00029458
-0.00029294
-0.00029131
-0.00028968
-0.00028805
-0.00028642
-0.00028478
-0.00028315
-0.00028152
-0.00027989
-0.00027825
-0.00027662
-0.00027499
-0.00027336
-0.00027172
-0.00027009
-0.00026846
-0.00026683
-0.0002652
-0.00026356
-0.00026193
-0.0002603
-0.00025867
-0.00025703
-0.0002554
-0.00025377
-0.00025214
-0.00025051
-0.00024887
-0.00024724
-0.00024561
-0.00024398
-0.00024234
-0.00024071
-0.00023908
-0.00023745
-0.00023581
-0.00023418
-0.00023255
-0.00023092
-0.00022929
-0.00022765
-0.00022602
-0.00022439
-0.00022276
-0.00022112
-0.00021949
-0.00021786
-0.00021623
-0.00021459
-0.00021296
-0.00021133
-0.0002097
-0.00020807
-0.00020643
-0.0002048
-0.00020317
-0.00020154
-0.0001999
-0.00019827
-0.00019664
-0.00019501
-0.00019337
-0.00019174
-0.00019011
-0.00018848
-0.00018685
-0.00018521
-0.00018358
-0.00018195
-0.00018032
-0.00017868
-0.00017705
-0.00017542
-0.00017379
-0.00017216
-0.00017052
-0.00016889
-0.00016726
-0.00016563
-0.00016399
-0.00016236
-0.00016073
-0.0001591
-0.00015746
-0.00015583
-0.0001542
-0.00015257
-0.00015094
-0.0001493
-0.00014767
-0.00014604
-0.00014441
-0.00014277
-0.00014114
-0.00013951
-0.00013788
-0.00013624
-0.00013461
-0.00013298
-0.00013135
-0.00012972
-0.00012808
-0.00012645
-0.00012482
-0.00012319
-0.00012155
-0.00011992
-0.00011829
-0.00011666
-0.00011502
-0.00011339
-0.00011176
-0.00011013
-0.0001085
-0.00010686
-0.00010523
-0.0001036
-0.00010197
-0.00010033
-9.8702e-05
-9.707e-05
-9.5437e-05
-9.3805e-05
-9.2173e-05
-9.0541e-05
-8.8908e-05
-8.7276e-05
-8.5644e-05
-8.4011e-05
-8.2379e-05
-8.0747e-05
-7.9115e-05
-7.7482e-05
-7.585e-05
-7.4218e-05
-7.2585e-05
-7.0953e-05
-6.9321e-05
-6.7688e-05
-6.6056e-05
-6.4424e-05
-6.2792e-05
-6.1159e-05
-5.9527e-05
-5.7895e-05
-5.6262e-05
-5.463e-05
-5.2998e-05
-5.1366e-05
-4.9733e-05
-4.8101e-05
-4.6469e-05
-4.4836e-05
-4.3204e-05
-4.1572e-05
-3.994e-05
-3.8307e-05
-3.6675e-05
-3.5043e-05
-3.341e-05
-3.1778e-05
-3.0146e-05
-2.8513e-05
-2.6881e-05
-2.5249e-05
-2.3617e-05
-2.1984e-05
-2.0352e-05
-1.872e-05
-1.7087e-05
-1.5455e-05
-1.3823e-05
-1.2191e-05
-1.0558e-05
-8.926e-06
-7.2937e-06
-5.6614e-06
-4.0291e-06
-2.3968e-06
-7.6456e-07
8.6773e-07
2.5e-06
4.1323e-06
5.7646e-06
7.3969e-06
9.0292e-06
1.0661e-05
1.2294e-05
1.3926e-05
1.5558e-05
1.7191e-05
1.8823e-05
2.0455e-05
2.2088e-05
2.372e-05
2.5352e-05
2.6984e-05
2.8617e-05
3.0249e-05
3.1881e-05
3.3514e-05
3.5146e-05
3.6778e-05
3.841e-05
4.0043e-05
4.1675e-05
4.3307e-05
4.494e-05
4.6572e-05
4.8204e-05
4.9836e-05
5.1469e-05
5.3101e-05
5.4733e-05
5.6366e-05
5.7998e-05
5.963e-05
6.1262e-05
6.2895e-05
6.4527e-05
6.6159e-05
6.7792e-05
6.9424e-05
7.1056e-05
7.2689e-05
7.4321e-05
7.5953e-05
7.7585e-05
7.9218e-05
8.085e-05
8.2482e-05
8.4115e-05
8.5747e-05
8.7379e-05
8.9011e-05
9.0644e-05
9.2276e-05
9.3908e-05
9.5541e-05
9.7173e-05
9.8805e-05
0.00010044
0.00010207
0.0001037
0.00010533
0.00010697
0.0001086
0.00011023
0.00011186
0.0001135
0.00011513
0.00011676
0.00011839
0.00012002
0.00012166
0.00012329
0.00012492
0.00012655
0.00012819
0.00012982
0.00013145
0.00013308
0.00013472
0.00013635
0.00013798
0.00013961
0.00014124
0.00014288
0.00014451
0.00014614
0.00014777
0.00014941
0.00015104
0.00015267
0.0001543
0.00015594
0.00015757
0.0001592
0.00016083
0.00016246
0.0001641
0.00016573
0.00016736
0.00016899
0.00017063
0.00017226
0.00017389
0.00017552
0.00017716
0.00017879
0.00018042
0.00018205
0.00018368
0.00018532
0.00018695
0.00018858
0.00019021
0.00019185
0.00019348
0.00019511
0.00019674
0.00019837
0.00020001
0.00020164
0.00020327
0.0002049
0.00020654
0.00020817
0.0002098
0.00021143
0.00021307
0.0002147
0.00021633
0.00021796
0.00021959
0.00022123
0.00022286
0.00022449
0.00022612
0.00022776
0.00022939
0.00023102
0.00023265
0.00023429
0.00023592
0.00023755
0.00023918
0.00024081
0.00024245
0.00024408
0.00024571
0.00024734
0.00024898
0.00025061
0.00025224
0.00025387
0.00025551
0.00025714
0.00025877
0.0002604
0.00026203
0.00026367
0.0002653
0.00026693
0.00026856
0.0002702
0.00027183
0.00027346
0.00027509
0.00027672
0.00027836
0.00027999
0.00028162
0.00028325
0.00028489
0.00028652
0.00028815
0.00028978
0.00029142
0.00029305
0.00029468
0.00029631
0.00029793
0.0002995
0.00030095
0.00030224
0.00030314
0.00030318
0.00030251
0.00030024
0.00029463
0.00028885
0.00027553
0.00026089
0.00024066
0.00021166
0.0001832
0.00014128
0.00010126
5.1183e-05
