-0.002144
-0.0021943
-0.0021553
-0.0021102
-0.0020648
-0.0020193
-0.0019738
-0.0019283
-0.0018829
-0.0018374
-0.0017919
-0.0017464
-0.001701
-0.0016555
-0.00161
-0.0015645
-0.001519
-0.0014736
-0.0014281
-0.0013826
-0.0013371
-0.0012917
-0.0012462
-0.0012007
-0.0011552
-0.0011097
-0.0010643
-0.0010188
-0.00097331
-0.00092783
-0.00088235
-0.00083687
-0.0007914
-0.00074592
-0.00070044
-0.00065496
-0.00060949
-0.00056401
-0.00051853
-0.00047305
-0.00042757
-0.0003821
-0.00033662
-0.00029114
-0.00024566
-0.00020019
-0.00015471
-0.00010923
-6.3753e-05
-1.8275e-05
2.7203e-05
7.2681e-05
0.00011816
0.00016364
0.00020911
0.00025459
0.00030007
0.00034555
0.00039103
0.0004365
0.00048198
0.00052746
0.00057294
0.00061841
0.00066389
0.00070937
0.00075485
0.00080033
0.0008458
0.00089128
0.00093676
0.00098224
0.0010277
0.0010732
0.0011187
0.0011641
0.0012096
0.0012551
0.0013006
0.0013461
0.0013915
0.001437
0.0014825
0.001528
0.0015734
0.0016188
0.0016633
0.0017051
0.0017429
0.0017759
0.0017907
0.0017888
0.0017795
0.0016913
0.0016327
0.0014622
0.0012773
0.0010514
0.00072387
0.00040619
