-0.00027318
-0.00029875
-0.0003026
-0.00030302
-0.0003028
-0.00030246
-0.00030208
-0.0003017
-0.00030132
-0.00030094
-0.00030056
-0.00030018
-0.0002998
-0.00029942
-0.00029904
-0.00029866
-0.00029828
-0.00029789
-0.00029751
-0.00029713
-0.00029675
-0.00029637
-0.00029599
-0.00029561
-0.00029523
-0.00029485
-0.00029447
-0.00029409
-0.00029371
-0.00029332
-0.00029294
-0.00029256
-0.00029218
-0.0002918
-0.00029142
-0.00029104
-0.00029066
-0.00029028
-0.0002899
-0.00028952
-0.00028914
-0.00028875
-0.00028837
-0.00028799
-0.00028761
-0.00028723
-0.00028685
-0.00028647
-0.00028609
-0.00028571
-0.00028533
-0.00028495
-0.00028457
-0.00028418
-0.0002838
-0.00028342
-0.00028304
-0.00028266
-0.00028228
-0.0002819
-0.00028152
-0.00028114
-0.00028076
-0.00028038
-0.00028
-0.00027961
-0.00027923
-0.00027885
-0.00027847
-0.00027809
-0.00027771
-0.00027733
-0.00027695
-0.00027657
-0.00027619
-0.00027581
-0.00027543
-0.00027505
-0.00027466
-0.00027428
-0.0002739
-0.00027352
-0.00027314
-0.00027276
-0.00027238
-0.000272
-0.00027162
-0.00027124
-0.00027086
-0.00027048
-0.00027009
-0.00026971
-0.00026933
-0.00026895
-0.00026857
-0.00026819
-0.00026781
-0.00026743
-0.00026705
-0.00026667
-0.00026629
-0.00026591
-0.00026552
-0.00026514
-0.00026476
-0.00026438
-0.000264
-0.00026362
-0.00026324
-0.00026286
-0.00026248
-0.0002621
-0.00026172
-0.00026134
-0.00026095
-0.00026057
-0.00026019
-0.00025981
-0.00025943
-0.00025905
-0.00025867
-0.00025829
-0.00025791
-0.00025753
-0.00025715
-0.00025677
-0.00025638
-0.000256
-0.00025562
-0.00025524
-0.00025486
-0.00025448
-0.0002541
-0.00025372
-0.00025334
-0.00025296
-0.00025258
-0.0002522
-0.00025181
-0.00025143
-0.00025105
-0.00025067
-0.00025029
-0.00024991
-0.00024953
-0.00024915
-0.00024877
-0.00024839
-0.00024801
-0.00024763
-0.00024724
-0.00024686
-0.00024648
-0.0002461
-0.00024572
-0.00024534
-0.00024496
-0.00024458
-0.0002442
-0.00024382
-0.00024344
-0.00024306
-0.00024267
-0.00024229
-0.00024191
-0.00024153
-0.00024115
-0.00024077
-0.00024039
-0.00024001
-0.00023963
-0.00023925
-0.00023887
-0.00023849
-0.00023811
-0.00023772
-0.00023734
-0.00023696
-0.00023658
-0.0002362
-0.00023582
-0.00023544
-0.00023506
-0.00023468
-0.0002343
-0.00023392
-0.00023354
-0.00023315
-0.00023277
-0.00023239
-0.00023201
-0.00023163
-0.00023125
-0.00023087
-0.00023049
-0.00023011
-0.00022973
-0.00022935
-0.00022897
-0.00022858
-0.0002282
-0.00022782
-0.00022744
-0.00022706
-0.00022668
-0.0002263
-0.00022592
-0.00022554
-0.00022516
-0.00022478
-0.0002244
-0.00022401
-0.00022363
-0.00022325
-0.00022287
-0.00022249
-0.00022211
-0.00022173
-0.00022135
-0.00022097
-0.00022059
-0.00022021
-0.00021983
-0.00021944
-0.00021906
-0.00021868
-0.0002183
-0.00021792
-0.00021754
-0.00021716
-0.00021678
-0.0002164
-0.00021602
-0.00021564
-0.00021526
-0.00021487
-0.00021449
-0.00021411
-0.00021373
-0.00021335
-0.00021297
-0.00021259
-0.00021221
-0.00021183
-0.00021145
-0.00021107
-0.00021069
-0.0002103
-0.00020992
-0.00020954
-0.00020916
-0.00020878
-0.0002084
-0.00020802
-0.00020764
-0.00020726
-0.00020688
-0.0002065
-0.00020612
-0.00020574
-0.00020535
-0.00020497
-0.00020459
-0.00020421
-0.00020383
-0.00020345
-0.00020307
-0.00020269
-0.00020231
-0.00020193
-0.00020155
-0.00020117
-0.00020078
-0.0002004
-0.00020002
-0.00019964
-0.00019926
-0.00019888
-0.0001985
-0.00019812
-0.00019774
-0.00019736
-0.00019698
-0.0001966
-0.00019621
-0.00019583
-0.00019545
-0.00019507
-0.00019469
-0.00019431
-0.00019393
-0.00019355
-0.00019317
-0.00019279
-0.00019241
-0.00019203
-0.00019164
-0.00019126
-0.00019088
-0.0001905
-0.00019012
-0.00018974
-0.00018936
-0.00018898
-0.0001886
-0.00018822
-0.00018784
-0.00018746
-0.00018707
-0.00018669
-0.00018631
-0.00018593
-0.00018555
-0.00018517
-0.00018479
-0.00018441
-0.00018403
-0.00018365
-0.00018327
-0.00018289
-0.0001825
-0.00018212
-0.00018174
-0.00018136
-0.00018098
-0.0001806
-0.00018022
-0.00017984
-0.00017946
-0.00017908
-0.0001787
-0.00017832
-0.00017793
-0.00017755
-0.00017717
-0.00017679
-0.00017641
-0.00017603
-0.00017565
-0.00017527
-0.00017489
-0.00017451
-0.00017413
-0.00017375
-0.00017336
-0.00017298
-0.0001726
-0.00017222
-0.00017184
-0.00017146
-0.00017108
-0.0001707
-0.00017032
-0.00016994
-0.00016956
-0.00016918
-0.0001688
-0.00016841
-0.00016803
-0.00016765
-0.00016727
-0.00016689
-0.00016651
-0.00016613
-0.00016575
-0.00016537
-0.00016499
-0.00016461
-0.00016423
-0.00016384
-0.00016346
-0.00016308
-0.0001627
-0.00016232
-0.00016194
-0.00016156
-0.00016118
-0.0001608
-0.00016042
-0.00016004
-0.00015966
-0.00015927
-0.00015889
-0.00015851
-0.00015813
-0.00015775
-0.00015737
-0.00015699
-0.00015661
-0.00015623
-0.00015585
-0.00015547
-0.00015509
-0.0001547
-0.00015432
-0.00015394
-0.00015356
-0.00015318
-0.0001528
-0.00015242
-0.00015204
-0.00015166
-0.00015128
-0.0001509
-0.00015052
-0.00015013
-0.00014975
-0.00014937
-0.00014899
-0.00014861
-0.00014823
-0.00014785
-0.00014747
-0.00014709
-0.00014671
-0.00014633
-0.00014595
-0.00014556
-0.00014518
-0.0001448
-0.00014442
-0.00014404
-0.00014366
-0.00014328
-0.0001429
-0.00014252
-0.00014214
-0.00014176
-0.00014138
-0.00014099
-0.00014061
-0.00014023
-0.00013985
-0.00013947
-0.00013909
-0.00013871
-0.00013833
-0.00013795
-0.00013757
-0.00013719
-0.00013681
-0.00013643
-0.00013604
-0.00013566
-0.00013528
-0.0001349
-0.00013452
-0.00013414
-0.00013376
-0.00013338
-0.000133
-0.00013262
-0.00013224
-0.00013186
-0.00013147
-0.00013109
-0.00013071
-0.00013033
-0.00012995
-0.00012957
-0.00012919
-0.00012881
-0.00012843
-0.00012805
-0.00012767
-0.00012729
-0.0001269
-0.00012652
-0.00012614
-0.00012576
-0.00012538
-0.000125
-0.00012462
-0.00012424
-0.00012386
-0.00012348
-0.0001231
-0.00012272
-0.00012233
-0.00012195
-0.00012157
-0.00012119
-0.00012081
-0.00012043
-0.00012005
-0.00011967
-0.00011929
-0.00011891
-0.00011853
-0.00011815
-0.00011776
-0.00011738
-0.000117
-0.00011662
-0.00011624
-0.00011586
-0.00011548
-0.0001151
-0.00011472
-0.00011434
-0.00011396
-0.00011358
-0.00011319
-0.00011281
-0.00011243
-0.00011205
-0.00011167
-0.00011129
-0.00011091
-0.00011053
-0.00011015
-0.00010977
-0.00010939
-0.00010901
-0.00010862
-0.00010824
-0.00010786
-0.00010748
-0.0001071
-0.00010672
-0.00010634
-0.00010596
-0.00010558
-0.0001052
-0.00010482
-0.00010444
-0.00010406
-0.00010367
-0.00010329
-0.00010291
-0.00010253
-0.00010215
-0.00010177
-0.00010139
-0.00010101
-0.00010063
-0.00010025
-9.9866e-05
-9.9485e-05
-9.9104e-05
-9.8723e-05
-9.8343e-05
-9.7962e-05
-9.7581e-05
-9.72e-05
-9.6819e-05
-9.6439e-05
-9.6058e-05
-9.5677e-05
-9.5296e-05
-9.4915e-05
-9.4534e-05
-9.4154e-05
-9.3773e-05
-9.3392e-05
-9.3011e-05
-9.263e-05
-9.2249e-05
-9.1869e-05
-9.1488e-05
-9.1107e-05
-9.0726e-05
-9.0345e-05
-8.9965e-05
-8.9584e-05
-8.9203e-05
-8.8822e-05
-8.8441e-05
-8.806e-05
-8.768e-05
-8.7299e-05
-8.6918e-05
-8.6537e-05
-8.6156e-05
-8.5775e-05
-8.5395e-05
-8.5014e-05
-8.4633e-05
-8.4252e-05
-8.3871e-05
-8.3491e-05
-8.311e-05
-8.2729e-05
-8.2348e-05
-8.1967e-05
-8.1586e-05
-8.1206e-05
-8.0825e-05
-8.0444e-05
-8.0063e-05
-7.9682e-05
-7.9301e-05
-7.8921e-05
-7.854e-05
-7.8159e-05
-7.7778e-05
-7.7397e-05
-7.7017e-05
-7.6636e-05
-7.6255e-05
-7.5874e-05
-7.5493e-05
-7.5112e-05
-7.4732e-05
-7.4351e-05
-7.397e-05
-7.3589e-05
-7.3208e-05
-7.2827e-05
-7.2447e-05
-7.2066e-05
-7.1685e-05
-7.1304e-05
-7.0923e-05
-7.0542e-05
-7.0162e-05
-6.9781e-05
-6.94e-05
-6.9019e-05
-6.8638e-05
-6.8258e-05
-6.7877e-05
-6.7496e-05
-6.7115e-05
-6.6734e-05
-6.6353e-05
-6.5973e-05
-6.5592e-05
-6.5211e-05
-6.483e-05
-6.4449e-05
-6.4068e-05
-6.3688e-05
-6.3307e-05
-6.2926e-05
-6.2545e-05
-6.2164e-05
-6.1784e-05
-6.1403e-05
-6.1022e-05
-6.0641e-05
-6.026e-05
-5.9879e-05
-5.9499e-05
-5.9118e-05
-5.8737e-05
-5.8356e-05
-5.7975e-05
-5.7594e-05
-5.7214e-05
-5.6833e-05
-5.6452e-05
-5.6071e-05
-5.569e-05
-5.531e-05
-5.4929e-05
-5.4548e-05
-5.4167e-05
-5.3786e-05
-5.3405e-05
-5.3025e-05
-5.2644e-05
-5.2263e-05
-5.1882e-05
-5.1501e-05
-5.112e-05
-5.074e-05
-5.0359e-05
-4.9978e-05
-4.9597e-05
-4.9216e-05
-4.8836e-05
-4.8455e-05
-4.8074e-05
-4.7693e-05
-4.7312e-05
-4.6931e-05
-4.6551e-05
-4.617e-05
-4.5789e-05
-4.5408e-05
-4.5027e-05
-4.4646e-05
-4.4266e-05
-4.3885e-05
-4.3504e-05
-4.3123e-05
-4.2742e-05
-4.2362e-05
-4.1981e-05
-4.16e-05
-4.1219e-05
-4.0838e-05
-4.0457e-05
-4.0077e-05
-3.9696e-05
-3.9315e-05
-3.8934e-05
-3.8553e-05
-3.8172e-05
-3.7792e-05
-3.7411e-05
-3.703e-05
-3.6649e-05
-3.6268e-05
-3.5888e-05
-3.5507e-05
-3.5126e-05
-3.4745e-05
-3.4364e-05
-3.3983e-05
-3.3603e-05
-3.3222e-05
-3.2841e-05
-3.246e-05
-3.2079e-05
-3.1698e-05
-3.1318e-05
-3.0937e-05
-3.0556e-05
-3.0175e-05
-2.9794e-05
-2.9413e-05
-2.9033e-05
-2.8652e-05
-2.8271e-05
-2.789e-05
-2.7509e-05
-2.7129e-05
-2.6748e-05
-2.6367e-05
-2.5986e-05
-2.5605e-05
-2.5224e-05
-2.4844e-05
-2.4463e-05
-2.4082e-05
-2.3701e-05
-2.332e-05
-2.2939e-05
-2.2559e-05
-2.2178e-05
-2.1797e-05
-2.1416e-05
-2.1035e-05
-2.0655e-05
-2.0274e-05
-1.9893e-05
-1.9512e-05
-1.9131e-05
-1.875e-05
-1.837e-05
-1.7989e-05
-1.7608e-05
-1.7227e-05
-1.6846e-05
-1.6465e-05
-1.6085e-05
-1.5704e-05
-1.5323e-05
-1.4942e-05
-1.4561e-05
-1.4181e-05
-1.38e-05
-1.3419e-05
-1.3038e-05
-1.2657e-05
-1.2276e-05
-1.1896e-05
-1.1515e-05
-1.1134e-05
-1.0753e-05
-1.0372e-05
-9.9915e-06
-9.6106e-06
-9.2298e-06
-8.849e-06
-8.4682e-06
-8.0873e-06
-7.7065e-06
-7.3257e-06
-6.9449e-06
-6.5641e-06
-6.1832e-06
-5.8024e-06
-5.4216e-06
-5.0408e-06
-4.6599e-06
-4.2791e-06
-3.8983e-06
-3.5175e-06
-3.1366e-06
-2.7558e-06
-2.375e-06
-1.9942e-06
-1.6133e-06
-1.2325e-06
-8.5169e-07
-4.7087e-07
-9.0042e-08
2.9078e-07
6.7161e-07
1.0524e-06
1.4333e-06
1.8141e-06
2.1949e-06
2.5757e-06
2.9566e-06
3.3374e-06
3.7182e-06
4.099e-06
4.4798e-06
4.8607e-06
5.2415e-06
5.6223e-06
6.0031e-06
6.384e-06
6.7648e-06
7.1456e-06
7.5264e-06
7.9073e-06
8.2881e-06
8.6689e-06
9.0497e-06
9.4306e-06
9.8114e-06
1.0192e-05
1.0573e-05
1.0954e-05
1.1335e-05
1.1716e-05
1.2096e-05
1.2477e-05
1.2858e-05
1.3239e-05
1.362e-05
1.4e-05
1.4381e-05
1.4762e-05
1.5143e-05
1.5524e-05
1.5905e-05
1.6285e-05
1.6666e-05
1.7047e-05
1.7428e-05
1.7809e-05
1.819e-05
1.857e-05
1.8951e-05
1.9332e-05
1.9713e-05
2.0094e-05
2.0474e-05
2.0855e-05
2.1236e-05
2.1617e-05
2.1998e-05
2.2379e-05
2.2759e-05
2.314e-05
2.3521e-05
2.3902e-05
2.4283e-05
2.4664e-05
2.5044e-05
2.5425e-05
2.5806e-05
2.6187e-05
2.6568e-05
2.6948e-05
2.7329e-05
2.771e-05
2.8091e-05
2.8472e-05
2.8853e-05
2.9233e-05
2.9614e-05
2.9995e-05
3.0376e-05
3.0757e-05
3.1138e-05
3.1518e-05
3.1899e-05
3.228e-05
3.2661e-05
3.3042e-05
3.3422e-05
3.3803e-05
3.4184e-05
3.4565e-05
3.4946e-05
3.5327e-05
3.5707e-05
3.6088e-05
3.6469e-05
3.685e-05
3.7231e-05
3.7612e-05
3.7992e-05
3.8373e-05
3.8754e-05
3.9135e-05
3.9516e-05
3.9896e-05
4.0277e-05
4.0658e-05
4.1039e-05
4.142e-05
4.1801e-05
4.2181e-05
4.2562e-05
4.2943e-05
4.3324e-05
4.3705e-05
4.4086e-05
4.4466e-05
4.4847e-05
4.5228e-05
4.5609e-05
4.599e-05
4.637e-05
4.6751e-05
4.7132e-05
4.7513e-05
4.7894e-05
4.8275e-05
4.8655e-05
4.9036e-05
4.9417e-05
4.9798e-05
5.0179e-05
5.056e-05
5.094e-05
5.1321e-05
5.1702e-05
5.2083e-05
5.2464e-05
5.2845e-05
5.3225e-05
5.3606e-05
5.3987e-05
5.4368e-05
5.4749e-05
5.5129e-05
5.551e-05
5.5891e-05
5.6272e-05
5.6653e-05
5.7034e-05
5.7414e-05
5.7795e-05
5.8176e-05
5.8557e-05
5.8938e-05
5.9319e-05
5.9699e-05
6.008e-05
6.0461e-05
6.0842e-05
6.1223e-05
6.1603e-05
6.1984e-05
6.2365e-05
6.2746e-05
6.3127e-05
6.3508e-05
6.3888e-05
6.4269e-05
6.465e-05
6.5031e-05
6.5412e-05
6.5793e-05
6.6173e-05
6.6554e-05
6.6935e-05
6.7316e-05
6.7697e-05
6.8077e-05
6.8458e-05
6.8839e-05
6.922e-05
6.9601e-05
6.9982e-05
7.0362e-05
7.0743e-05
7.1124e-05
7.1505e-05
7.1886e-05
7.2267e-05
7.2647e-05
7.3028e-05
7.3409e-05
7.379e-05
7.4171e-05
7.4551e-05
7.4932e-05
7.5313e-05
7.5694e-05
7.6075e-05
7.6456e-05
7.6836e-05
7.7217e-05
7.7598e-05
7.7979e-05
7.836e-05
7.8741e-05
7.9121e-05
7.9502e-05
7.9883e-05
8.0264e-05
8.0645e-05
8.1025e-05
8.1406e-05
8.1787e-05
8.2168e-05
8.2549e-05
8.293e-05
8.331e-05
8.3691e-05
8.4072e-05
8.4453e-05
8.4834e-05
8.5215e-05
8.5595e-05
8.5976e-05
8.6357e-05
8.6738e-05
8.7119e-05
8.7499e-05
8.788e-05
8.8261e-05
8.8642e-05
8.9023e-05
8.9404e-05
8.9784e-05
9.0165e-05
9.0546e-05
9.0927e-05
9.1308e-05
9.1689e-05
9.2069e-05
9.245e-05
9.2831e-05
9.3212e-05
9.3593e-05
9.3974e-05
9.4354e-05
9.4735e-05
9.5116e-05
9.5497e-05
9.5878e-05
9.6258e-05
9.6639e-05
9.702e-05
9.7401e-05
9.7782e-05
9.8163e-05
9.8543e-05
9.8924e-05
9.9305e-05
9.9686e-05
0.00010007
0.00010045
0.00010083
0.00010121
0.00010159
0.00010197
0.00010235
0.00010273
0.00010311
0.00010349
0.00010387
0.00010426
0.00010464
0.00010502
0.0001054
0.00010578
0.00010616
0.00010654
0.00010692
0.0001073
0.00010768
0.00010806
0.00010844
0.00010883
0.00010921
0.00010959
0.00010997
0.00011035
0.00011073
0.00011111
0.00011149
0.00011187
0.00011225
0.00011263
0.00011301
0.0001134
0.00011378
0.00011416
0.00011454
0.00011492
0.0001153
0.00011568
0.00011606
0.00011644
0.00011682
0.0001172
0.00011758
0.00011797
0.00011835
0.00011873
0.00011911
0.00011949
0.00011987
0.00012025
0.00012063
0.00012101
0.00012139
0.00012177
0.00012215
0.00012254
0.00012292
0.0001233
0.00012368
0.00012406
0.00012444
0.00012482
0.0001252
0.00012558
0.00012596
0.00012634
0.00012672
0.00012711
0.00012749
0.00012787
0.00012825
0.00012863
0.00012901
0.00012939
0.00012977
0.00013015
0.00013053
0.00013091
0.00013129
0.00013168
0.00013206
0.00013244
0.00013282
0.0001332
0.00013358
0.00013396
0.00013434
0.00013472
0.0001351
0.00013548
0.00013586
0.00013624
0.00013663
0.00013701
0.00013739
0.00013777
0.00013815
0.00013853
0.00013891
0.00013929
0.00013967
0.00014005
0.00014043
0.00014081
0.0001412
0.00014158
0.00014196
0.00014234
0.00014272
0.0001431
0.00014348
0.00014386
0.00014424
0.00014462
0.000145
0.00014538
0.00014577
0.00014615
0.00014653
0.00014691
0.00014729
0.00014767
0.00014805
0.00014843
0.00014881
0.00014919
0.00014957
0.00014995
0.00015034
0.00015072
0.0001511
0.00015148
0.00015186
0.00015224
0.00015262
0.000153
0.00015338
0.00015376
0.00015414
0.00015452
0.00015491
0.00015529
0.00015567
0.00015605
0.00015643
0.00015681
0.00015719
0.00015757
0.00015795
0.00015833
0.00015871
0.00015909
0.00015948
0.00015986
0.00016024
0.00016062
0.000161
0.00016138
0.00016176
0.00016214
0.00016252
0.0001629
0.00016328
0.00016366
0.00016405
0.00016443
0.00016481
0.00016519
0.00016557
0.00016595
0.00016633
0.00016671
0.00016709
0.00016747
0.00016785
0.00016823
0.00016862
0.000169
0.00016938
0.00016976
0.00017014
0.00017052
0.0001709
0.00017128
0.00017166
0.00017204
0.00017242
0.0001728
0.00017318
0.00017357
0.00017395
0.00017433
0.00017471
0.00017509
0.00017547
0.00017585
0.00017623
0.00017661
0.00017699
0.00017737
0.00017775
0.00017814
0.00017852
0.0001789
0.00017928
0.00017966
0.00018004
0.00018042
0.0001808
0.00018118
0.00018156
0.00018194
0.00018232
0.00018271
0.00018309
0.00018347
0.00018385
0.00018423
0.00018461
0.00018499
0.00018537
0.00018575
0.00018613
0.00018651
0.00018689
0.00018728
0.00018766
0.00018804
0.00018842
0.0001888
0.00018918
0.00018956
0.00018994
0.00019032
0.0001907
0.00019108
0.00019146
0.00019185
0.00019223
0.00019261
0.00019299
0.00019337
0.00019375
0.00019413
0.00019451
0.00019489
0.00019527
0.00019565
0.00019603
0.00019642
0.0001968
0.00019718
0.00019756
0.00019794
0.00019832
0.0001987
0.00019908
0.00019946
0.00019984
0.00020022
0.0002006
0.00020099
0.00020137
0.00020175
0.00020213
0.00020251
0.00020289
0.00020327
0.00020365
0.00020403
0.00020441
0.00020479
0.00020517
0.00020555
0.00020594
0.00020632
0.0002067
0.00020708
0.00020746
0.00020784
0.00020822
0.0002086
0.00020898
0.00020936
0.00020974
0.00021012
0.00021051
0.00021089
0.00021127
0.00021165
0.00021203
0.00021241
0.00021279
0.00021317
0.00021355
0.00021393
0.00021431
0.00021469
0.00021508
0.00021546
0.00021584
0.00021622
0.0002166
0.00021698
0.00021736
0.00021774
0.00021812
0.0002185
0.00021888
0.00021926
0.00021965
0.00022003
0.00022041
0.00022079
0.00022117
0.00022155
0.00022193
0.00022231
0.00022269
0.00022307
0.00022345
0.00022383
0.00022422
0.0002246
0.00022498
0.00022536
0.00022574
0.00022612
0.0002265
0.00022688
0.00022726
0.00022764
0.00022802
0.0002284
0.00022879
0.00022917
0.00022955
0.00022993
0.00023031
0.00023069
0.00023107
0.00023145
0.00023183
0.00023221
0.00023259
0.00023297
0.00023336
0.00023374
0.00023412
0.0002345
0.00023488
0.00023526
0.00023564
0.00023602
0.0002364
0.00023678
0.00023716
0.00023754
0.00023793
0.00023831
0.00023869
0.00023907
0.00023945
0.00023983
0.00024021
0.00024059
0.00024097
0.00024135
0.00024173
0.00024211
0.00024249
0.00024288
0.00024326
0.00024364
0.00024402
0.0002444
0.00024478
0.00024516
0.00024554
0.00024592
0.0002463
0.00024668
0.00024706
0.00024745
0.00024783
0.00024821
0.00024859
0.00024897
0.00024935
0.00024973
0.00025011
0.00025049
0.00025087
0.00025125
0.00025163
0.00025201
0.00025239
0.00025278
0.00025316
0.00025354
0.00025392
0.0002543
0.00025468
0.00025506
0.00025544
0.00025582
0.0002562
0.00025658
0.00025696
0.00025733
0.00025771
0.00025809
0.00025847
0.00025885
0.00025923
0.0002596
0.00025998
0.00026036
0.00026073
0.00026111
0.00026148
0.00026186
0.00026223
0.0002626
0.00026297
0.00026334
0.00026371
0.00026407
0.00026444
0.0002648
0.00026516
0.00026551
0.00026587
0.00026622
0.00026657
0.00026691
0.00026725
0.00026759
0.00026792
0.00026825
0.00026857
0.00026888
0.00026919
0.00026949
0.00026978
0.00027007
0.00027034
0.0002706
0.00027086
0.00027109
0.00027132
0.00027153
0.00027173
0.00027191
0.00027207
0.00027222
0.00027234
0.00027244
0.00027252
0.00027257
0.00027259
0.00027259
0.00027255
0.00027248
0.00027238
0.00027224
0.00027206
0.00027184
0.00027157
0.00027126
0.0002709
0.00027048
0.00027001
0.00026949
0.0002689
0.00026825
0.00026753
0.00026674
0.00026588
0.00026494
0.00026391
0.00026281
0.00026162
0.00026034
0.00025895
0.00025749
0.0002559
0.00025423
0.00025241
0.00025053
0.00024848
0.00024637
0.00024405
0.00024172
0.00023912
0.00023654
0.00023363
0.00023081
0.00022758
0.0002245
0.00022092
0.00021759
0.00021364
0.00021005
0.00020571
0.00020185
0.0001971
0.00019298
0.00018782
0.00018341
0.00017783
0.00017311
0.00016714
0.00016207
0.00015573
0.00015027
0.00014359
0.0001377
0.00013071
0.00012435
0.00011709
0.00011022
0.00010272
9.532e-05
8.757e-05
7.9658e-05
7.1642e-05
6.3247e-05
5.4921e-05
4.6096e-05
3.7402e-05
2.8212e-05
1.909e-05
9.5905e-06
