-1.0106e-05
-1.9913e-05
-2.9178e-05
-3.832e-05
-4.678e-05
-5.5271e-05
-6.2973e-05
-7.0821e-05
-7.7816e-05
-8.5023e-05
-9.1368e-05
-9.7935e-05
-0.00010369
-0.00010961
-0.00011484
-0.00012012
-0.00012488
-0.00012953
-0.00013386
-0.00013789
-0.00014185
-0.00014528
-0.0001489
-0.00015178
-0.00015508
-0.00015743
-0.00016043
-0.00016233
-0.00016501
-0.00016652
-0.0001689
-0.00017008
-0.00017214
-0.00017306
-0.00017479
-0.00017552
-0.00017693
-0.0001775
-0.0001786
-0.00017905
-0.00017987
-0.00018022
-0.00018078
-0.00018105
-0.00018138
-0.00018157
-0.00018172
-0.00018183
-0.00018184
-0.00018186
-0.00018175
-0.00018169
-0.0001815
-0.00018136
-0.0001811
-0.00018089
-0.00018058
-0.0001803
-0.00017996
-0.00017962
-0.00017925
-0.00017886
-0.00017846
-0.00017805
-0.00017762
-0.00017718
-0.00017673
-0.00017627
-0.0001758
-0.00017532
-0.00017484
-0.00017435
-0.00017386
-0.00017336
-0.00017285
-0.00017235
-0.00017184
-0.00017132
-0.00017081
-0.00017029
-0.00016977
-0.00016925
-0.00016873
-0.0001682
-0.00016768
-0.00016715
-0.00016663
-0.0001661
-0.00016557
-0.00016504
-0.00016451
-0.00016398
-0.00016345
-0.00016292
-0.00016239
-0.00016186
-0.00016133
-0.0001608
-0.00016027
-0.00015974
-0.00015921
-0.00015868
-0.00015814
-0.00015761
-0.00015708
-0.00015655
-0.00015602
-0.00015549
-0.00015496
-0.00015442
-0.00015389
-0.00015336
-0.00015283
-0.0001523
-0.00015177
-0.00015124
-0.0001507
-0.00015017
-0.00014964
-0.00014911
-0.00014858
-0.00014805
-0.00014751
-0.00014698
-0.00014645
-0.00014592
-0.00014539
-0.00014486
-0.00014432
-0.00014379
-0.00014326
-0.00014273
-0.0001422
-0.00014167
-0.00014114
-0.0001406
-0.00014007
-0.00013954
-0.00013901
-0.00013848
-0.00013795
-0.00013741
-0.00013688
-0.00013635
-0.00013582
-0.00013529
-0.00013476
-0.00013422
-0.00013369
-0.00013316
-0.00013263
-0.0001321
-0.00013157
-0.00013104
-0.0001305
-0.00012997
-0.00012944
-0.00012891
-0.00012838
-0.00012785
-0.00012731
-0.00012678
-0.00012625
-0.00012572
-0.00012519
-0.00012466
-0.00012412
-0.00012359
-0.00012306
-0.00012253
-0.000122
-0.00012147
-0.00012094
-0.0001204
-0.00011987
-0.00011934
-0.00011881
-0.00011828
-0.00011775
-0.00011721
-0.00011668
-0.00011615
-0.00011562
-0.00011509
-0.00011456
-0.00011402
-0.00011349
-0.00011296
-0.00011243
-0.0001119
-0.00011137
-0.00011084
-0.0001103
-0.00010977
-0.00010924
-0.00010871
-0.00010818
-0.00010765
-0.00010711
-0.00010658
-0.00010605
-0.00010552
-0.00010499
-0.00010446
-0.00010392
-0.00010339
-0.00010286
-0.00010233
-0.0001018
-0.00010127
-0.00010074
-0.0001002
-9.9672e-05
-9.914e-05
-9.8609e-05
-9.8077e-05
-9.7546e-05
-9.7014e-05
-9.6482e-05
-9.5951e-05
-9.5419e-05
-9.4888e-05
-9.4356e-05
-9.3825e-05
-9.3293e-05
-9.2761e-05
-9.223e-05
-9.1698e-05
-9.1167e-05
-9.0635e-05
-9.0103e-05
-8.9572e-05
-8.904e-05
-8.8509e-05
-8.7977e-05
-8.7445e-05
-8.6914e-05
-8.6382e-05
-8.5851e-05
-8.5319e-05
-8.4788e-05
-8.4256e-05
-8.3724e-05
-8.3193e-05
-8.2661e-05
-8.213e-05
-8.1598e-05
-8.1066e-05
-8.0535e-05
-8.0003e-05
-7.9472e-05
-7.894e-05
-7.8409e-05
-7.7877e-05
-7.7345e-05
-7.6814e-05
-7.6282e-05
-7.5751e-05
-7.5219e-05
-7.4687e-05
-7.4156e-05
-7.3624e-05
-7.3093e-05
-7.2561e-05
-7.203e-05
-7.1498e-05
-7.0966e-05
-7.0435e-05
-6.9903e-05
-6.9372e-05
-6.884e-05
-6.8308e-05
-6.7777e-05
-6.7245e-05
-6.6714e-05
-6.6182e-05
-6.5651e-05
-6.5119e-05
-6.4587e-05
-6.4056e-05
-6.3524e-05
-6.2993e-05
-6.2461e-05
-6.1929e-05
-6.1398e-05
-6.0866e-05
-6.0335e-05
-5.9803e-05
-5.9272e-05
-5.874e-05
-5.8208e-05
-5.7677e-05
-5.7145e-05
-5.6614e-05
-5.6082e-05
-5.555e-05
-5.5019e-05
-5.4487e-05
-5.3956e-05
-5.3424e-05
-5.2893e-05
-5.2361e-05
-5.1829e-05
-5.1298e-05
-5.0766e-05
-5.0235e-05
-4.9703e-05
-4.9171e-05
-4.864e-05
-4.8108e-05
-4.7577e-05
-4.7045e-05
-4.6514e-05
-4.5982e-05
-4.545e-05
-4.4919e-05
-4.4387e-05
-4.3856e-05
-4.3324e-05
-4.2792e-05
-4.2261e-05
-4.1729e-05
-4.1198e-05
-4.0666e-05
-4.0135e-05
-3.9603e-05
-3.9071e-05
-3.854e-05
-3.8008e-05
-3.7477e-05
-3.6945e-05
-3.6413e-05
-3.5882e-05
-3.535e-05
-3.4819e-05
-3.4287e-05
-3.3756e-05
-3.3224e-05
-3.2692e-05
-3.2161e-05
-3.1629e-05
-3.1098e-05
-3.0566e-05
-3.0034e-05
-2.9503e-05
-2.8971e-05
-2.844e-05
-2.7908e-05
-2.7377e-05
-2.6845e-05
-2.6313e-05
-2.5782e-05
-2.525e-05
-2.4719e-05
-2.4187e-05
-2.3655e-05
-2.3124e-05
-2.2592e-05
-2.2061e-05
-2.1529e-05
-2.0998e-05
-2.0466e-05
-1.9934e-05
-1.9403e-05
-1.8871e-05
-1.834e-05
-1.7808e-05
-1.7276e-05
-1.6745e-05
-1.6213e-05
-1.5682e-05
-1.515e-05
-1.4619e-05
-1.4087e-05
-1.3555e-05
-1.3024e-05
-1.2492e-05
-1.1961e-05
-1.1429e-05
-1.0897e-05
-1.0366e-05
-9.8343e-06
-9.3027e-06
-8.7711e-06
-8.2395e-06
-7.708e-06
-7.1764e-06
-6.6448e-06
-6.1132e-06
-5.5816e-06
-5.05e-06
-4.5185e-06
-3.9869e-06
-3.4553e-06
-2.9237e-06
-2.3921e-06
-1.8605e-06
-1.329e-06
-7.9738e-07
-2.6579e-07
2.6579e-07
7.9738e-07
1.329e-06
1.8605e-06
2.3921e-06
2.9237e-06
3.4553e-06
3.9869e-06
4.5185e-06
5.05e-06
5.5816e-06
6.1132e-06
6.6448e-06
7.1764e-06
7.708e-06
8.2395e-06
8.7711e-06
9.3027e-06
9.8343e-06
1.0366e-05
1.0897e-05
1.1429e-05
1.1961e-05
1.2492e-05
1.3024e-05
1.3555e-05
1.4087e-05
1.4619e-05
1.515e-05
1.5682e-05
1.6213e-05
1.6745e-05
1.7276e-05
1.7808e-05
1.834e-05
1.8871e-05
1.9403e-05
1.9934e-05
2.0466e-05
2.0998e-05
2.1529e-05
2.2061e-05
2.2592e-05
2.3124e-05
2.3655e-05
2.4187e-05
2.4719e-05
2.525e-05
2.5782e-05
2.6313e-05
2.6845e-05
2.7377e-05
2.7908e-05
2.844e-05
2.8971e-05
2.9503e-05
3.0034e-05
3.0566e-05
3.1098e-05
3.1629e-05
3.2161e-05
3.2692e-05
3.3224e-05
3.3756e-05
3.4287e-05
3.4819e-05
3.535e-05
3.5882e-05
3.6413e-05
3.6945e-05
3.7477e-05
3.8008e-05
3.854e-05
3.9071e-05
3.9603e-05
4.0135e-05
4.0666e-05
4.1198e-05
4.1729e-05
4.2261e-05
4.2792e-05
4.3324e-05
4.3856e-05
4.4387e-05
4.4919e-05
4.545e-05
4.5982e-05
4.6514e-05
4.7045e-05
4.7577e-05
4.8108e-05
4.864e-05
4.9171e-05
4.9703e-05
5.0235e-05
5.0766e-05
5.1298e-05
5.1829e-05
5.2361e-05
5.2893e-05
5.3424e-05
5.3956e-05
5.4487e-05
5.5019e-05
5.555e-05
5.6082e-05
5.6614e-05
5.7145e-05
5.7677e-05
5.8208e-05
5.874e-05
5.9272e-05
5.9803e-05
6.0335e-05
6.0866e-05
6.1398e-05
6.1929e-05
6.2461e-05
6.2993e-05
6.3524e-05
6.4056e-05
6.4587e-05
6.5119e-05
6.5651e-05
6.6182e-05
6.6714e-05
6.7245e-05
6.7777e-05
6.8308e-05
6.884e-05
6.9372e-05
6.9903e-05
7.0435e-05
7.0966e-05
7.1498e-05
7.203e-05
7.2561e-05
7.3093e-05
7.3624e-05
7.4156e-05
7.4687e-05
7.5219e-05
7.5751e-05
7.6282e-05
7.6814e-05
7.7345e-05
7.7877e-05
7.8409e-05
7.894e-05
7.9472e-05
8.0003e-05
8.0535e-05
8.1066e-05
8.1598e-05
8.213e-05
8.2661e-05
8.3193e-05
8.3724e-05
8.4256e-05
8.4788e-05
8.5319e-05
8.5851e-05
8.6382e-05
8.6914e-05
8.7445e-05
8.7977e-05
8.8509e-05
8.904e-05
8.9572e-05
9.0103e-05
9.0635e-05
9.1167e-05
9.1698e-05
9.223e-05
9.2761e-05
9.3293e-05
9.3825e-05
9.4356e-05
9.4888e-05
9.5419e-05
9.5951e-05
9.6482e-05
9.7014e-05
9.7546e-05
9.8077e-05
9.8609e-05
9.914e-05
9.9672e-05
0.0001002
0.00010074
0.00010127
0.0001018
0.00010233
0.00010286
0.00010339
0.00010392
0.00010446
0.00010499
0.00010552
0.00010605
0.00010658
0.00010711
0.00010765
0.00010818
0.00010871
0.00010924
0.00010977
0.0001103
0.00011084
0.00011137
0.0001119
0.00011243
0.00011296
0.00011349
0.00011402
0.00011456
0.00011509
0.00011562
0.00011615
0.00011668
0.00011721
0.00011775
0.00011828
0.00011881
0.00011934
0.00011987
0.0001204
0.00012094
0.00012147
0.000122
0.00012253
0.00012306
0.00012359
0.00012412
0.00012466
0.00012519
0.00012572
0.00012625
0.00012678
0.00012731
0.00012785
0.00012838
0.00012891
0.00012944
0.00012997
0.0001305
0.00013104
0.00013157
0.0001321
0.00013263
0.00013316
0.00013369
0.00013422
0.00013476
0.00013529
0.00013582
0.00013635
0.00013688
0.00013741
0.00013795
0.00013848
0.00013901
0.00013954
0.00014007
0.0001406
0.00014114
0.00014167
0.0001422
0.00014273
0.00014326
0.00014379
0.00014432
0.00014486
0.00014539
0.00014592
0.00014645
0.00014698
0.00014751
0.00014805
0.00014858
0.00014911
0.00014964
0.00015017
0.0001507
0.00015124
0.00015177
0.0001523
0.00015283
0.00015336
0.00015389
0.00015442
0.00015496
0.00015549
0.00015602
0.00015655
0.00015708
0.00015761
0.00015814
0.00015868
0.00015921
0.00015974
0.00016027
0.0001608
0.00016133
0.00016186
0.00016239
0.00016292
0.00016345
0.00016398
0.00016451
0.00016504
0.00016557
0.0001661
0.00016663
0.00016715
0.00016768
0.0001682
0.00016873
0.00016925
0.00016977
0.00017029
0.00017081
0.00017132
0.00017184
0.00017235
0.00017285
0.00017336
0.00017386
0.00017435
0.00017484
0.00017532
0.0001758
0.00017627
0.00017673
0.00017718
0.00017762
0.00017805
0.00017846
0.00017886
0.00017925
0.00017962
0.00017996
0.0001803
0.00018058
0.00018089
0.0001811
0.00018136
0.0001815
0.00018169
0.00018175
0.00018186
0.00018184
0.00018183
0.00018172
0.00018157
0.00018138
0.00018105
0.00018078
0.00018022
0.00017987
0.00017905
0.0001786
0.0001775
0.00017693
0.00017552
0.00017479
0.00017306
0.00017214
0.00017008
0.0001689
0.00016652
0.00016501
0.00016233
0.00016043
0.00015743
0.00015508
0.00015178
0.0001489
0.00014528
0.00014185
0.00013789
0.00013386
0.00012953
0.00012488
0.00012012
0.00011484
0.00010961
0.00010369
9.7935e-05
9.1368e-05
8.5023e-05
7.7816e-05
7.0821e-05
6.2973e-05
5.5271e-05
4.678e-05
3.832e-05
2.9178e-05
1.9913e-05
1.0106e-05
