-0.0053492
-0.0059895
-0.0060565
-0.0059859
-0.0058749
-0.0057509
-0.0056225
-0.0054925
-0.005362
-0.0052313
-0.0051005
-0.0049698
-0.004839
-0.0047081
-0.0045773
-0.0044465
-0.0043157
-0.0041849
-0.0040541
-0.0039233
-0.0037925
-0.0036617
-0.0035309
-0.0034001
-0.0032693
-0.0031385
-0.0030077
-0.0028769
-0.0027461
-0.0026153
-0.0024845
-0.0023536
-0.0022228
-0.002092
-0.0019612
-0.0018304
-0.0016996
-0.0015688
-0.001438
-0.0013072
-0.0011764
-0.0010456
-0.00091479
-0.00078398
-0.00065317
-0.00052237
-0.00039156
-0.00026076
-0.00012995
8.5374e-07
0.00013166
0.00026246
0.00039327
0.00052407
0.00065487
0.00078566
0.00091645
0.0010472
0.001178
0.0013087
0.0014393
0.0015699
0.0017004
0.0018307
0.0019607
0.0020903
0.0022195
0.002348
0.0024756
0.0026019
0.0027267
0.0028495
0.0029697
0.0030867
0.0031997
0.0033078
0.0034101
0.0035054
0.0035923
0.0036698
0.0037356
0.0037895
0.0038274
0.0038515
0.0038533
0.0038418
0.0037978
0.0037458
0.0036451
0.0035485
0.0033807
0.0032341
0.0029928
0.0027865
0.0024717
0.0021909
0.0018074
0.0014378
0.00098734
0.00052148
