-1.3112e-06
-2.6012e-06
-3.8613e-06
-5.1065e-06
-6.3163e-06
-7.5177e-06
-8.6781e-06
-9.8365e-06
-1.0948e-05
-1.2065e-05
-1.3129e-05
-1.4204e-05
-1.5221e-05
-1.6256e-05
-1.7227e-05
-1.8222e-05
-1.9148e-05
-2.0105e-05
-2.0987e-05
-2.1906e-05
-2.2745e-05
-2.3627e-05
-2.4424e-05
-2.527e-05
-2.6025e-05
-2.6836e-05
-2.7552e-05
-2.8328e-05
-2.9005e-05
-2.9747e-05
-3.0387e-05
-3.1095e-05
-3.1699e-05
-3.2374e-05
-3.2944e-05
-3.3587e-05
-3.4124e-05
-3.4734e-05
-3.524e-05
-3.5818e-05
-3.6294e-05
-3.6841e-05
-3.729e-05
-3.7805e-05
-3.8227e-05
-3.8712e-05
-3.911e-05
-3.9564e-05
-3.9938e-05
-4.0363e-05
-4.0716e-05
-4.1111e-05
-4.1443e-05
-4.181e-05
-4.2123e-05
-4.2462e-05
-4.2758e-05
-4.3069e-05
-4.3348e-05
-4.3634e-05
-4.3897e-05
-4.4157e-05
-4.4405e-05
-4.4642e-05
-4.4875e-05
-4.5089e-05
-4.5309e-05
-4.5502e-05
-4.5708e-05
-4.5881e-05
-4.6074e-05
-4.6229e-05
-4.6408e-05
-4.6546e-05
-4.6714e-05
-4.6836e-05
-4.6991e-05
-4.7099e-05
-4.7242e-05
-4.7337e-05
-4.7468e-05
-4.7552e-05
-4.767e-05
-4.7745e-05
-4.7851e-05
-4.7916e-05
-4.8012e-05
-4.8069e-05
-4.8154e-05
-4.8203e-05
-4.8278e-05
-4.8321e-05
-4.8385e-05
-4.8423e-05
-4.8477e-05
-4.851e-05
-4.8556e-05
-4.8583e-05
-4.8621e-05
-4.8644e-05
-4.8674e-05
-4.8693e-05
-4.8716e-05
-4.8731e-05
-4.8748e-05
-4.8759e-05
-4.877e-05
-4.8778e-05
-4.8784e-05
-4.8789e-05
-4.879e-05
-4.8792e-05
-4.8789e-05
-4.8787e-05
-4.8782e-05
-4.8777e-05
-4.8768e-05
-4.876e-05
-4.8749e-05
-4.8738e-05
-4.8725e-05
-4.8712e-05
-4.8696e-05
-4.8681e-05
-4.8663e-05
-4.8646e-05
-4.8627e-05
-4.8608e-05
-4.8587e-05
-4.8566e-05
-4.8544e-05
-4.8522e-05
-4.8499e-05
-4.8475e-05
-4.8451e-05
-4.8426e-05
-4.8401e-05
-4.8375e-05
-4.8349e-05
-4.8322e-05
-4.8295e-05
-4.8267e-05
-4.824e-05
-4.8211e-05
-4.8183e-05
-4.8154e-05
-4.8125e-05
-4.8096e-05
-4.8066e-05
-4.8036e-05
-4.8006e-05
-4.7976e-05
-4.7945e-05
-4.7915e-05
-4.7884e-05
-4.7853e-05
-4.7822e-05
-4.7791e-05
-4.7759e-05
-4.7728e-05
-4.7696e-05
-4.7664e-05
-4.7632e-05
-4.76e-05
-4.7568e-05
-4.7536e-05
-4.7504e-05
-4.7472e-05
-4.7439e-05
-4.7407e-05
-4.7375e-05
-4.7342e-05
-4.731e-05
-4.7277e-05
-4.7244e-05
-4.7212e-05
-4.7179e-05
-4.7146e-05
-4.7113e-05
-4.7081e-05
-4.7048e-05
-4.7015e-05
-4.6982e-05
-4.6949e-05
-4.6916e-05
-4.6883e-05
-4.685e-05
-4.6817e-05
-4.6784e-05
-4.6751e-05
-4.6718e-05
-4.6685e-05
-4.6652e-05
-4.6619e-05
-4.6586e-05
-4.6553e-05
-4.652e-05
-4.6487e-05
-4.6454e-05
-4.6421e-05
-4.6388e-05
-4.6355e-05
-4.6322e-05
-4.6288e-05
-4.6255e-05
-4.6222e-05
-4.6189e-05
-4.6156e-05
-4.6123e-05
-4.609e-05
-4.6057e-05
-4.6024e-05
-4.599e-05
-4.5957e-05
-4.5924e-05
-4.5891e-05
-4.5858e-05
-4.5825e-05
-4.5792e-05
-4.5758e-05
-4.5725e-05
-4.5692e-05
-4.5659e-05
-4.5626e-05
-4.5593e-05
-4.556e-05
-4.5526e-05
-4.5493e-05
-4.546e-05
-4.5427e-05
-4.5394e-05
-4.5361e-05
-4.5328e-05
-4.5294e-05
-4.5261e-05
-4.5228e-05
-4.5195e-05
-4.5162e-05
-4.5129e-05
-4.5096e-05
-4.5062e-05
-4.5029e-05
-4.4996e-05
-4.4963e-05
-4.493e-05
-4.4897e-05
-4.4864e-05
-4.483e-05
-4.4797e-05
-4.4764e-05
-4.4731e-05
-4.4698e-05
-4.4665e-05
-4.4632e-05
-4.4598e-05
-4.4565e-05
-4.4532e-05
-4.4499e-05
-4.4466e-05
-4.4433e-05
-4.44e-05
-4.4366e-05
-4.4333e-05
-4.43e-05
-4.4267e-05
-4.4234e-05
-4.4201e-05
-4.4168e-05
-4.4134e-05
-4.4101e-05
-4.4068e-05
-4.4035e-05
-4.4002e-05
-4.3969e-05
-4.3935e-05
-4.3902e-05
-4.3869e-05
-4.3836e-05
-4.3803e-05
-4.377e-05
-4.3737e-05
-4.3703e-05
-4.367e-05
-4.3637e-05
-4.3604e-05
-4.3571e-05
-4.3538e-05
-4.3505e-05
-4.3471e-05
-4.3438e-05
-4.3405e-05
-4.3372e-05
-4.3339e-05
-4.3306e-05
-4.3273e-05
-4.3239e-05
-4.3206e-05
-4.3173e-05
-4.314e-05
-4.3107e-05
-4.3074e-05
-4.3041e-05
-4.3007e-05
-4.2974e-05
-4.2941e-05
-4.2908e-05
-4.2875e-05
-4.2842e-05
-4.2809e-05
-4.2775e-05
-4.2742e-05
-4.2709e-05
-4.2676e-05
-4.2643e-05
-4.261e-05
-4.2576e-05
-4.2543e-05
-4.251e-05
-4.2477e-05
-4.2444e-05
-4.2411e-05
-4.2378e-05
-4.2344e-05
-4.2311e-05
-4.2278e-05
-4.2245e-05
-4.2212e-05
-4.2179e-05
-4.2146e-05
-4.2112e-05
-4.2079e-05
-4.2046e-05
-4.2013e-05
-4.198e-05
-4.1947e-05
-4.1914e-05
-4.188e-05
-4.1847e-05
-4.1814e-05
-4.1781e-05
-4.1748e-05
-4.1715e-05
-4.1682e-05
-4.1648e-05
-4.1615e-05
-4.1582e-05
-4.1549e-05
-4.1516e-05
-4.1483e-05
-4.145e-05
-4.1416e-05
-4.1383e-05
-4.135e-05
-4.1317e-05
-4.1284e-05
-4.1251e-05
-4.1217e-05
-4.1184e-05
-4.1151e-05
-4.1118e-05
-4.1085e-05
-4.1052e-05
-4.1019e-05
-4.0985e-05
-4.0952e-05
-4.0919e-05
-4.0886e-05
-4.0853e-05
-4.082e-05
-4.0787e-05
-4.0753e-05
-4.072e-05
-4.0687e-05
-4.0654e-05
-4.0621e-05
-4.0588e-05
-4.0555e-05
-4.0521e-05
-4.0488e-05
-4.0455e-05
-4.0422e-05
-4.0389e-05
-4.0356e-05
-4.0323e-05
-4.0289e-05
-4.0256e-05
-4.0223e-05
-4.019e-05
-4.0157e-05
-4.0124e-05
-4.0091e-05
-4.0057e-05
-4.0024e-05
-3.9991e-05
-3.9958e-05
-3.9925e-05
-3.9892e-05
-3.9858e-05
-3.9825e-05
-3.9792e-05
-3.9759e-05
-3.9726e-05
-3.9693e-05
-3.966e-05
-3.9626e-05
-3.9593e-05
-3.956e-05
-3.9527e-05
-3.9494e-05
-3.9461e-05
-3.9428e-05
-3.9394e-05
-3.9361e-05
-3.9328e-05
-3.9295e-05
-3.9262e-05
-3.9229e-05
-3.9196e-05
-3.9162e-05
-3.9129e-05
-3.9096e-05
-3.9063e-05
-3.903e-05
-3.8997e-05
-3.8964e-05
-3.893e-05
-3.8897e-05
-3.8864e-05
-3.8831e-05
-3.8798e-05
-3.8765e-05
-3.8732e-05
-3.8698e-05
-3.8665e-05
-3.8632e-05
-3.8599e-05
-3.8566e-05
-3.8533e-05
-3.8499e-05
-3.8466e-05
-3.8433e-05
-3.84e-05
-3.8367e-05
-3.8334e-05
-3.8301e-05
-3.8267e-05
-3.8234e-05
-3.8201e-05
-3.8168e-05
-3.8135e-05
-3.8102e-05
-3.8069e-05
-3.8035e-05
-3.8002e-05
-3.7969e-05
-3.7936e-05
-3.7903e-05
-3.787e-05
-3.7837e-05
-3.7803e-05
-3.777e-05
-3.7737e-05
-3.7704e-05
-3.7671e-05
-3.7638e-05
-3.7605e-05
-3.7571e-05
-3.7538e-05
-3.7505e-05
-3.7472e-05
-3.7439e-05
-3.7406e-05
-3.7373e-05
-3.7339e-05
-3.7306e-05
-3.7273e-05
-3.724e-05
-3.7207e-05
-3.7174e-05
-3.714e-05
-3.7107e-05
-3.7074e-05
-3.7041e-05
-3.7008e-05
-3.6975e-05
-3.6942e-05
-3.6908e-05
-3.6875e-05
-3.6842e-05
-3.6809e-05
-3.6776e-05
-3.6743e-05
-3.671e-05
-3.6676e-05
-3.6643e-05
-3.661e-05
-3.6577e-05
-3.6544e-05
-3.6511e-05
-3.6478e-05
-3.6444e-05
-3.6411e-05
-3.6378e-05
-3.6345e-05
-3.6312e-05
-3.6279e-05
-3.6246e-05
-3.6212e-05
-3.6179e-05
-3.6146e-05
-3.6113e-05
-3.608e-05
-3.6047e-05
-3.6014e-05
-3.598e-05
-3.5947e-05
-3.5914e-05
-3.5881e-05
-3.5848e-05
-3.5815e-05
-3.5781e-05
-3.5748e-05
-3.5715e-05
-3.5682e-05
-3.5649e-05
-3.5616e-05
-3.5583e-05
-3.5549e-05
-3.5516e-05
-3.5483e-05
-3.545e-05
-3.5417e-05
-3.5384e-05
-3.5351e-05
-3.5317e-05
-3.5284e-05
-3.5251e-05
-3.5218e-05
-3.5185e-05
-3.5152e-05
-3.5119e-05
-3.5085e-05
-3.5052e-05
-3.5019e-05
-3.4986e-05
-3.4953e-05
-3.492e-05
-3.4887e-05
-3.4853e-05
-3.482e-05
-3.4787e-05
-3.4754e-05
-3.4721e-05
-3.4688e-05
-3.4655e-05
-3.4621e-05
-3.4588e-05
-3.4555e-05
-3.4522e-05
-3.4489e-05
-3.4456e-05
-3.4422e-05
-3.4389e-05
-3.4356e-05
-3.4323e-05
-3.429e-05
-3.4257e-05
-3.4224e-05
-3.419e-05
-3.4157e-05
-3.4124e-05
-3.4091e-05
-3.4058e-05
-3.4025e-05
-3.3992e-05
-3.3958e-05
-3.3925e-05
-3.3892e-05
-3.3859e-05
-3.3826e-05
-3.3793e-05
-3.376e-05
-3.3726e-05
-3.3693e-05
-3.366e-05
-3.3627e-05
-3.3594e-05
-3.3561e-05
-3.3528e-05
-3.3494e-05
-3.3461e-05
-3.3428e-05
-3.3395e-05
-3.3362e-05
-3.3329e-05
-3.3296e-05
-3.3262e-05
-3.3229e-05
-3.3196e-05
-3.3163e-05
-3.313e-05
-3.3097e-05
-3.3063e-05
-3.303e-05
-3.2997e-05
-3.2964e-05
-3.2931e-05
-3.2898e-05
-3.2865e-05
-3.2831e-05
-3.2798e-05
-3.2765e-05
-3.2732e-05
-3.2699e-05
-3.2666e-05
-3.2633e-05
-3.2599e-05
-3.2566e-05
-3.2533e-05
-3.25e-05
-3.2467e-05
-3.2434e-05
-3.2401e-05
-3.2367e-05
-3.2334e-05
-3.2301e-05
-3.2268e-05
-3.2235e-05
-3.2202e-05
-3.2169e-05
-3.2135e-05
-3.2102e-05
-3.2069e-05
-3.2036e-05
-3.2003e-05
-3.197e-05
-3.1937e-05
-3.1903e-05
-3.187e-05
-3.1837e-05
-3.1804e-05
-3.1771e-05
-3.1738e-05
-3.1704e-05
-3.1671e-05
-3.1638e-05
-3.1605e-05
-3.1572e-05
-3.1539e-05
-3.1506e-05
-3.1472e-05
-3.1439e-05
-3.1406e-05
-3.1373e-05
-3.134e-05
-3.1307e-05
-3.1274e-05
-3.124e-05
-3.1207e-05
-3.1174e-05
-3.1141e-05
-3.1108e-05
-3.1075e-05
-3.1042e-05
-3.1008e-05
-3.0975e-05
-3.0942e-05
-3.0909e-05
-3.0876e-05
-3.0843e-05
-3.081e-05
-3.0776e-05
-3.0743e-05
-3.071e-05
-3.0677e-05
-3.0644e-05
-3.0611e-05
-3.0578e-05
-3.0544e-05
-3.0511e-05
-3.0478e-05
-3.0445e-05
-3.0412e-05
-3.0379e-05
-3.0345e-05
-3.0312e-05
-3.0279e-05
-3.0246e-05
-3.0213e-05
-3.018e-05
-3.0147e-05
-3.0113e-05
-3.008e-05
-3.0047e-05
-3.0014e-05
-2.9981e-05
-2.9948e-05
-2.9915e-05
-2.9881e-05
-2.9848e-05
-2.9815e-05
-2.9782e-05
-2.9749e-05
-2.9716e-05
-2.9683e-05
-2.9649e-05
-2.9616e-05
-2.9583e-05
-2.955e-05
-2.9517e-05
-2.9484e-05
-2.9451e-05
-2.9417e-05
-2.9384e-05
-2.9351e-05
-2.9318e-05
-2.9285e-05
-2.9252e-05
-2.9219e-05
-2.9185e-05
-2.9152e-05
-2.9119e-05
-2.9086e-05
-2.9053e-05
-2.902e-05
-2.8986e-05
-2.8953e-05
-2.892e-05
-2.8887e-05
-2.8854e-05
-2.8821e-05
-2.8788e-05
-2.8754e-05
-2.8721e-05
-2.8688e-05
-2.8655e-05
-2.8622e-05
-2.8589e-05
-2.8556e-05
-2.8522e-05
-2.8489e-05
-2.8456e-05
-2.8423e-05
-2.839e-05
-2.8357e-05
-2.8324e-05
-2.829e-05
-2.8257e-05
-2.8224e-05
-2.8191e-05
-2.8158e-05
-2.8125e-05
-2.8092e-05
-2.8058e-05
-2.8025e-05
-2.7992e-05
-2.7959e-05
-2.7926e-05
-2.7893e-05
-2.786e-05
-2.7826e-05
-2.7793e-05
-2.776e-05
-2.7727e-05
-2.7694e-05
-2.7661e-05
-2.7627e-05
-2.7594e-05
-2.7561e-05
-2.7528e-05
-2.7495e-05
-2.7462e-05
-2.7429e-05
-2.7395e-05
-2.7362e-05
-2.7329e-05
-2.7296e-05
-2.7263e-05
-2.723e-05
-2.7197e-05
-2.7163e-05
-2.713e-05
-2.7097e-05
-2.7064e-05
-2.7031e-05
-2.6998e-05
-2.6965e-05
-2.6931e-05
-2.6898e-05
-2.6865e-05
-2.6832e-05
-2.6799e-05
-2.6766e-05
-2.6733e-05
-2.6699e-05
-2.6666e-05
-2.6633e-05
-2.66e-05
-2.6567e-05
-2.6534e-05
-2.6501e-05
-2.6467e-05
-2.6434e-05
-2.6401e-05
-2.6368e-05
-2.6335e-05
-2.6302e-05
-2.6268e-05
-2.6235e-05
-2.6202e-05
-2.6169e-05
-2.6136e-05
-2.6103e-05
-2.607e-05
-2.6036e-05
-2.6003e-05
-2.597e-05
-2.5937e-05
-2.5904e-05
-2.5871e-05
-2.5838e-05
-2.5804e-05
-2.5771e-05
-2.5738e-05
-2.5705e-05
-2.5672e-05
-2.5639e-05
-2.5606e-05
-2.5572e-05
-2.5539e-05
-2.5506e-05
-2.5473e-05
-2.544e-05
-2.5407e-05
-2.5374e-05
-2.534e-05
-2.5307e-05
-2.5274e-05
-2.5241e-05
-2.5208e-05
-2.5175e-05
-2.5142e-05
-2.5108e-05
-2.5075e-05
-2.5042e-05
-2.5009e-05
-2.4976e-05
-2.4943e-05
-2.4909e-05
-2.4876e-05
-2.4843e-05
-2.481e-05
-2.4777e-05
-2.4744e-05
-2.4711e-05
-2.4677e-05
-2.4644e-05
-2.4611e-05
-2.4578e-05
-2.4545e-05
-2.4512e-05
-2.4479e-05
-2.4445e-05
-2.4412e-05
-2.4379e-05
-2.4346e-05
-2.4313e-05
-2.428e-05
-2.4247e-05
-2.4213e-05
-2.418e-05
-2.4147e-05
-2.4114e-05
-2.4081e-05
-2.4048e-05
-2.4015e-05
-2.3981e-05
-2.3948e-05
-2.3915e-05
-2.3882e-05
-2.3849e-05
-2.3816e-05
-2.3783e-05
-2.3749e-05
-2.3716e-05
-2.3683e-05
-2.365e-05
-2.3617e-05
-2.3584e-05
-2.355e-05
-2.3517e-05
-2.3484e-05
-2.3451e-05
-2.3418e-05
-2.3385e-05
-2.3352e-05
-2.3318e-05
-2.3285e-05
-2.3252e-05
-2.3219e-05
-2.3186e-05
-2.3153e-05
-2.312e-05
-2.3086e-05
-2.3053e-05
-2.302e-05
-2.2987e-05
-2.2954e-05
-2.2921e-05
-2.2888e-05
-2.2854e-05
-2.2821e-05
-2.2788e-05
-2.2755e-05
-2.2722e-05
-2.2689e-05
-2.2656e-05
-2.2622e-05
-2.2589e-05
-2.2556e-05
-2.2523e-05
-2.249e-05
-2.2457e-05
-2.2424e-05
-2.239e-05
-2.2357e-05
-2.2324e-05
-2.2291e-05
-2.2258e-05
-2.2225e-05
-2.2191e-05
-2.2158e-05
-2.2125e-05
-2.2092e-05
-2.2059e-05
-2.2026e-05
-2.1993e-05
-2.1959e-05
-2.1926e-05
-2.1893e-05
-2.186e-05
-2.1827e-05
-2.1794e-05
-2.1761e-05
-2.1727e-05
-2.1694e-05
-2.1661e-05
-2.1628e-05
-2.1595e-05
-2.1562e-05
-2.1529e-05
-2.1495e-05
-2.1462e-05
-2.1429e-05
-2.1396e-05
-2.1363e-05
-2.133e-05
-2.1297e-05
-2.1263e-05
-2.123e-05
-2.1197e-05
-2.1164e-05
-2.1131e-05
-2.1098e-05
-2.1065e-05
-2.1031e-05
-2.0998e-05
-2.0965e-05
-2.0932e-05
-2.0899e-05
-2.0866e-05
-2.0832e-05
-2.0799e-05
-2.0766e-05
-2.0733e-05
-2.07e-05
-2.0667e-05
-2.0634e-05
-2.06e-05
-2.0567e-05
-2.0534e-05
-2.0501e-05
-2.0468e-05
-2.0435e-05
-2.0402e-05
-2.0368e-05
-2.0335e-05
-2.0302e-05
-2.0269e-05
-2.0236e-05
-2.0203e-05
-2.017e-05
-2.0136e-05
-2.0103e-05
-2.007e-05
-2.0037e-05
-2.0004e-05
-1.9971e-05
-1.9938e-05
-1.9904e-05
-1.9871e-05
-1.9838e-05
-1.9805e-05
-1.9772e-05
-1.9739e-05
-1.9706e-05
-1.9672e-05
-1.9639e-05
-1.9606e-05
-1.9573e-05
-1.954e-05
-1.9507e-05
-1.9473e-05
-1.944e-05
-1.9407e-05
-1.9374e-05
-1.9341e-05
-1.9308e-05
-1.9275e-05
-1.9241e-05
-1.9208e-05
-1.9175e-05
-1.9142e-05
-1.9109e-05
-1.9076e-05
-1.9043e-05
-1.9009e-05
-1.8976e-05
-1.8943e-05
-1.891e-05
-1.8877e-05
-1.8844e-05
-1.8811e-05
-1.8777e-05
-1.8744e-05
-1.8711e-05
-1.8678e-05
-1.8645e-05
-1.8612e-05
-1.8579e-05
-1.8545e-05
-1.8512e-05
-1.8479e-05
-1.8446e-05
-1.8413e-05
-1.838e-05
-1.8347e-05
-1.8313e-05
-1.828e-05
-1.8247e-05
-1.8214e-05
-1.8181e-05
-1.8148e-05
-1.8114e-05
-1.8081e-05
-1.8048e-05
-1.8015e-05
-1.7982e-05
-1.7949e-05
-1.7916e-05
-1.7882e-05
-1.7849e-05
-1.7816e-05
-1.7783e-05
-1.775e-05
-1.7717e-05
-1.7684e-05
-1.765e-05
-1.7617e-05
-1.7584e-05
-1.7551e-05
-1.7518e-05
-1.7485e-05
-1.7452e-05
-1.7418e-05
-1.7385e-05
-1.7352e-05
-1.7319e-05
-1.7286e-05
-1.7253e-05
-1.722e-05
-1.7186e-05
-1.7153e-05
-1.712e-05
-1.7087e-05
-1.7054e-05
-1.7021e-05
-1.6988e-05
-1.6954e-05
-1.6921e-05
-1.6888e-05
-1.6855e-05
-1.6822e-05
-1.6789e-05
-1.6755e-05
-1.6722e-05
-1.6689e-05
-1.6656e-05
-1.6623e-05
-1.659e-05
-1.6557e-05
-1.6523e-05
-1.649e-05
-1.6457e-05
-1.6424e-05
-1.6391e-05
-1.6358e-05
-1.6325e-05
-1.6291e-05
-1.6258e-05
-1.6225e-05
-1.6192e-05
-1.6159e-05
-1.6126e-05
-1.6093e-05
-1.6059e-05
-1.6026e-05
-1.5993e-05
-1.596e-05
-1.5927e-05
-1.5894e-05
-1.5861e-05
-1.5827e-05
-1.5794e-05
-1.5761e-05
-1.5728e-05
-1.5695e-05
-1.5662e-05
-1.5629e-05
-1.5595e-05
-1.5562e-05
-1.5529e-05
-1.5496e-05
-1.5463e-05
-1.543e-05
-1.5396e-05
-1.5363e-05
-1.533e-05
-1.5297e-05
-1.5264e-05
-1.5231e-05
-1.5198e-05
-1.5164e-05
-1.5131e-05
-1.5098e-05
-1.5065e-05
-1.5032e-05
-1.4999e-05
-1.4966e-05
-1.4932e-05
-1.4899e-05
-1.4866e-05
-1.4833e-05
-1.48e-05
-1.4767e-05
-1.4734e-05
-1.47e-05
-1.4667e-05
-1.4634e-05
-1.4601e-05
-1.4568e-05
-1.4535e-05
-1.4502e-05
-1.4468e-05
-1.4435e-05
-1.4402e-05
-1.4369e-05
-1.4336e-05
-1.4303e-05
-1.427e-05
-1.4236e-05
-1.4203e-05
-1.417e-05
-1.4137e-05
-1.4104e-05
-1.4071e-05
-1.4037e-05
-1.4004e-05
-1.3971e-05
-1.3938e-05
-1.3905e-05
-1.3872e-05
-1.3839e-05
-1.3805e-05
-1.3772e-05
-1.3739e-05
-1.3706e-05
-1.3673e-05
-1.364e-05
-1.3607e-05
-1.3573e-05
-1.354e-05
-1.3507e-05
-1.3474e-05
-1.3441e-05
-1.3408e-05
-1.3375e-05
-1.3341e-05
-1.3308e-05
-1.3275e-05
-1.3242e-05
-1.3209e-05
-1.3176e-05
-1.3143e-05
-1.3109e-05
-1.3076e-05
-1.3043e-05
-1.301e-05
-1.2977e-05
-1.2944e-05
-1.2911e-05
-1.2877e-05
-1.2844e-05
-1.2811e-05
-1.2778e-05
-1.2745e-05
-1.2712e-05
-1.2678e-05
-1.2645e-05
-1.2612e-05
-1.2579e-05
-1.2546e-05
-1.2513e-05
-1.248e-05
-1.2446e-05
-1.2413e-05
-1.238e-05
-1.2347e-05
-1.2314e-05
-1.2281e-05
-1.2248e-05
-1.2214e-05
-1.2181e-05
-1.2148e-05
-1.2115e-05
-1.2082e-05
-1.2049e-05
-1.2016e-05
-1.1982e-05
-1.1949e-05
-1.1916e-05
-1.1883e-05
-1.185e-05
-1.1817e-05
-1.1784e-05
-1.175e-05
-1.1717e-05
-1.1684e-05
-1.1651e-05
-1.1618e-05
-1.1585e-05
-1.1552e-05
-1.1518e-05
-1.1485e-05
-1.1452e-05
-1.1419e-05
-1.1386e-05
-1.1353e-05
-1.1319e-05
-1.1286e-05
-1.1253e-05
-1.122e-05
-1.1187e-05
-1.1154e-05
-1.1121e-05
-1.1087e-05
-1.1054e-05
-1.1021e-05
-1.0988e-05
-1.0955e-05
-1.0922e-05
-1.0889e-05
-1.0855e-05
-1.0822e-05
-1.0789e-05
-1.0756e-05
-1.0723e-05
-1.069e-05
-1.0657e-05
-1.0623e-05
-1.059e-05
-1.0557e-05
-1.0524e-05
-1.0491e-05
-1.0458e-05
-1.0425e-05
-1.0391e-05
-1.0358e-05
-1.0325e-05
-1.0292e-05
-1.0259e-05
-1.0226e-05
-1.0193e-05
-1.0159e-05
-1.0126e-05
-1.0093e-05
-1.006e-05
-1.0027e-05
-9.9936e-06
-9.9605e-06
-9.9273e-06
-9.8942e-06
-9.861e-06
-9.8279e-06
-9.7947e-06
-9.7616e-06
-9.7285e-06
-9.6953e-06
-9.6622e-06
-9.629e-06
-9.5959e-06
-9.5627e-06
-9.5296e-06
-9.4964e-06
-9.4633e-06
-9.4301e-06
-9.397e-06
-9.3638e-06
-9.3307e-06
-9.2976e-06
-9.2644e-06
-9.2313e-06
-9.1981e-06
-9.165e-06
-9.1318e-06
-9.0987e-06
-9.0655e-06
-9.0324e-06
-8.9992e-06
-8.9661e-06
-8.9329e-06
-8.8998e-06
-8.8666e-06
-8.8335e-06
-8.8004e-06
-8.7672e-06
-8.7341e-06
-8.7009e-06
-8.6678e-06
-8.6346e-06
-8.6015e-06
-8.5683e-06
-8.5352e-06
-8.502e-06
-8.4689e-06
-8.4357e-06
-8.4026e-06
-8.3695e-06
-8.3363e-06
-8.3032e-06
-8.27e-06
-8.2369e-06
-8.2037e-06
-8.1706e-06
-8.1374e-06
-8.1043e-06
-8.0711e-06
-8.038e-06
-8.0048e-06
-7.9717e-06
-7.9386e-06
-7.9054e-06
-7.8723e-06
-7.8391e-06
-7.806e-06
-7.7728e-06
-7.7397e-06
-7.7065e-06
-7.6734e-06
-7.6402e-06
-7.6071e-06
-7.5739e-06
-7.5408e-06
-7.5076e-06
-7.4745e-06
-7.4414e-06
-7.4082e-06
-7.3751e-06
-7.3419e-06
-7.3088e-06
-7.2756e-06
-7.2425e-06
-7.2093e-06
-7.1762e-06
-7.143e-06
-7.1099e-06
-7.0767e-06
-7.0436e-06
-7.0105e-06
-6.9773e-06
-6.9442e-06
-6.911e-06
-6.8779e-06
-6.8447e-06
-6.8116e-06
-6.7784e-06
-6.7453e-06
-6.7121e-06
-6.679e-06
-6.6458e-06
-6.6127e-06
-6.5796e-06
-6.5464e-06
-6.5133e-06
-6.4801e-06
-6.447e-06
-6.4138e-06
-6.3807e-06
-6.3475e-06
-6.3144e-06
-6.2812e-06
-6.2481e-06
-6.2149e-06
-6.1818e-06
-6.1486e-06
-6.1155e-06
-6.0824e-06
-6.0492e-06
-6.0161e-06
-5.9829e-06
-5.9498e-06
-5.9166e-06
-5.8835e-06
-5.8503e-06
-5.8172e-06
-5.784e-06
-5.7509e-06
-5.7177e-06
-5.6846e-06
-5.6515e-06
-5.6183e-06
-5.5852e-06
-5.552e-06
-5.5189e-06
-5.4857e-06
-5.4526e-06
-5.4194e-06
-5.3863e-06
-5.3531e-06
-5.32e-06
-5.2868e-06
-5.2537e-06
-5.2206e-06
-5.1874e-06
-5.1543e-06
-5.1211e-06
-5.088e-06
-5.0548e-06
-5.0217e-06
-4.9885e-06
-4.9554e-06
-4.9222e-06
-4.8891e-06
-4.8559e-06
-4.8228e-06
-4.7896e-06
-4.7565e-06
-4.7234e-06
-4.6902e-06
-4.6571e-06
-4.6239e-06
-4.5908e-06
-4.5576e-06
-4.5245e-06
-4.4913e-06
-4.4582e-06
-4.425e-06
-4.3919e-06
-4.3587e-06
-4.3256e-06
-4.2925e-06
-4.2593e-06
-4.2262e-06
-4.193e-06
-4.1599e-06
-4.1267e-06
-4.0936e-06
-4.0604e-06
-4.0273e-06
-3.9941e-06
-3.961e-06
-3.9278e-06
-3.8947e-06
-3.8616e-06
-3.8284e-06
-3.7953e-06
-3.7621e-06
-3.729e-06
-3.6958e-06
-3.6627e-06
-3.6295e-06
-3.5964e-06
-3.5632e-06
-3.5301e-06
-3.4969e-06
-3.4638e-06
-3.4306e-06
-3.3975e-06
-3.3644e-06
-3.3312e-06
-3.2981e-06
-3.2649e-06
-3.2318e-06
-3.1986e-06
-3.1655e-06
-3.1323e-06
-3.0992e-06
-3.066e-06
-3.0329e-06
-2.9997e-06
-2.9666e-06
-2.9335e-06
-2.9003e-06
-2.8672e-06
-2.834e-06
-2.8009e-06
-2.7677e-06
-2.7346e-06
-2.7014e-06
-2.6683e-06
-2.6351e-06
-2.602e-06
-2.5688e-06
-2.5357e-06
-2.5025e-06
-2.4694e-06
-2.4363e-06
-2.4031e-06
-2.37e-06
-2.3368e-06
-2.3037e-06
-2.2705e-06
-2.2374e-06
-2.2042e-06
-2.1711e-06
-2.1379e-06
-2.1048e-06
-2.0716e-06
-2.0385e-06
-2.0054e-06
-1.9722e-06
-1.9391e-06
-1.9059e-06
-1.8728e-06
-1.8396e-06
-1.8065e-06
-1.7733e-06
-1.7402e-06
-1.707e-06
-1.6739e-06
-1.6407e-06
-1.6076e-06
-1.5745e-06
-1.5413e-06
-1.5082e-06
-1.475e-06
-1.4419e-06
-1.4087e-06
-1.3756e-06
-1.3424e-06
-1.3093e-06
-1.2761e-06
-1.243e-06
-1.2098e-06
-1.1767e-06
-1.1435e-06
-1.1104e-06
-1.0773e-06
-1.0441e-06
-1.011e-06
-9.7782e-07
-9.4467e-07
-9.1152e-07
-8.7838e-07
-8.4523e-07
-8.1209e-07
-7.7894e-07
-7.4579e-07
-7.1265e-07
-6.795e-07
-6.4635e-07
-6.1321e-07
-5.8006e-07
-5.4691e-07
-5.1377e-07
-4.8062e-07
-4.4748e-07
-4.1433e-07
-3.8118e-07
-3.4804e-07
-3.1489e-07
-2.8174e-07
-2.486e-07
-2.1545e-07
-1.823e-07
-1.4916e-07
-1.1601e-07
-8.2866e-08
-4.972e-08
-1.6573e-08
1.6573e-08
4.972e-08
8.2866e-08
1.1601e-07
1.4916e-07
1.823e-07
2.1545e-07
2.486e-07
2.8174e-07
3.1489e-07
3.4804e-07
3.8118e-07
4.1433e-07
4.4748e-07
4.8062e-07
5.1377e-07
5.4691e-07
5.8006e-07
6.1321e-07
6.4635e-07
6.795e-07
7.1265e-07
7.4579e-07
7.7894e-07
8.1209e-07
8.4523e-07
8.7838e-07
9.1152e-07
9.4467e-07
9.7782e-07
1.011e-06
1.0441e-06
1.0773e-06
1.1104e-06
1.1435e-06
1.1767e-06
1.2098e-06
1.243e-06
1.2761e-06
1.3093e-06
1.3424e-06
1.3756e-06
1.4087e-06
1.4419e-06
1.475e-06
1.5082e-06
1.5413e-06
1.5745e-06
1.6076e-06
1.6407e-06
1.6739e-06
1.707e-06
1.7402e-06
1.7733e-06
1.8065e-06
1.8396e-06
1.8728e-06
1.9059e-06
1.9391e-06
1.9722e-06
2.0054e-06
2.0385e-06
2.0716e-06
2.1048e-06
2.1379e-06
2.1711e-06
2.2042e-06
2.2374e-06
2.2705e-06
2.3037e-06
2.3368e-06
2.37e-06
2.4031e-06
2.4363e-06
2.4694e-06
2.5025e-06
2.5357e-06
2.5688e-06
2.602e-06
2.6351e-06
2.6683e-06
2.7014e-06
2.7346e-06
2.7677e-06
2.8009e-06
2.834e-06
2.8672e-06
2.9003e-06
2.9335e-06
2.9666e-06
2.9997e-06
3.0329e-06
3.066e-06
3.0992e-06
3.1323e-06
3.1655e-06
3.1986e-06
3.2318e-06
3.2649e-06
3.2981e-06
3.3312e-06
3.3644e-06
3.3975e-06
3.4306e-06
3.4638e-06
3.4969e-06
3.5301e-06
3.5632e-06
3.5964e-06
3.6295e-06
3.6627e-06
3.6958e-06
3.729e-06
3.7621e-06
3.7953e-06
3.8284e-06
3.8616e-06
3.8947e-06
3.9278e-06
3.961e-06
3.9941e-06
4.0273e-06
4.0604e-06
4.0936e-06
4.1267e-06
4.1599e-06
4.193e-06
4.2262e-06
4.2593e-06
4.2925e-06
4.3256e-06
4.3587e-06
4.3919e-06
4.425e-06
4.4582e-06
4.4913e-06
4.5245e-06
4.5576e-06
4.5908e-06
4.6239e-06
4.6571e-06
4.6902e-06
4.7234e-06
4.7565e-06
4.7896e-06
4.8228e-06
4.8559e-06
4.8891e-06
4.9222e-06
4.9554e-06
4.9885e-06
5.0217e-06
5.0548e-06
5.088e-06
5.1211e-06
5.1543e-06
5.1874e-06
5.2206e-06
5.2537e-06
5.2868e-06
5.32e-06
5.3531e-06
5.3863e-06
5.4194e-06
5.4526e-06
5.4857e-06
5.5189e-06
5.552e-06
5.5852e-06
5.6183e-06
5.6515e-06
5.6846e-06
5.7177e-06
5.7509e-06
5.784e-06
5.8172e-06
5.8503e-06
5.8835e-06
5.9166e-06
5.9498e-06
5.9829e-06
6.0161e-06
6.0492e-06
6.0824e-06
6.1155e-06
6.1486e-06
6.1818e-06
6.2149e-06
6.2481e-06
6.2812e-06
6.3144e-06
6.3475e-06
6.3807e-06
6.4138e-06
6.447e-06
6.4801e-06
6.5133e-06
6.5464e-06
6.5796e-06
6.6127e-06
6.6458e-06
6.679e-06
6.7121e-06
6.7453e-06
6.7784e-06
6.8116e-06
6.8447e-06
6.8779e-06
6.911e-06
6.9442e-06
6.9773e-06
7.0105e-06
7.0436e-06
7.0767e-06
7.1099e-06
7.143e-06
7.1762e-06
7.2093e-06
7.2425e-06
7.2756e-06
7.3088e-06
7.3419e-06
7.3751e-06
7.4082e-06
7.4414e-06
7.4745e-06
7.5076e-06
7.5408e-06
7.5739e-06
7.6071e-06
7.6402e-06
7.6734e-06
7.7065e-06
7.7397e-06
7.7728e-06
7.806e-06
7.8391e-06
7.8723e-06
7.9054e-06
7.9386e-06
7.9717e-06
8.0048e-06
8.038e-06
8.0711e-06
8.1043e-06
8.1374e-06
8.1706e-06
8.2037e-06
8.2369e-06
8.27e-06
8.3032e-06
8.3363e-06
8.3695e-06
8.4026e-06
8.4357e-06
8.4689e-06
8.502e-06
8.5352e-06
8.5683e-06
8.6015e-06
8.6346e-06
8.6678e-06
8.7009e-06
8.7341e-06
8.7672e-06
8.8004e-06
8.8335e-06
8.8666e-06
8.8998e-06
8.9329e-06
8.9661e-06
8.9992e-06
9.0324e-06
9.0655e-06
9.0987e-06
9.1318e-06
9.165e-06
9.1981e-06
9.2313e-06
9.2644e-06
9.2976e-06
9.3307e-06
9.3638e-06
9.397e-06
9.4301e-06
9.4633e-06
9.4964e-06
9.5296e-06
9.5627e-06
9.5959e-06
9.629e-06
9.6622e-06
9.6953e-06
9.7285e-06
9.7616e-06
9.7947e-06
9.8279e-06
9.861e-06
9.8942e-06
9.9273e-06
9.9605e-06
9.9936e-06
1.0027e-05
1.006e-05
1.0093e-05
1.0126e-05
1.0159e-05
1.0193e-05
1.0226e-05
1.0259e-05
1.0292e-05
1.0325e-05
1.0358e-05
1.0391e-05
1.0425e-05
1.0458e-05
1.0491e-05
1.0524e-05
1.0557e-05
1.059e-05
1.0623e-05
1.0657e-05
1.069e-05
1.0723e-05
1.0756e-05
1.0789e-05
1.0822e-05
1.0855e-05
1.0889e-05
1.0922e-05
1.0955e-05
1.0988e-05
1.1021e-05
1.1054e-05
1.1087e-05
1.1121e-05
1.1154e-05
1.1187e-05
1.122e-05
1.1253e-05
1.1286e-05
1.1319e-05
1.1353e-05
1.1386e-05
1.1419e-05
1.1452e-05
1.1485e-05
1.1518e-05
1.1552e-05
1.1585e-05
1.1618e-05
1.1651e-05
1.1684e-05
1.1717e-05
1.175e-05
1.1784e-05
1.1817e-05
1.185e-05
1.1883e-05
1.1916e-05
1.1949e-05
1.1982e-05
1.2016e-05
1.2049e-05
1.2082e-05
1.2115e-05
1.2148e-05
1.2181e-05
1.2214e-05
1.2248e-05
1.2281e-05
1.2314e-05
1.2347e-05
1.238e-05
1.2413e-05
1.2446e-05
1.248e-05
1.2513e-05
1.2546e-05
1.2579e-05
1.2612e-05
1.2645e-05
1.2678e-05
1.2712e-05
1.2745e-05
1.2778e-05
1.2811e-05
1.2844e-05
1.2877e-05
1.2911e-05
1.2944e-05
1.2977e-05
1.301e-05
1.3043e-05
1.3076e-05
1.3109e-05
1.3143e-05
1.3176e-05
1.3209e-05
1.3242e-05
1.3275e-05
1.3308e-05
1.3341e-05
1.3375e-05
1.3408e-05
1.3441e-05
1.3474e-05
1.3507e-05
1.354e-05
1.3573e-05
1.3607e-05
1.364e-05
1.3673e-05
1.3706e-05
1.3739e-05
1.3772e-05
1.3805e-05
1.3839e-05
1.3872e-05
1.3905e-05
1.3938e-05
1.3971e-05
1.4004e-05
1.4037e-05
1.4071e-05
1.4104e-05
1.4137e-05
1.417e-05
1.4203e-05
1.4236e-05
1.427e-05
1.4303e-05
1.4336e-05
1.4369e-05
1.4402e-05
1.4435e-05
1.4468e-05
1.4502e-05
1.4535e-05
1.4568e-05
1.4601e-05
1.4634e-05
1.4667e-05
1.47e-05
1.4734e-05
1.4767e-05
1.48e-05
1.4833e-05
1.4866e-05
1.4899e-05
1.4932e-05
1.4966e-05
1.4999e-05
1.5032e-05
1.5065e-05
1.5098e-05
1.5131e-05
1.5164e-05
1.5198e-05
1.5231e-05
1.5264e-05
1.5297e-05
1.533e-05
1.5363e-05
1.5396e-05
1.543e-05
1.5463e-05
1.5496e-05
1.5529e-05
1.5562e-05
1.5595e-05
1.5629e-05
1.5662e-05
1.5695e-05
1.5728e-05
1.5761e-05
1.5794e-05
1.5827e-05
1.5861e-05
1.5894e-05
1.5927e-05
1.596e-05
1.5993e-05
1.6026e-05
1.6059e-05
1.6093e-05
1.6126e-05
1.6159e-05
1.6192e-05
1.6225e-05
1.6258e-05
1.6291e-05
1.6325e-05
1.6358e-05
1.6391e-05
1.6424e-05
1.6457e-05
1.649e-05
1.6523e-05
1.6557e-05
1.659e-05
1.6623e-05
1.6656e-05
1.6689e-05
1.6722e-05
1.6755e-05
1.6789e-05
1.6822e-05
1.6855e-05
1.6888e-05
1.6921e-05
1.6954e-05
1.6988e-05
1.7021e-05
1.7054e-05
1.7087e-05
1.712e-05
1.7153e-05
1.7186e-05
1.722e-05
1.7253e-05
1.7286e-05
1.7319e-05
1.7352e-05
1.7385e-05
1.7418e-05
1.7452e-05
1.7485e-05
1.7518e-05
1.7551e-05
1.7584e-05
1.7617e-05
1.765e-05
1.7684e-05
1.7717e-05
1.775e-05
1.7783e-05
1.7816e-05
1.7849e-05
1.7882e-05
1.7916e-05
1.7949e-05
1.7982e-05
1.8015e-05
1.8048e-05
1.8081e-05
1.8114e-05
1.8148e-05
1.8181e-05
1.8214e-05
1.8247e-05
1.828e-05
1.8313e-05
1.8347e-05
1.838e-05
1.8413e-05
1.8446e-05
1.8479e-05
1.8512e-05
1.8545e-05
1.8579e-05
1.8612e-05
1.8645e-05
1.8678e-05
1.8711e-05
1.8744e-05
1.8777e-05
1.8811e-05
1.8844e-05
1.8877e-05
1.891e-05
1.8943e-05
1.8976e-05
1.9009e-05
1.9043e-05
1.9076e-05
1.9109e-05
1.9142e-05
1.9175e-05
1.9208e-05
1.9241e-05
1.9275e-05
1.9308e-05
1.9341e-05
1.9374e-05
1.9407e-05
1.944e-05
1.9473e-05
1.9507e-05
1.954e-05
1.9573e-05
1.9606e-05
1.9639e-05
1.9672e-05
1.9706e-05
1.9739e-05
1.9772e-05
1.9805e-05
1.9838e-05
1.9871e-05
1.9904e-05
1.9938e-05
1.9971e-05
2.0004e-05
2.0037e-05
2.007e-05
2.0103e-05
2.0136e-05
2.017e-05
2.0203e-05
2.0236e-05
2.0269e-05
2.0302e-05
2.0335e-05
2.0368e-05
2.0402e-05
2.0435e-05
2.0468e-05
2.0501e-05
2.0534e-05
2.0567e-05
2.06e-05
2.0634e-05
2.0667e-05
2.07e-05
2.0733e-05
2.0766e-05
2.0799e-05
2.0832e-05
2.0866e-05
2.0899e-05
2.0932e-05
2.0965e-05
2.0998e-05
2.1031e-05
2.1065e-05
2.1098e-05
2.1131e-05
2.1164e-05
2.1197e-05
2.123e-05
2.1263e-05
2.1297e-05
2.133e-05
2.1363e-05
2.1396e-05
2.1429e-05
2.1462e-05
2.1495e-05
2.1529e-05
2.1562e-05
2.1595e-05
2.1628e-05
2.1661e-05
2.1694e-05
2.1727e-05
2.1761e-05
2.1794e-05
2.1827e-05
2.186e-05
2.1893e-05
2.1926e-05
2.1959e-05
2.1993e-05
2.2026e-05
2.2059e-05
2.2092e-05
2.2125e-05
2.2158e-05
2.2191e-05
2.2225e-05
2.2258e-05
2.2291e-05
2.2324e-05
2.2357e-05
2.239e-05
2.2424e-05
2.2457e-05
2.249e-05
2.2523e-05
2.2556e-05
2.2589e-05
2.2622e-05
2.2656e-05
2.2689e-05
2.2722e-05
2.2755e-05
2.2788e-05
2.2821e-05
2.2854e-05
2.2888e-05
2.2921e-05
2.2954e-05
2.2987e-05
2.302e-05
2.3053e-05
2.3086e-05
2.312e-05
2.3153e-05
2.3186e-05
2.3219e-05
2.3252e-05
2.3285e-05
2.3318e-05
2.3352e-05
2.3385e-05
2.3418e-05
2.3451e-05
2.3484e-05
2.3517e-05
2.355e-05
2.3584e-05
2.3617e-05
2.365e-05
2.3683e-05
2.3716e-05
2.3749e-05
2.3783e-05
2.3816e-05
2.3849e-05
2.3882e-05
2.3915e-05
2.3948e-05
2.3981e-05
2.4015e-05
2.4048e-05
2.4081e-05
2.4114e-05
2.4147e-05
2.418e-05
2.4213e-05
2.4247e-05
2.428e-05
2.4313e-05
2.4346e-05
2.4379e-05
2.4412e-05
2.4445e-05
2.4479e-05
2.4512e-05
2.4545e-05
2.4578e-05
2.4611e-05
2.4644e-05
2.4677e-05
2.4711e-05
2.4744e-05
2.4777e-05
2.481e-05
2.4843e-05
2.4876e-05
2.4909e-05
2.4943e-05
2.4976e-05
2.5009e-05
2.5042e-05
2.5075e-05
2.5108e-05
2.5142e-05
2.5175e-05
2.5208e-05
2.5241e-05
2.5274e-05
2.5307e-05
2.534e-05
2.5374e-05
2.5407e-05
2.544e-05
2.5473e-05
2.5506e-05
2.5539e-05
2.5572e-05
2.5606e-05
2.5639e-05
2.5672e-05
2.5705e-05
2.5738e-05
2.5771e-05
2.5804e-05
2.5838e-05
2.5871e-05
2.5904e-05
2.5937e-05
2.597e-05
2.6003e-05
2.6036e-05
2.607e-05
2.6103e-05
2.6136e-05
2.6169e-05
2.6202e-05
2.6235e-05
2.6268e-05
2.6302e-05
2.6335e-05
2.6368e-05
2.6401e-05
2.6434e-05
2.6467e-05
2.6501e-05
2.6534e-05
2.6567e-05
2.66e-05
2.6633e-05
2.6666e-05
2.6699e-05
2.6733e-05
2.6766e-05
2.6799e-05
2.6832e-05
2.6865e-05
2.6898e-05
2.6931e-05
2.6965e-05
2.6998e-05
2.7031e-05
2.7064e-05
2.7097e-05
2.713e-05
2.7163e-05
2.7197e-05
2.723e-05
2.7263e-05
2.7296e-05
2.7329e-05
2.7362e-05
2.7395e-05
2.7429e-05
2.7462e-05
2.7495e-05
2.7528e-05
2.7561e-05
2.7594e-05
2.7627e-05
2.7661e-05
2.7694e-05
2.7727e-05
2.776e-05
2.7793e-05
2.7826e-05
2.786e-05
2.7893e-05
2.7926e-05
2.7959e-05
2.7992e-05
2.8025e-05
2.8058e-05
2.8092e-05
2.8125e-05
2.8158e-05
2.8191e-05
2.8224e-05
2.8257e-05
2.829e-05
2.8324e-05
2.8357e-05
2.839e-05
2.8423e-05
2.8456e-05
2.8489e-05
2.8522e-05
2.8556e-05
2.8589e-05
2.8622e-05
2.8655e-05
2.8688e-05
2.8721e-05
2.8754e-05
2.8788e-05
2.8821e-05
2.8854e-05
2.8887e-05
2.892e-05
2.8953e-05
2.8986e-05
2.902e-05
2.9053e-05
2.9086e-05
2.9119e-05
2.9152e-05
2.9185e-05
2.9219e-05
2.9252e-05
2.9285e-05
2.9318e-05
2.9351e-05
2.9384e-05
2.9417e-05
2.9451e-05
2.9484e-05
2.9517e-05
2.955e-05
2.9583e-05
2.9616e-05
2.9649e-05
2.9683e-05
2.9716e-05
2.9749e-05
2.9782e-05
2.9815e-05
2.9848e-05
2.9881e-05
2.9915e-05
2.9948e-05
2.9981e-05
3.0014e-05
3.0047e-05
3.008e-05
3.0113e-05
3.0147e-05
3.018e-05
3.0213e-05
3.0246e-05
3.0279e-05
3.0312e-05
3.0345e-05
3.0379e-05
3.0412e-05
3.0445e-05
3.0478e-05
3.0511e-05
3.0544e-05
3.0578e-05
3.0611e-05
3.0644e-05
3.0677e-05
3.071e-05
3.0743e-05
3.0776e-05
3.081e-05
3.0843e-05
3.0876e-05
3.0909e-05
3.0942e-05
3.0975e-05
3.1008e-05
3.1042e-05
3.1075e-05
3.1108e-05
3.1141e-05
3.1174e-05
3.1207e-05
3.124e-05
3.1274e-05
3.1307e-05
3.134e-05
3.1373e-05
3.1406e-05
3.1439e-05
3.1472e-05
3.1506e-05
3.1539e-05
3.1572e-05
3.1605e-05
3.1638e-05
3.1671e-05
3.1704e-05
3.1738e-05
3.1771e-05
3.1804e-05
3.1837e-05
3.187e-05
3.1903e-05
3.1937e-05
3.197e-05
3.2003e-05
3.2036e-05
3.2069e-05
3.2102e-05
3.2135e-05
3.2169e-05
3.2202e-05
3.2235e-05
3.2268e-05
3.2301e-05
3.2334e-05
3.2367e-05
3.2401e-05
3.2434e-05
3.2467e-05
3.25e-05
3.2533e-05
3.2566e-05
3.2599e-05
3.2633e-05
3.2666e-05
3.2699e-05
3.2732e-05
3.2765e-05
3.2798e-05
3.2831e-05
3.2865e-05
3.2898e-05
3.2931e-05
3.2964e-05
3.2997e-05
3.303e-05
3.3063e-05
3.3097e-05
3.313e-05
3.3163e-05
3.3196e-05
3.3229e-05
3.3262e-05
3.3296e-05
3.3329e-05
3.3362e-05
3.3395e-05
3.3428e-05
3.3461e-05
3.3494e-05
3.3528e-05
3.3561e-05
3.3594e-05
3.3627e-05
3.366e-05
3.3693e-05
3.3726e-05
3.376e-05
3.3793e-05
3.3826e-05
3.3859e-05
3.3892e-05
3.3925e-05
3.3958e-05
3.3992e-05
3.4025e-05
3.4058e-05
3.4091e-05
3.4124e-05
3.4157e-05
3.419e-05
3.4224e-05
3.4257e-05
3.429e-05
3.4323e-05
3.4356e-05
3.4389e-05
3.4422e-05
3.4456e-05
3.4489e-05
3.4522e-05
3.4555e-05
3.4588e-05
3.4621e-05
3.4655e-05
3.4688e-05
3.4721e-05
3.4754e-05
3.4787e-05
3.482e-05
3.4853e-05
3.4887e-05
3.492e-05
3.4953e-05
3.4986e-05
3.5019e-05
3.5052e-05
3.5085e-05
3.5119e-05
3.5152e-05
3.5185e-05
3.5218e-05
3.5251e-05
3.5284e-05
3.5317e-05
3.5351e-05
3.5384e-05
3.5417e-05
3.545e-05
3.5483e-05
3.5516e-05
3.5549e-05
3.5583e-05
3.5616e-05
3.5649e-05
3.5682e-05
3.5715e-05
3.5748e-05
3.5781e-05
3.5815e-05
3.5848e-05
3.5881e-05
3.5914e-05
3.5947e-05
3.598e-05
3.6014e-05
3.6047e-05
3.608e-05
3.6113e-05
3.6146e-05
3.6179e-05
3.6212e-05
3.6246e-05
3.6279e-05
3.6312e-05
3.6345e-05
3.6378e-05
3.6411e-05
3.6444e-05
3.6478e-05
3.6511e-05
3.6544e-05
3.6577e-05
3.661e-05
3.6643e-05
3.6676e-05
3.671e-05
3.6743e-05
3.6776e-05
3.6809e-05
3.6842e-05
3.6875e-05
3.6908e-05
3.6942e-05
3.6975e-05
3.7008e-05
3.7041e-05
3.7074e-05
3.7107e-05
3.714e-05
3.7174e-05
3.7207e-05
3.724e-05
3.7273e-05
3.7306e-05
3.7339e-05
3.7373e-05
3.7406e-05
3.7439e-05
3.7472e-05
3.7505e-05
3.7538e-05
3.7571e-05
3.7605e-05
3.7638e-05
3.7671e-05
3.7704e-05
3.7737e-05
3.777e-05
3.7803e-05
3.7837e-05
3.787e-05
3.7903e-05
3.7936e-05
3.7969e-05
3.8002e-05
3.8035e-05
3.8069e-05
3.8102e-05
3.8135e-05
3.8168e-05
3.8201e-05
3.8234e-05
3.8267e-05
3.8301e-05
3.8334e-05
3.8367e-05
3.84e-05
3.8433e-05
3.8466e-05
3.8499e-05
3.8533e-05
3.8566e-05
3.8599e-05
3.8632e-05
3.8665e-05
3.8698e-05
3.8732e-05
3.8765e-05
3.8798e-05
3.8831e-05
3.8864e-05
3.8897e-05
3.893e-05
3.8964e-05
3.8997e-05
3.903e-05
3.9063e-05
3.9096e-05
3.9129e-05
3.9162e-05
3.9196e-05
3.9229e-05
3.9262e-05
3.9295e-05
3.9328e-05
3.9361e-05
3.9394e-05
3.9428e-05
3.9461e-05
3.9494e-05
3.9527e-05
3.956e-05
3.9593e-05
3.9626e-05
3.966e-05
3.9693e-05
3.9726e-05
3.9759e-05
3.9792e-05
3.9825e-05
3.9858e-05
3.9892e-05
3.9925e-05
3.9958e-05
3.9991e-05
4.0024e-05
4.0057e-05
4.0091e-05
4.0124e-05
4.0157e-05
4.019e-05
4.0223e-05
4.0256e-05
4.0289e-05
4.0323e-05
4.0356e-05
4.0389e-05
4.0422e-05
4.0455e-05
4.0488e-05
4.0521e-05
4.0555e-05
4.0588e-05
4.0621e-05
4.0654e-05
4.0687e-05
4.072e-05
4.0753e-05
4.0787e-05
4.082e-05
4.0853e-05
4.0886e-05
4.0919e-05
4.0952e-05
4.0985e-05
4.1019e-05
4.1052e-05
4.1085e-05
4.1118e-05
4.1151e-05
4.1184e-05
4.1217e-05
4.1251e-05
4.1284e-05
4.1317e-05
4.135e-05
4.1383e-05
4.1416e-05
4.145e-05
4.1483e-05
4.1516e-05
4.1549e-05
4.1582e-05
4.1615e-05
4.1648e-05
4.1682e-05
4.1715e-05
4.1748e-05
4.1781e-05
4.1814e-05
4.1847e-05
4.188e-05
4.1914e-05
4.1947e-05
4.198e-05
4.2013e-05
4.2046e-05
4.2079e-05
4.2112e-05
4.2146e-05
4.2179e-05
4.2212e-05
4.2245e-05
4.2278e-05
4.2311e-05
4.2344e-05
4.2378e-05
4.2411e-05
4.2444e-05
4.2477e-05
4.251e-05
4.2543e-05
4.2576e-05
4.261e-05
4.2643e-05
4.2676e-05
4.2709e-05
4.2742e-05
4.2775e-05
4.2809e-05
4.2842e-05
4.2875e-05
4.2908e-05
4.2941e-05
4.2974e-05
4.3007e-05
4.3041e-05
4.3074e-05
4.3107e-05
4.314e-05
4.3173e-05
4.3206e-05
4.3239e-05
4.3273e-05
4.3306e-05
4.3339e-05
4.3372e-05
4.3405e-05
4.3438e-05
4.3471e-05
4.3505e-05
4.3538e-05
4.3571e-05
4.3604e-05
4.3637e-05
4.367e-05
4.3703e-05
4.3737e-05
4.377e-05
4.3803e-05
4.3836e-05
4.3869e-05
4.3902e-05
4.3935e-05
4.3969e-05
4.4002e-05
4.4035e-05
4.4068e-05
4.4101e-05
4.4134e-05
4.4168e-05
4.4201e-05
4.4234e-05
4.4267e-05
4.43e-05
4.4333e-05
4.4366e-05
4.44e-05
4.4433e-05
4.4466e-05
4.4499e-05
4.4532e-05
4.4565e-05
4.4598e-05
4.4632e-05
4.4665e-05
4.4698e-05
4.4731e-05
4.4764e-05
4.4797e-05
4.483e-05
4.4864e-05
4.4897e-05
4.493e-05
4.4963e-05
4.4996e-05
4.5029e-05
4.5062e-05
4.5096e-05
4.5129e-05
4.5162e-05
4.5195e-05
4.5228e-05
4.5261e-05
4.5294e-05
4.5328e-05
4.5361e-05
4.5394e-05
4.5427e-05
4.546e-05
4.5493e-05
4.5526e-05
4.556e-05
4.5593e-05
4.5626e-05
4.5659e-05
4.5692e-05
4.5725e-05
4.5758e-05
4.5792e-05
4.5825e-05
4.5858e-05
4.5891e-05
4.5924e-05
4.5957e-05
4.599e-05
4.6024e-05
4.6057e-05
4.609e-05
4.6123e-05
4.6156e-05
4.6189e-05
4.6222e-05
4.6255e-05
4.6288e-05
4.6322e-05
4.6355e-05
4.6388e-05
4.6421e-05
4.6454e-05
4.6487e-05
4.652e-05
4.6553e-05
4.6586e-05
4.6619e-05
4.6652e-05
4.6685e-05
4.6718e-05
4.6751e-05
4.6784e-05
4.6817e-05
4.685e-05
4.6883e-05
4.6916e-05
4.6949e-05
4.6982e-05
4.7015e-05
4.7048e-05
4.7081e-05
4.7113e-05
4.7146e-05
4.7179e-05
4.7212e-05
4.7244e-05
4.7277e-05
4.731e-05
4.7342e-05
4.7375e-05
4.7407e-05
4.7439e-05
4.7472e-05
4.7504e-05
4.7536e-05
4.7568e-05
4.76e-05
4.7632e-05
4.7664e-05
4.7696e-05
4.7728e-05
4.7759e-05
4.7791e-05
4.7822e-05
4.7853e-05
4.7884e-05
4.7915e-05
4.7945e-05
4.7976e-05
4.8006e-05
4.8036e-05
4.8066e-05
4.8096e-05
4.8125e-05
4.8154e-05
4.8183e-05
4.8211e-05
4.824e-05
4.8267e-05
4.8295e-05
4.8322e-05
4.8349e-05
4.8375e-05
4.8401e-05
4.8426e-05
4.8451e-05
4.8475e-05
4.8499e-05
4.8522e-05
4.8544e-05
4.8566e-05
4.8587e-05
4.8608e-05
4.8627e-05
4.8646e-05
4.8663e-05
4.8681e-05
4.8696e-05
4.8712e-05
4.8725e-05
4.8738e-05
4.8749e-05
4.876e-05
4.8768e-05
4.8777e-05
4.8782e-05
4.8787e-05
4.8789e-05
4.8792e-05
4.879e-05
4.8789e-05
4.8784e-05
4.8778e-05
4.877e-05
4.8759e-05
4.8748e-05
4.8731e-05
4.8716e-05
4.8693e-05
4.8674e-05
4.8644e-05
4.8621e-05
4.8583e-05
4.8556e-05
4.851e-05
4.8477e-05
4.8423e-05
4.8385e-05
4.8321e-05
4.8278e-05
4.8203e-05
4.8154e-05
4.8069e-05
4.8012e-05
4.7916e-05
4.7851e-05
4.7745e-05
4.767e-05
4.7552e-05
4.7468e-05
4.7337e-05
4.7242e-05
4.7099e-05
4.6991e-05
4.6836e-05
4.6714e-05
4.6546e-05
4.6408e-05
4.6229e-05
4.6074e-05
4.5881e-05
4.5708e-05
4.5502e-05
4.5309e-05
4.5089e-05
4.4875e-05
4.4642e-05
4.4405e-05
4.4157e-05
4.3897e-05
4.3634e-05
4.3348e-05
4.3069e-05
4.2758e-05
4.2462e-05
4.2123e-05
4.181e-05
4.1443e-05
4.1111e-05
4.0716e-05
4.0363e-05
3.9938e-05
3.9564e-05
3.911e-05
3.8712e-05
3.8227e-05
3.7805e-05
3.729e-05
3.6841e-05
3.6294e-05
3.5818e-05
3.524e-05
3.4734e-05
3.4124e-05
3.3587e-05
3.2944e-05
3.2374e-05
3.1699e-05
3.1095e-05
3.0387e-05
2.9747e-05
2.9005e-05
2.8328e-05
2.7552e-05
2.6836e-05
2.6025e-05
2.527e-05
2.4424e-05
2.3627e-05
2.2745e-05
2.1906e-05
2.0987e-05
2.0105e-05
1.9148e-05
1.8222e-05
1.7227e-05
1.6256e-05
1.5221e-05
1.4204e-05
1.3129e-05
1.2065e-05
1.0948e-05
9.8365e-06
8.6781e-06
7.5177e-06
6.3163e-06
5.1065e-06
3.8613e-06
2.6012e-06
1.3112e-06
