-0.00054331
-0.00059365
-0.00060062
-0.00060072
-0.00059952
-0.00059808
-0.00059657
-0.00059506
-0.00059354
-0.00059203
-0.00059051
-0.00058899
-0.00058747
-0.00058596
-0.00058444
-0.00058292
-0.00058141
-0.00057989
-0.00057837
-0.00057686
-0.00057534
-0.00057382
-0.0005723
-0.00057079
-0.00056927
-0.00056775
-0.00056624
-0.00056472
-0.0005632
-0.00056168
-0.00056017
-0.00055865
-0.00055713
-0.00055562
-0.0005541
-0.00055258
-0.00055106
-0.00054955
-0.00054803
-0.00054651
-0.000545
-0.00054348
-0.00054196
-0.00054044
-0.00053893
-0.00053741
-0.00053589
-0.00053438
-0.00053286
-0.00053134
-0.00052983
-0.00052831
-0.00052679
-0.00052527
-0.00052376
-0.00052224
-0.00052072
-0.00051921
-0.00051769
-0.00051617
-0.00051465
-0.00051314
-0.00051162
-0.0005101
-0.00050859
-0.00050707
-0.00050555
-0.00050403
-0.00050252
-0.000501
-0.00049948
-0.00049797
-0.00049645
-0.00049493
-0.00049341
-0.0004919
-0.00049038
-0.00048886
-0.00048735
-0.00048583
-0.00048431
-0.0004828
-0.00048128
-0.00047976
-0.00047824
-0.00047673
-0.00047521
-0.00047369
-0.00047218
-0.00047066
-0.00046914
-0.00046762
-0.00046611
-0.00046459
-0.00046307
-0.00046156
-0.00046004
-0.00045852
-0.000457
-0.00045549
-0.00045397
-0.00045245
-0.00045094
-0.00044942
-0.0004479
-0.00044638
-0.00044487
-0.00044335
-0.00044183
-0.00044032
-0.0004388
-0.00043728
-0.00043576
-0.00043425
-0.00043273
-0.00043121
-0.0004297
-0.00042818
-0.00042666
-0.00042515
-0.00042363
-0.00042211
-0.00042059
-0.00041908
-0.00041756
-0.00041604
-0.00041453
-0.00041301
-0.00041149
-0.00040997
-0.00040846
-0.00040694
-0.00040542
-0.00040391
-0.00040239
-0.00040087
-0.00039935
-0.00039784
-0.00039632
-0.0003948
-0.00039329
-0.00039177
-0.00039025
-0.00038873
-0.00038722
-0.0003857
-0.00038418
-0.00038267
-0.00038115
-0.00037963
-0.00037812
-0.0003766
-0.00037508
-0.00037356
-0.00037205
-0.00037053
-0.00036901
-0.0003675
-0.00036598
-0.00036446
-0.00036294
-0.00036143
-0.00035991
-0.00035839
-0.00035688
-0.00035536
-0.00035384
-0.00035232
-0.00035081
-0.00034929
-0.00034777
-0.00034626
-0.00034474
-0.00034322
-0.0003417
-0.00034019
-0.00033867
-0.00033715
-0.00033564
-0.00033412
-0.0003326
-0.00033108
-0.00032957
-0.00032805
-0.00032653
-0.00032502
-0.0003235
-0.00032198
-0.00032047
-0.00031895
-0.00031743
-0.00031591
-0.0003144
-0.00031288
-0.00031136
-0.00030985
-0.00030833
-0.00030681
-0.00030529
-0.00030378
-0.00030226
-0.00030074
-0.00029923
-0.00029771
-0.00029619
-0.00029467
-0.00029316
-0.00029164
-0.00029012
-0.00028861
-0.00028709
-0.00028557
-0.00028405
-0.00028254
-0.00028102
-0.0002795
-0.00027799
-0.00027647
-0.00027495
-0.00027344
-0.00027192
-0.0002704
-0.00026888
-0.00026737
-0.00026585
-0.00026433
-0.00026282
-0.0002613
-0.00025978
-0.00025826
-0.00025675
-0.00025523
-0.00025371
-0.0002522
-0.00025068
-0.00024916
-0.00024764
-0.00024613
-0.00024461
-0.00024309
-0.00024158
-0.00024006
-0.00023854
-0.00023702
-0.00023551
-0.00023399
-0.00023247
-0.00023096
-0.00022944
-0.00022792
-0.00022641
-0.00022489
-0.00022337
-0.00022185
-0.00022034
-0.00021882
-0.0002173
-0.00021579
-0.00021427
-0.00021275
-0.00021123
-0.00020972
-0.0002082
-0.00020668
-0.00020517
-0.00020365
-0.00020213
-0.00020061
-0.0001991
-0.00019758
-0.00019606
-0.00019455
-0.00019303
-0.00019151
-0.00018999
-0.00018848
-0.00018696
-0.00018544
-0.00018393
-0.00018241
-0.00018089
-0.00017937
-0.00017786
-0.00017634
-0.00017482
-0.00017331
-0.00017179
-0.00017027
-0.00016876
-0.00016724
-0.00016572
-0.0001642
-0.00016269
-0.00016117
-0.00015965
-0.00015814
-0.00015662
-0.0001551
-0.00015358
-0.00015207
-0.00015055
-0.00014903
-0.00014752
-0.000146
-0.00014448
-0.00014296
-0.00014145
-0.00013993
-0.00013841
-0.0001369
-0.00013538
-0.00013386
-0.00013234
-0.00013083
-0.00012931
-0.00012779
-0.00012628
-0.00012476
-0.00012324
-0.00012173
-0.00012021
-0.00011869
-0.00011717
-0.00011566
-0.00011414
-0.00011262
-0.00011111
-0.00010959
-0.00010807
-0.00010655
-0.00010504
-0.00010352
-0.000102
-0.00010049
-9.8969e-05
-9.7451e-05
-9.5934e-05
-9.4417e-05
-9.29e-05
-9.1383e-05
-8.9866e-05
-8.8349e-05
-8.6832e-05
-8.5315e-05
-8.3798e-05
-8.228e-05
-8.0763e-05
-7.9246e-05
-7.7729e-05
-7.6212e-05
-7.4695e-05
-7.3178e-05
-7.1661e-05
-7.0144e-05
-6.8627e-05
-6.7109e-05
-6.5592e-05
-6.4075e-05
-6.2558e-05
-6.1041e-05
-5.9524e-05
-5.8007e-05
-5.649e-05
-5.4973e-05
-5.3456e-05
-5.1938e-05
-5.0421e-05
-4.8904e-05
-4.7387e-05
-4.587e-05
-4.4353e-05
-4.2836e-05
-4.1319e-05
-3.9802e-05
-3.8285e-05
-3.6767e-05
-3.525e-05
-3.3733e-05
-3.2216e-05
-3.0699e-05
-2.9182e-05
-2.7665e-05
-2.6148e-05
-2.4631e-05
-2.3114e-05
-2.1596e-05
-2.0079e-05
-1.8562e-05
-1.7045e-05
-1.5528e-05
-1.4011e-05
-1.2494e-05
-1.0977e-05
-9.4596e-06
-7.9425e-06
-6.4254e-06
-4.9083e-06
-3.3912e-06
-1.8741e-06
-3.5702e-07
1.1601e-06
2.6772e-06
4.1943e-06
5.7114e-06
7.2285e-06
8.7456e-06
1.0263e-05
1.178e-05
1.3297e-05
1.4814e-05
1.6331e-05
1.7848e-05
1.9365e-05
2.0882e-05
2.2399e-05
2.3917e-05
2.5434e-05
2.6951e-05
2.8468e-05
2.9985e-05
3.1502e-05
3.3019e-05
3.4536e-05
3.6053e-05
3.757e-05
3.9088e-05
4.0605e-05
4.2122e-05
4.3639e-05
4.5156e-05
4.6673e-05
4.819e-05
4.9707e-05
5.1224e-05
5.2741e-05
5.4259e-05
5.5776e-05
5.7293e-05
5.881e-05
6.0327e-05
6.1844e-05
6.3361e-05
6.4878e-05
6.6395e-05
6.7913e-05
6.943e-05
7.0947e-05
7.2464e-05
7.3981e-05
7.5498e-05
7.7015e-05
7.8532e-05
8.0049e-05
8.1566e-05
8.3084e-05
8.4601e-05
8.6118e-05
8.7635e-05
8.9152e-05
9.0669e-05
9.2186e-05
9.3703e-05
9.522e-05
9.6737e-05
9.8255e-05
9.9772e-05
0.00010129
0.00010281
0.00010432
0.00010584
0.00010736
0.00010887
0.00011039
0.00011191
0.00011343
0.00011494
0.00011646
0.00011798
0.00011949
0.00012101
0.00012253
0.00012405
0.00012556
0.00012708
0.0001286
0.00013011
0.00013163
0.00013315
0.00013466
0.00013618
0.0001377
0.00013922
0.00014073
0.00014225
0.00014377
0.00014528
0.0001468
0.00014832
0.00014984
0.00015135
0.00015287
0.00015439
0.0001559
0.00015742
0.00015894
0.00016046
0.00016197
0.00016349
0.00016501
0.00016652
0.00016804
0.00016956
0.00017108
0.00017259
0.00017411
0.00017563
0.00017714
0.00017866
0.00018018
0.0001817
0.00018321
0.00018473
0.00018625
0.00018776
0.00018928
0.0001908
0.00019231
0.00019383
0.00019535
0.00019687
0.00019838
0.0001999
0.00020142
0.00020293
0.00020445
0.00020597
0.00020749
0.000209
0.00021052
0.00021204
0.00021355
0.00021507
0.00021659
0.00021811
0.00021962
0.00022114
0.00022266
0.00022417
0.00022569
0.00022721
0.00022873
0.00023024
0.00023176
0.00023328
0.00023479
0.00023631
0.00023783
0.00023934
0.00024086
0.00024238
0.0002439
0.00024541
0.00024693
0.00024845
0.00024996
0.00025148
0.000253
0.00025452
0.00025603
0.00025755
0.00025907
0.00026058
0.0002621
0.00026362
0.00026514
0.00026665
0.00026817
0.00026969
0.0002712
0.00027272
0.00027424
0.00027576
0.00027727
0.00027879
0.00028031
0.00028182
0.00028334
0.00028486
0.00028637
0.00028789
0.00028941
0.00029093
0.00029244
0.00029396
0.00029548
0.00029699
0.00029851
0.00030003
0.00030155
0.00030306
0.00030458
0.0003061
0.00030761
0.00030913
0.00031065
0.00031217
0.00031368
0.0003152
0.00031672
0.00031823
0.00031975
0.00032127
0.00032279
0.0003243
0.00032582
0.00032734
0.00032885
0.00033037
0.00033189
0.00033341
0.00033492
0.00033644
0.00033796
0.00033947
0.00034099
0.00034251
0.00034402
0.00034554
0.00034706
0.00034858
0.00035009
0.00035161
0.00035313
0.00035464
0.00035616
0.00035768
0.0003592
0.00036071
0.00036223
0.00036375
0.00036526
0.00036678
0.0003683
0.00036982
0.00037133
0.00037285
0.00037437
0.00037588
0.0003774
0.00037892
0.00038044
0.00038195
0.00038347
0.00038499
0.0003865
0.00038802
0.00038954
0.00039105
0.00039257
0.00039409
0.00039561
0.00039712
0.00039864
0.00040016
0.00040167
0.00040319
0.00040471
0.00040623
0.00040774
0.00040926
0.00041078
0.00041229
0.00041381
0.00041533
0.00041685
0.00041836
0.00041988
0.0004214
0.00042291
0.00042443
0.00042595
0.00042747
0.00042898
0.0004305
0.00043202
0.00043353
0.00043505
0.00043657
0.00043808
0.0004396
0.00044112
0.00044264
0.00044415
0.00044567
0.00044719
0.0004487
0.00045022
0.00045174
0.00045326
0.00045477
0.00045629
0.00045781
0.00045932
0.00046084
0.00046235
0.00046387
0.00046539
0.0004669
0.00046842
0.00046993
0.00047145
0.00047296
0.00047447
0.00047598
0.0004775
0.000479
0.00048051
0.00048202
0.00048352
0.00048502
0.00048652
0.00048802
0.00048951
0.00049099
0.00049247
0.00049395
0.00049541
0.00049687
0.00049831
0.00049975
0.00050117
0.00050257
0.00050396
0.00050533
0.00050667
0.00050799
0.00050928
0.00051053
0.00051175
0.00051292
0.00051404
0.00051512
0.00051613
0.00051707
0.00051795
0.00051874
0.00051944
0.00052004
0.00052054
0.00052091
0.00052115
0.00052125
0.0005212
0.00052097
0.00052056
0.00051996
0.00051914
0.00051809
0.00051679
0.00051524
0.00051339
0.00051126
0.00050877
0.00050599
0.00050279
0.00049929
0.00049528
0.00049099
0.00048608
0.00048093
0.00047501
0.00046893
0.0004619
0.00045485
0.0004466
0.00043853
0.00042895
0.00041982
0.00040881
0.00039857
0.00038606
0.00037466
0.00036058
0.00034798
0.00033229
0.00031843
0.00030113
0.00028591
0.00026705
0.00025037
0.00023001
0.00021177
0.00018999
0.00017008
0.00014698
0.0001253
0.00010097
7.7461e-05
5.1979e-05
2.6574e-05
