-7.4994e-05
-0.00014326
-0.00020737
-0.00026351
-0.00031782
-0.00036259
-0.00040814
-0.00044251
-0.00048007
-0.00050541
-0.00053534
-0.00055344
-0.00057585
-0.00058858
-0.00060366
-0.00061258
-0.00062097
-0.00062699
-0.00062992
-0.00063328
-0.00063233
-0.00063298
-0.00062963
-0.00062761
-0.00062288
-0.00061859
-0.00061295
-0.00060701
-0.00060061
-0.00059365
-0.00058657
-0.00057904
-0.00057141
-0.00056353
-0.00055554
-0.00054743
-0.00053922
-0.00053094
-0.00052261
-0.00051423
-0.00050582
-0.00049739
-0.00048893
-0.00048046
-0.00047198
-0.0004635
-0.00045501
-0.00044651
-0.00043801
-0.00042951
-0.00042101
-0.00041251
-0.000404
-0.0003955
-0.00038699
-0.00037849
-0.00036998
-0.00036148
-0.00035297
-0.00034447
-0.00033596
-0.00032746
-0.00031895
-0.00031044
-0.00030194
-0.00029343
-0.00028493
-0.00027642
-0.00026792
-0.00025941
-0.00025091
-0.0002424
-0.0002339
-0.00022539
-0.00021689
-0.00020838
-0.00019988
-0.00019137
-0.00018286
-0.00017436
-0.00016585
-0.00015735
-0.00014884
-0.00014034
-0.00013183
-0.00012333
-0.00011482
-0.00010632
-9.7811e-05
-8.9306e-05
-8.0801e-05
-7.2295e-05
-6.379e-05
-5.5285e-05
-4.6779e-05
-3.8274e-05
-2.9769e-05
-2.1263e-05
-1.2758e-05
-4.2527e-06
4.2527e-06
1.2758e-05
2.1263e-05
2.9769e-05
3.8274e-05
4.6779e-05
5.5285e-05
6.379e-05
7.2295e-05
8.0801e-05
8.9306e-05
9.7811e-05
0.00010632
0.00011482
0.00012333
0.00013183
0.00014034
0.00014884
0.00015735
0.00016585
0.00017436
0.00018286
0.00019137
0.00019988
0.00020838
0.00021689
0.00022539
0.0002339
0.0002424
0.00025091
0.00025941
0.00026792
0.00027642
0.00028493
0.00029343
0.00030194
0.00031044
0.00031895
0.00032746
0.00033596
0.00034447
0.00035297
0.00036148
0.00036998
0.00037849
0.00038699
0.0003955
0.000404
0.00041251
0.00042101
0.00042951
0.00043801
0.00044651
0.00045501
0.0004635
0.00047198
0.00048046
0.00048893
0.00049739
0.00050582
0.00051423
0.00052261
0.00053094
0.00053922
0.00054743
0.00055554
0.00056353
0.00057141
0.00057904
0.00058657
0.00059365
0.00060061
0.00060701
0.00061295
0.00061859
0.00062288
0.00062761
0.00062963
0.00063298
0.00063233
0.00063328
0.00062992
0.00062699
0.00062097
0.00061258
0.00060366
0.00058858
0.00057585
0.00055344
0.00053534
0.00050541
0.00048007
0.00044251
0.00040814
0.00036259
0.00031782
0.00026351
0.00020737
0.00014326
7.4994e-05
