-0.00018747
-0.00035823
-0.00049441
-0.00062798
-0.00072048
-0.00081849
-0.00087804
-0.00094013
-0.00097822
-0.0010063
-0.0010297
-0.0010319
-0.0010409
-0.0010291
-0.0010227
-0.0010049
-0.00098639
-0.00096475
-0.00093984
-0.00091434
-0.00088685
-0.00085866
-0.00082983
-0.00080043
-0.00077076
-0.00074087
-0.00071082
-0.00068069
-0.00065051
-0.00062029
-0.00059005
-0.0005598
-0.00052955
-0.00049929
-0.00046903
-0.00043877
-0.00040851
-0.00037825
-0.00034799
-0.00031773
-0.00028747
-0.00025721
-0.00022695
-0.00019669
-0.00016643
-0.00013617
-0.00010591
-7.5651e-05
-4.539e-05
-1.513e-05
1.513e-05
4.539e-05
7.5651e-05
0.00010591
0.00013617
0.00016643
0.00019669
0.00022695
0.00025721
0.00028747
0.00031773
0.00034799
0.00037825
0.00040851
0.00043877
0.00046903
0.00049929
0.00052955
0.0005598
0.00059005
0.00062029
0.00065051
0.00068069
0.00071082
0.00074087
0.00077076
0.00080043
0.00082983
0.00085866
0.00088685
0.00091434
0.00093984
0.00096475
0.00098639
0.0010049
0.0010227
0.0010291
0.0010409
0.0010319
0.0010297
0.0010063
0.00097822
0.00094013
0.00087804
0.00081849
0.00072048
0.00062798
0.00049441
0.00035823
0.00018747
