-2.6889e-05
-5.2506e-05
-7.6173e-05
-9.904e-05
-0.00011975
-0.00013987
-0.00015794
-0.00017528
-0.00019107
-0.00020561
-0.00021946
-0.00023124
-0.00024341
-0.00025259
-0.00026323
-0.0002701
-0.00027924
-0.00028421
-0.0002918
-0.00029532
-0.0003013
-0.00030379
-0.00030816
-0.00030995
-0.00031279
-0.00031408
-0.00031562
-0.00031647
-0.00031697
-0.00031738
-0.00031715
-0.00031709
-0.00031638
-0.00031586
-0.00031484
-0.00031391
-0.00031268
-0.00031144
-0.00031004
-0.00030856
-0.00030703
-0.0003054
-0.00030375
-0.00030202
-0.00030028
-0.00029849
-0.00029667
-0.00029484
-0.00029298
-0.00029111
-0.00028922
-0.00028733
-0.00028543
-0.00028352
-0.0002816
-0.00027968
-0.00027776
-0.00027583
-0.0002739
-0.00027197
-0.00027004
-0.00026811
-0.00026617
-0.00026424
-0.00026231
-0.00026037
-0.00025844
-0.0002565
-0.00025457
-0.00025263
-0.00025069
-0.00024876
-0.00024682
-0.00024489
-0.00024295
-0.00024102
-0.00023908
-0.00023714
-0.00023521
-0.00023327
-0.00023134
-0.0002294
-0.00022746
-0.00022553
-0.00022359
-0.00022166
-0.00021972
-0.00021779
-0.00021585
-0.00021391
-0.00021198
-0.00021004
-0.00020811
-0.00020617
-0.00020423
-0.0002023
-0.00020036
-0.00019843
-0.00019649
-0.00019455
-0.00019262
-0.00019068
-0.00018875
-0.00018681
-0.00018488
-0.00018294
-0.000181
-0.00017907
-0.00017713
-0.0001752
-0.00017326
-0.00017132
-0.00016939
-0.00016745
-0.00016552
-0.00016358
-0.00016165
-0.00015971
-0.00015777
-0.00015584
-0.0001539
-0.00015197
-0.00015003
-0.00014809
-0.00014616
-0.00014422
-0.00014229
-0.00014035
-0.00013841
-0.00013648
-0.00013454
-0.00013261
-0.00013067
-0.00012874
-0.0001268
-0.00012486
-0.00012293
-0.00012099
-0.00011906
-0.00011712
-0.00011518
-0.00011325
-0.00011131
-0.00010938
-0.00010744
-0.0001055
-0.00010357
-0.00010163
-9.9697e-05
-9.7761e-05
-9.5826e-05
-9.389e-05
-9.1954e-05
-9.0018e-05
-8.8082e-05
-8.6146e-05
-8.421e-05
-8.2275e-05
-8.0339e-05
-7.8403e-05
-7.6467e-05
-7.4531e-05
-7.2595e-05
-7.0659e-05
-6.8723e-05
-6.6788e-05
-6.4852e-05
-6.2916e-05
-6.098e-05
-5.9044e-05
-5.7108e-05
-5.5172e-05
-5.3236e-05
-5.1301e-05
-4.9365e-05
-4.7429e-05
-4.5493e-05
-4.3557e-05
-4.1621e-05
-3.9685e-05
-3.7749e-05
-3.5814e-05
-3.3878e-05
-3.1942e-05
-3.0006e-05
-2.807e-05
-2.6134e-05
-2.4198e-05
-2.2263e-05
-2.0327e-05
-1.8391e-05
-1.6455e-05
-1.4519e-05
-1.2583e-05
-1.0647e-05
-8.7114e-06
-6.7755e-06
-4.8397e-06
-2.9038e-06
-9.6794e-07
9.6794e-07
2.9038e-06
4.8397e-06
6.7755e-06
8.7114e-06
1.0647e-05
1.2583e-05
1.4519e-05
1.6455e-05
1.8391e-05
2.0327e-05
2.2263e-05
2.4198e-05
2.6134e-05
2.807e-05
3.0006e-05
3.1942e-05
3.3878e-05
3.5814e-05
3.7749e-05
3.9685e-05
4.1621e-05
4.3557e-05
4.5493e-05
4.7429e-05
4.9365e-05
5.1301e-05
5.3236e-05
5.5172e-05
5.7108e-05
5.9044e-05
6.098e-05
6.2916e-05
6.4852e-05
6.6788e-05
6.8723e-05
7.0659e-05
7.2595e-05
7.4531e-05
7.6467e-05
7.8403e-05
8.0339e-05
8.2275e-05
8.421e-05
8.6146e-05
8.8082e-05
9.0018e-05
9.1954e-05
9.389e-05
9.5826e-05
9.7761e-05
9.9697e-05
0.00010163
0.00010357
0.0001055
0.00010744
0.00010938
0.00011131
0.00011325
0.00011518
0.00011712
0.00011906
0.00012099
0.00012293
0.00012486
0.0001268
0.00012874
0.00013067
0.00013261
0.00013454
0.00013648
0.00013841
0.00014035
0.00014229
0.00014422
0.00014616
0.00014809
0.00015003
0.00015197
0.0001539
0.00015584
0.00015777
0.00015971
0.00016165
0.00016358
0.00016552
0.00016745
0.00016939
0.00017132
0.00017326
0.0001752
0.00017713
0.00017907
0.000181
0.00018294
0.00018488
0.00018681
0.00018875
0.00019068
0.00019262
0.00019455
0.00019649
0.00019843
0.00020036
0.0002023
0.00020423
0.00020617
0.00020811
0.00021004
0.00021198
0.00021391
0.00021585
0.00021779
0.00021972
0.00022166
0.00022359
0.00022553
0.00022746
0.0002294
0.00023134
0.00023327
0.00023521
0.00023714
0.00023908
0.00024102
0.00024295
0.00024489
0.00024682
0.00024876
0.00025069
0.00025263
0.00025457
0.0002565
0.00025844
0.00026037
0.00026231
0.00026424
0.00026617
0.00026811
0.00027004
0.00027197
0.0002739
0.00027583
0.00027776
0.00027968
0.0002816
0.00028352
0.00028543
0.00028733
0.00028922
0.00029111
0.00029298
0.00029484
0.00029667
0.00029849
0.00030028
0.00030202
0.00030375
0.0003054
0.00030703
0.00030856
0.00031004
0.00031144
0.00031268
0.00031391
0.00031484
0.00031586
0.00031638
0.00031709
0.00031715
0.00031738
0.00031697
0.00031647
0.00031562
0.00031408
0.00031279
0.00030995
0.00030816
0.00030379
0.0003013
0.00029532
0.0002918
0.00028421
0.00027924
0.0002701
0.00026323
0.00025259
0.00024341
0.00023124
0.00021946
0.00020561
0.00019107
0.00017528
0.00015794
0.00013987
0.00011975
9.904e-05
7.6173e-05
5.2506e-05
2.6889e-05
