-0.00069541
-0.00079028
-0.00081282
-0.00081818
-0.00081854
-0.0008173
-0.00081552
-0.00081355
-0.00081152
-0.00080946
-0.00080739
-0.00080531
-0.00080324
-0.00080116
-0.00079909
-0.00079701
-0.00079493
-0.00079286
-0.00079078
-0.00078871
-0.00078663
-0.00078456
-0.00078248
-0.00078041
-0.00077833
-0.00077626
-0.00077418
-0.0007721
-0.00077003
-0.00076795
-0.00076588
-0.0007638
-0.00076173
-0.00075965
-0.00075758
-0.0007555
-0.00075342
-0.00075135
-0.00074927
-0.0007472
-0.00074512
-0.00074305
-0.00074097
-0.0007389
-0.00073682
-0.00073474
-0.00073267
-0.00073059
-0.00072852
-0.00072644
-0.00072437
-0.00072229
-0.00072022
-0.00071814
-0.00071606
-0.00071399
-0.00071191
-0.00070984
-0.00070776
-0.00070569
-0.00070361
-0.00070154
-0.00069946
-0.00069738
-0.00069531
-0.00069323
-0.00069116
-0.00068908
-0.00068701
-0.00068493
-0.00068286
-0.00068078
-0.0006787
-0.00067663
-0.00067455
-0.00067248
-0.0006704
-0.00066833
-0.00066625
-0.00066418
-0.0006621
-0.00066002
-0.00065795
-0.00065587
-0.0006538
-0.00065172
-0.00064965
-0.00064757
-0.0006455
-0.00064342
-0.00064134
-0.00063927
-0.00063719
-0.00063512
-0.00063304
-0.00063097
-0.00062889
-0.00062682
-0.00062474
-0.00062266
-0.00062059
-0.00061851
-0.00061644
-0.00061436
-0.00061229
-0.00061021
-0.00060814
-0.00060606
-0.00060398
-0.00060191
-0.00059983
-0.00059776
-0.00059568
-0.00059361
-0.00059153
-0.00058946
-0.00058738
-0.0005853
-0.00058323
-0.00058115
-0.00057908
-0.000577
-0.00057493
-0.00057285
-0.00057078
-0.0005687
-0.00056662
-0.00056455
-0.00056247
-0.0005604
-0.00055832
-0.00055625
-0.00055417
-0.0005521
-0.00055002
-0.00054794
-0.00054587
-0.00054379
-0.00054172
-0.00053964
-0.00053757
-0.00053549
-0.00053342
-0.00053134
-0.00052926
-0.00052719
-0.00052511
-0.00052304
-0.00052096
-0.00051889
-0.00051681
-0.00051474
-0.00051266
-0.00051059
-0.00050851
-0.00050643
-0.00050436
-0.00050228
-0.00050021
-0.00049813
-0.00049606
-0.00049398
-0.00049191
-0.00048983
-0.00048775
-0.00048568
-0.0004836
-0.00048153
-0.00047945
-0.00047738
-0.0004753
-0.00047323
-0.00047115
-0.00046907
-0.000467
-0.00046492
-0.00046285
-0.00046077
-0.0004587
-0.00045662
-0.00045455
-0.00045247
-0.00045039
-0.00044832
-0.00044624
-0.00044417
-0.00044209
-0.00044002
-0.00043794
-0.00043587
-0.00043379
-0.00043171
-0.00042964
-0.00042756
-0.00042549
-0.00042341
-0.00042134
-0.00041926
-0.00041719
-0.00041511
-0.00041303
-0.00041096
-0.00040888
-0.00040681
-0.00040473
-0.00040266
-0.00040058
-0.00039851
-0.00039643
-0.00039435
-0.00039228
-0.0003902
-0.00038813
-0.00038605
-0.00038398
-0.0003819
-0.00037983
-0.00037775
-0.00037567
-0.0003736
-0.00037152
-0.00036945
-0.00036737
-0.0003653
-0.00036322
-0.00036115
-0.00035907
-0.00035699
-0.00035492
-0.00035284
-0.00035077
-0.00034869
-0.00034662
-0.00034454
-0.00034247
-0.00034039
-0.00033831
-0.00033624
-0.00033416
-0.00033209
-0.00033001
-0.00032794
-0.00032586
-0.00032379
-0.00032171
-0.00031963
-0.00031756
-0.00031548
-0.00031341
-0.00031133
-0.00030926
-0.00030718
-0.00030511
-0.00030303
-0.00030095
-0.00029888
-0.0002968
-0.00029473
-0.00029265
-0.00029058
-0.0002885
-0.00028643
-0.00028435
-0.00028227
-0.0002802
-0.00027812
-0.00027605
-0.00027397
-0.0002719
-0.00026982
-0.00026775
-0.00026567
-0.00026359
-0.00026152
-0.00025944
-0.00025737
-0.00025529
-0.00025322
-0.00025114
-0.00024907
-0.00024699
-0.00024492
-0.00024284
-0.00024076
-0.00023869
-0.00023661
-0.00023454
-0.00023246
-0.00023039
-0.00022831
-0.00022624
-0.00022416
-0.00022208
-0.00022001
-0.00021793
-0.00021586
-0.00021378
-0.00021171
-0.00020963
-0.00020756
-0.00020548
-0.0002034
-0.00020133
-0.00019925
-0.00019718
-0.0001951
-0.00019303
-0.00019095
-0.00018888
-0.0001868
-0.00018472
-0.00018265
-0.00018057
-0.0001785
-0.00017642
-0.00017435
-0.00017227
-0.0001702
-0.00016812
-0.00016604
-0.00016397
-0.00016189
-0.00015982
-0.00015774
-0.00015567
-0.00015359
-0.00015152
-0.00014944
-0.00014736
-0.00014529
-0.00014321
-0.00014114
-0.00013906
-0.00013699
-0.00013491
-0.00013284
-0.00013076
-0.00012868
-0.00012661
-0.00012453
-0.00012246
-0.00012038
-0.00011831
-0.00011623
-0.00011416
-0.00011208
-0.00011
-0.00010793
-0.00010585
-0.00010378
-0.0001017
-9.9627e-05
-9.7551e-05
-9.5476e-05
-9.34e-05
-9.1325e-05
-8.9249e-05
-8.7174e-05
-8.5098e-05
-8.3022e-05
-8.0947e-05
-7.8871e-05
-7.6796e-05
-7.472e-05
-7.2645e-05
-7.0569e-05
-6.8494e-05
-6.6418e-05
-6.4342e-05
-6.2267e-05
-6.0191e-05
-5.8116e-05
-5.604e-05
-5.3965e-05
-5.1889e-05
-4.9814e-05
-4.7738e-05
-4.5663e-05
-4.3587e-05
-4.1511e-05
-3.9436e-05
-3.736e-05
-3.5285e-05
-3.3209e-05
-3.1134e-05
-2.9058e-05
-2.6983e-05
-2.4907e-05
-2.2832e-05
-2.0756e-05
-1.868e-05
-1.6605e-05
-1.4529e-05
-1.2454e-05
-1.0378e-05
-8.3027e-06
-6.2272e-06
-4.1516e-06
-2.0761e-06
-5.4643e-10
2.075e-06
4.1505e-06
6.2261e-06
8.3016e-06
1.0377e-05
1.2453e-05
1.4528e-05
1.6604e-05
1.8679e-05
2.0755e-05
2.283e-05
2.4906e-05
2.6982e-05
2.9057e-05
3.1133e-05
3.3208e-05
3.5284e-05
3.7359e-05
3.9435e-05
4.151e-05
4.3586e-05
4.5661e-05
4.7737e-05
4.9813e-05
5.1888e-05
5.3964e-05
5.6039e-05
5.8115e-05
6.019e-05
6.2266e-05
6.4341e-05
6.6417e-05
6.8492e-05
7.0568e-05
7.2644e-05
7.4719e-05
7.6795e-05
7.887e-05
8.0946e-05
8.3021e-05
8.5097e-05
8.7172e-05
8.9248e-05
9.1324e-05
9.3399e-05
9.5475e-05
9.755e-05
9.9626e-05
0.0001017
0.00010378
0.00010585
0.00010793
0.00011
0.00011208
0.00011415
0.00011623
0.00011831
0.00012038
0.00012246
0.00012453
0.00012661
0.00012868
0.00013076
0.00013283
0.00013491
0.00013699
0.00013906
0.00014114
0.00014321
0.00014529
0.00014736
0.00014944
0.00015151
0.00015359
0.00015567
0.00015774
0.00015982
0.00016189
0.00016397
0.00016604
0.00016812
0.00017019
0.00017227
0.00017435
0.00017642
0.0001785
0.00018057
0.00018265
0.00018472
0.0001868
0.00018887
0.00019095
0.00019303
0.0001951
0.00019718
0.00019925
0.00020133
0.0002034
0.00020548
0.00020755
0.00020963
0.00021171
0.00021378
0.00021586
0.00021793
0.00022001
0.00022208
0.00022416
0.00022623
0.00022831
0.00023039
0.00023246
0.00023454
0.00023661
0.00023869
0.00024076
0.00024284
0.00024491
0.00024699
0.00024907
0.00025114
0.00025322
0.00025529
0.00025737
0.00025944
0.00026152
0.00026359
0.00026567
0.00026774
0.00026982
0.0002719
0.00027397
0.00027605
0.00027812
0.0002802
0.00028227
0.00028435
0.00028642
0.0002885
0.00029058
0.00029265
0.00029473
0.0002968
0.00029888
0.00030095
0.00030303
0.0003051
0.00030718
0.00030926
0.00031133
0.00031341
0.00031548
0.00031756
0.00031963
0.00032171
0.00032378
0.00032586
0.00032794
0.00033001
0.00033209
0.00033416
0.00033624
0.00033831
0.00034039
0.00034246
0.00034454
0.00034662
0.00034869
0.00035077
0.00035284
0.00035492
0.00035699
0.00035907
0.00036114
0.00036322
0.0003653
0.00036737
0.00036945
0.00037152
0.0003736
0.00037567
0.00037775
0.00037982
0.0003819
0.00038398
0.00038605
0.00038813
0.0003902
0.00039228
0.00039435
0.00039643
0.0003985
0.00040058
0.00040266
0.00040473
0.00040681
0.00040888
0.00041096
0.00041303
0.00041511
0.00041718
0.00041926
0.00042134
0.00042341
0.00042549
0.00042756
0.00042964
0.00043171
0.00043379
0.00043586
0.00043794
0.00044002
0.00044209
0.00044417
0.00044624
0.00044832
0.00045039
0.00045247
0.00045454
0.00045662
0.0004587
0.00046077
0.00046285
0.00046492
0.000467
0.00046907
0.00047115
0.00047322
0.0004753
0.00047738
0.00047945
0.00048153
0.0004836
0.00048568
0.00048775
0.00048983
0.0004919
0.00049398
0.00049606
0.00049813
0.00050021
0.00050228
0.00050436
0.00050643
0.00050851
0.00051058
0.00051266
0.00051473
0.00051681
0.00051889
0.00052096
0.00052304
0.00052511
0.00052719
0.00052926
0.00053134
0.00053341
0.00053549
0.00053756
0.00053964
0.00054171
0.00054379
0.00054586
0.00054794
0.00055001
0.00055209
0.00055416
0.00055624
0.00055831
0.00056038
0.00056246
0.00056453
0.0005666
0.00056868
0.00057075
0.00057282
0.00057489
0.00057696
0.00057903
0.0005811
0.00058317
0.00058523
0.0005873
0.00058936
0.00059142
0.00059349
0.00059554
0.0005976
0.00059966
0.00060171
0.00060376
0.0006058
0.00060784
0.00060988
0.00061191
0.00061394
0.00061596
0.00061798
0.00061999
0.00062199
0.00062398
0.00062597
0.00062794
0.0006299
0.00063185
0.00063379
0.00063572
0.00063762
0.00063951
0.00064139
0.00064324
0.00064507
0.00064687
0.00064865
0.0006504
0.00065212
0.00065381
0.00065546
0.00065708
0.00065865
0.00066018
0.00066166
0.00066308
0.00066446
0.00066577
0.00066702
0.00066821
0.00066932
0.00067035
0.00067131
0.00067217
0.00067295
0.00067362
0.0006742
0.00067466
0.000675
0.00067522
0.00067531
0.00067527
0.00067507
0.00067473
0.00067422
0.00067355
0.0006727
0.00067166
0.00067043
0.000669
0.00066735
0.00066548
0.00066338
0.00066103
0.00065844
0.00065558
0.00065245
0.00064904
0.00064533
0.00064133
0.000637
0.00063235
0.00062735
0.00062204
0.00061632
0.00061028
0.00060379
0.00059701
0.00058969
0.00058213
0.00057392
0.00056555
0.00055639
0.0005472
0.000537
0.00052697
0.00051567
0.00050479
0.00049231
0.00048056
0.00046686
0.00045419
0.00043925
0.00042556
0.00040943
0.00039457
0.00037734
0.00036112
0.00034294
0.00032511
0.00030615
0.0002865
0.00026687
0.00024524
0.00022497
0.00020138
0.00018028
0.00015493
0.00013263
0.00010594
8.1907e-05
5.4339e-05
2.8068e-05
