-3.6516e-06
-7.2281e-06
-1.0667e-05
-1.4075e-05
-1.7308e-05
-2.0552e-05
-2.3583e-05
-2.6667e-05
-2.9503e-05
-3.243e-05
-3.5079e-05
-3.785e-05
-4.0321e-05
-4.2939e-05
-4.5238e-05
-4.7705e-05
-4.9843e-05
-5.216e-05
-5.4144e-05
-5.6313e-05
-5.8154e-05
-6.0175e-05
-6.1883e-05
-6.3757e-05
-6.5343e-05
-6.707e-05
-6.8542e-05
-7.0125e-05
-7.1494e-05
-7.2935e-05
-7.4208e-05
-7.551e-05
-7.6696e-05
-7.7863e-05
-7.8968e-05
-8.0005e-05
-8.1035e-05
-8.1949e-05
-8.2908e-05
-8.3705e-05
-8.4596e-05
-8.5287e-05
-8.6111e-05
-8.6704e-05
-8.7463e-05
-8.7968e-05
-8.8663e-05
-8.909e-05
-8.972e-05
-9.008e-05
-9.0645e-05
-9.0947e-05
-9.1448e-05
-9.1701e-05
-9.2137e-05
-9.235e-05
-9.2724e-05
-9.2902e-05
-9.3217e-05
-9.3365e-05
-9.3624e-05
-9.3748e-05
-9.3953e-05
-9.4056e-05
-9.4213e-05
-9.4296e-05
-9.441e-05
-9.4475e-05
-9.4551e-05
-9.4598e-05
-9.4642e-05
-9.4671e-05
-9.4687e-05
-9.47e-05
-9.4693e-05
-9.469e-05
-9.4663e-05
-9.4644e-05
-9.4602e-05
-9.4568e-05
-9.4513e-05
-9.4465e-05
-9.4399e-05
-9.4338e-05
-9.4263e-05
-9.4191e-05
-9.4108e-05
-9.4026e-05
-9.3936e-05
-9.3846e-05
-9.375e-05
-9.3653e-05
-9.3552e-05
-9.3448e-05
-9.3343e-05
-9.3234e-05
-9.3124e-05
-9.3012e-05
-9.2898e-05
-9.2782e-05
-9.2665e-05
-9.2547e-05
-9.2427e-05
-9.2306e-05
-9.2184e-05
-9.2061e-05
-9.1937e-05
-9.1812e-05
-9.1687e-05
-9.1561e-05
-9.1434e-05
-9.1306e-05
-9.1178e-05
-9.105e-05
-9.0921e-05
-9.0792e-05
-9.0662e-05
-9.0533e-05
-9.0402e-05
-9.0272e-05
-9.0141e-05
-9.001e-05
-8.9879e-05
-8.9748e-05
-8.9617e-05
-8.9485e-05
-8.9354e-05
-8.9222e-05
-8.909e-05
-8.8958e-05
-8.8826e-05
-8.8694e-05
-8.8562e-05
-8.8429e-05
-8.8297e-05
-8.8165e-05
-8.8032e-05
-8.79e-05
-8.7768e-05
-8.7635e-05
-8.7503e-05
-8.737e-05
-8.7238e-05
-8.7105e-05
-8.6972e-05
-8.684e-05
-8.6707e-05
-8.6575e-05
-8.6442e-05
-8.6309e-05
-8.6177e-05
-8.6044e-05
-8.5911e-05
-8.5779e-05
-8.5646e-05
-8.5514e-05
-8.5381e-05
-8.5248e-05
-8.5116e-05
-8.4983e-05
-8.485e-05
-8.4718e-05
-8.4585e-05
-8.4452e-05
-8.4319e-05
-8.4187e-05
-8.4054e-05
-8.3921e-05
-8.3789e-05
-8.3656e-05
-8.3523e-05
-8.3391e-05
-8.3258e-05
-8.3125e-05
-8.2993e-05
-8.286e-05
-8.2727e-05
-8.2595e-05
-8.2462e-05
-8.2329e-05
-8.2197e-05
-8.2064e-05
-8.1931e-05
-8.1799e-05
-8.1666e-05
-8.1533e-05
-8.1401e-05
-8.1268e-05
-8.1135e-05
-8.1002e-05
-8.087e-05
-8.0737e-05
-8.0604e-05
-8.0472e-05
-8.0339e-05
-8.0206e-05
-8.0074e-05
-7.9941e-05
-7.9808e-05
-7.9676e-05
-7.9543e-05
-7.941e-05
-7.9278e-05
-7.9145e-05
-7.9012e-05
-7.888e-05
-7.8747e-05
-7.8614e-05
-7.8482e-05
-7.8349e-05
-7.8216e-05
-7.8083e-05
-7.7951e-05
-7.7818e-05
-7.7685e-05
-7.7553e-05
-7.742e-05
-7.7287e-05
-7.7155e-05
-7.7022e-05
-7.6889e-05
-7.6757e-05
-7.6624e-05
-7.6491e-05
-7.6359e-05
-7.6226e-05
-7.6093e-05
-7.5961e-05
-7.5828e-05
-7.5695e-05
-7.5563e-05
-7.543e-05
-7.5297e-05
-7.5164e-05
-7.5032e-05
-7.4899e-05
-7.4766e-05
-7.4634e-05
-7.4501e-05
-7.4368e-05
-7.4236e-05
-7.4103e-05
-7.397e-05
-7.3838e-05
-7.3705e-05
-7.3572e-05
-7.344e-05
-7.3307e-05
-7.3174e-05
-7.3042e-05
-7.2909e-05
-7.2776e-05
-7.2643e-05
-7.2511e-05
-7.2378e-05
-7.2245e-05
-7.2113e-05
-7.198e-05
-7.1847e-05
-7.1715e-05
-7.1582e-05
-7.1449e-05
-7.1317e-05
-7.1184e-05
-7.1051e-05
-7.0919e-05
-7.0786e-05
-7.0653e-05
-7.0521e-05
-7.0388e-05
-7.0255e-05
-7.0123e-05
-6.999e-05
-6.9857e-05
-6.9724e-05
-6.9592e-05
-6.9459e-05
-6.9326e-05
-6.9194e-05
-6.9061e-05
-6.8928e-05
-6.8796e-05
-6.8663e-05
-6.853e-05
-6.8398e-05
-6.8265e-05
-6.8132e-05
-6.8e-05
-6.7867e-05
-6.7734e-05
-6.7602e-05
-6.7469e-05
-6.7336e-05
-6.7204e-05
-6.7071e-05
-6.6938e-05
-6.6805e-05
-6.6673e-05
-6.654e-05
-6.6407e-05
-6.6275e-05
-6.6142e-05
-6.6009e-05
-6.5877e-05
-6.5744e-05
-6.5611e-05
-6.5479e-05
-6.5346e-05
-6.5213e-05
-6.5081e-05
-6.4948e-05
-6.4815e-05
-6.4683e-05
-6.455e-05
-6.4417e-05
-6.4285e-05
-6.4152e-05
-6.4019e-05
-6.3886e-05
-6.3754e-05
-6.3621e-05
-6.3488e-05
-6.3356e-05
-6.3223e-05
-6.309e-05
-6.2958e-05
-6.2825e-05
-6.2692e-05
-6.256e-05
-6.2427e-05
-6.2294e-05
-6.2162e-05
-6.2029e-05
-6.1896e-05
-6.1764e-05
-6.1631e-05
-6.1498e-05
-6.1366e-05
-6.1233e-05
-6.11e-05
-6.0967e-05
-6.0835e-05
-6.0702e-05
-6.0569e-05
-6.0437e-05
-6.0304e-05
-6.0171e-05
-6.0039e-05
-5.9906e-05
-5.9773e-05
-5.9641e-05
-5.9508e-05
-5.9375e-05
-5.9243e-05
-5.911e-05
-5.8977e-05
-5.8845e-05
-5.8712e-05
-5.8579e-05
-5.8447e-05
-5.8314e-05
-5.8181e-05
-5.8048e-05
-5.7916e-05
-5.7783e-05
-5.765e-05
-5.7518e-05
-5.7385e-05
-5.7252e-05
-5.712e-05
-5.6987e-05
-5.6854e-05
-5.6722e-05
-5.6589e-05
-5.6456e-05
-5.6324e-05
-5.6191e-05
-5.6058e-05
-5.5926e-05
-5.5793e-05
-5.566e-05
-5.5527e-05
-5.5395e-05
-5.5262e-05
-5.5129e-05
-5.4997e-05
-5.4864e-05
-5.4731e-05
-5.4599e-05
-5.4466e-05
-5.4333e-05
-5.4201e-05
-5.4068e-05
-5.3935e-05
-5.3803e-05
-5.367e-05
-5.3537e-05
-5.3405e-05
-5.3272e-05
-5.3139e-05
-5.3007e-05
-5.2874e-05
-5.2741e-05
-5.2608e-05
-5.2476e-05
-5.2343e-05
-5.221e-05
-5.2078e-05
-5.1945e-05
-5.1812e-05
-5.168e-05
-5.1547e-05
-5.1414e-05
-5.1282e-05
-5.1149e-05
-5.1016e-05
-5.0884e-05
-5.0751e-05
-5.0618e-05
-5.0486e-05
-5.0353e-05
-5.022e-05
-5.0088e-05
-4.9955e-05
-4.9822e-05
-4.9689e-05
-4.9557e-05
-4.9424e-05
-4.9291e-05
-4.9159e-05
-4.9026e-05
-4.8893e-05
-4.8761e-05
-4.8628e-05
-4.8495e-05
-4.8363e-05
-4.823e-05
-4.8097e-05
-4.7965e-05
-4.7832e-05
-4.7699e-05
-4.7567e-05
-4.7434e-05
-4.7301e-05
-4.7169e-05
-4.7036e-05
-4.6903e-05
-4.677e-05
-4.6638e-05
-4.6505e-05
-4.6372e-05
-4.624e-05
-4.6107e-05
-4.5974e-05
-4.5842e-05
-4.5709e-05
-4.5576e-05
-4.5444e-05
-4.5311e-05
-4.5178e-05
-4.5046e-05
-4.4913e-05
-4.478e-05
-4.4648e-05
-4.4515e-05
-4.4382e-05
-4.425e-05
-4.4117e-05
-4.3984e-05
-4.3851e-05
-4.3719e-05
-4.3586e-05
-4.3453e-05
-4.3321e-05
-4.3188e-05
-4.3055e-05
-4.2923e-05
-4.279e-05
-4.2657e-05
-4.2525e-05
-4.2392e-05
-4.2259e-05
-4.2127e-05
-4.1994e-05
-4.1861e-05
-4.1729e-05
-4.1596e-05
-4.1463e-05
-4.133e-05
-4.1198e-05
-4.1065e-05
-4.0932e-05
-4.08e-05
-4.0667e-05
-4.0534e-05
-4.0402e-05
-4.0269e-05
-4.0136e-05
-4.0004e-05
-3.9871e-05
-3.9738e-05
-3.9606e-05
-3.9473e-05
-3.934e-05
-3.9208e-05
-3.9075e-05
-3.8942e-05
-3.881e-05
-3.8677e-05
-3.8544e-05
-3.8411e-05
-3.8279e-05
-3.8146e-05
-3.8013e-05
-3.7881e-05
-3.7748e-05
-3.7615e-05
-3.7483e-05
-3.735e-05
-3.7217e-05
-3.7085e-05
-3.6952e-05
-3.6819e-05
-3.6687e-05
-3.6554e-05
-3.6421e-05
-3.6289e-05
-3.6156e-05
-3.6023e-05
-3.5891e-05
-3.5758e-05
-3.5625e-05
-3.5492e-05
-3.536e-05
-3.5227e-05
-3.5094e-05
-3.4962e-05
-3.4829e-05
-3.4696e-05
-3.4564e-05
-3.4431e-05
-3.4298e-05
-3.4166e-05
-3.4033e-05
-3.39e-05
-3.3768e-05
-3.3635e-05
-3.3502e-05
-3.337e-05
-3.3237e-05
-3.3104e-05
-3.2972e-05
-3.2839e-05
-3.2706e-05
-3.2573e-05
-3.2441e-05
-3.2308e-05
-3.2175e-05
-3.2043e-05
-3.191e-05
-3.1777e-05
-3.1645e-05
-3.1512e-05
-3.1379e-05
-3.1247e-05
-3.1114e-05
-3.0981e-05
-3.0849e-05
-3.0716e-05
-3.0583e-05
-3.0451e-05
-3.0318e-05
-3.0185e-05
-3.0053e-05
-2.992e-05
-2.9787e-05
-2.9654e-05
-2.9522e-05
-2.9389e-05
-2.9256e-05
-2.9124e-05
-2.8991e-05
-2.8858e-05
-2.8726e-05
-2.8593e-05
-2.846e-05
-2.8328e-05
-2.8195e-05
-2.8062e-05
-2.793e-05
-2.7797e-05
-2.7664e-05
-2.7532e-05
-2.7399e-05
-2.7266e-05
-2.7134e-05
-2.7001e-05
-2.6868e-05
-2.6735e-05
-2.6603e-05
-2.647e-05
-2.6337e-05
-2.6205e-05
-2.6072e-05
-2.5939e-05
-2.5807e-05
-2.5674e-05
-2.5541e-05
-2.5409e-05
-2.5276e-05
-2.5143e-05
-2.5011e-05
-2.4878e-05
-2.4745e-05
-2.4613e-05
-2.448e-05
-2.4347e-05
-2.4214e-05
-2.4082e-05
-2.3949e-05
-2.3816e-05
-2.3684e-05
-2.3551e-05
-2.3418e-05
-2.3286e-05
-2.3153e-05
-2.302e-05
-2.2888e-05
-2.2755e-05
-2.2622e-05
-2.249e-05
-2.2357e-05
-2.2224e-05
-2.2092e-05
-2.1959e-05
-2.1826e-05
-2.1694e-05
-2.1561e-05
-2.1428e-05
-2.1295e-05
-2.1163e-05
-2.103e-05
-2.0897e-05
-2.0765e-05
-2.0632e-05
-2.0499e-05
-2.0367e-05
-2.0234e-05
-2.0101e-05
-1.9969e-05
-1.9836e-05
-1.9703e-05
-1.9571e-05
-1.9438e-05
-1.9305e-05
-1.9173e-05
-1.904e-05
-1.8907e-05
-1.8775e-05
-1.8642e-05
-1.8509e-05
-1.8376e-05
-1.8244e-05
-1.8111e-05
-1.7978e-05
-1.7846e-05
-1.7713e-05
-1.758e-05
-1.7448e-05
-1.7315e-05
-1.7182e-05
-1.705e-05
-1.6917e-05
-1.6784e-05
-1.6652e-05
-1.6519e-05
-1.6386e-05
-1.6254e-05
-1.6121e-05
-1.5988e-05
-1.5856e-05
-1.5723e-05
-1.559e-05
-1.5457e-05
-1.5325e-05
-1.5192e-05
-1.5059e-05
-1.4927e-05
-1.4794e-05
-1.4661e-05
-1.4529e-05
-1.4396e-05
-1.4263e-05
-1.4131e-05
-1.3998e-05
-1.3865e-05
-1.3733e-05
-1.36e-05
-1.3467e-05
-1.3335e-05
-1.3202e-05
-1.3069e-05
-1.2937e-05
-1.2804e-05
-1.2671e-05
-1.2538e-05
-1.2406e-05
-1.2273e-05
-1.214e-05
-1.2008e-05
-1.1875e-05
-1.1742e-05
-1.161e-05
-1.1477e-05
-1.1344e-05
-1.1212e-05
-1.1079e-05
-1.0946e-05
-1.0814e-05
-1.0681e-05
-1.0548e-05
-1.0416e-05
-1.0283e-05
-1.015e-05
-1.0018e-05
-9.8848e-06
-9.7521e-06
-9.6195e-06
-9.4868e-06
-9.3541e-06
-9.2214e-06
-9.0887e-06
-8.956e-06
-8.8234e-06
-8.6907e-06
-8.558e-06
-8.4253e-06
-8.2926e-06
-8.16e-06
-8.0273e-06
-7.8946e-06
-7.7619e-06
-7.6292e-06
-7.4965e-06
-7.3639e-06
-7.2312e-06
-7.0985e-06
-6.9658e-06
-6.8331e-06
-6.7005e-06
-6.5678e-06
-6.4351e-06
-6.3024e-06
-6.1697e-06
-6.037e-06
-5.9044e-06
-5.7717e-06
-5.639e-06
-5.5063e-06
-5.3736e-06
-5.2409e-06
-5.1083e-06
-4.9756e-06
-4.8429e-06
-4.7102e-06
-4.5775e-06
-4.4449e-06
-4.3122e-06
-4.1795e-06
-4.0468e-06
-3.9141e-06
-3.7814e-06
-3.6488e-06
-3.5161e-06
-3.3834e-06
-3.2507e-06
-3.118e-06
-2.9853e-06
-2.8527e-06
-2.72e-06
-2.5873e-06
-2.4546e-06
-2.3219e-06
-2.1893e-06
-2.0566e-06
-1.9239e-06
-1.7912e-06
-1.6585e-06
-1.5258e-06
-1.3932e-06
-1.2605e-06
-1.1278e-06
-9.9512e-07
-8.6243e-07
-7.2975e-07
-5.9707e-07
-4.6439e-07
-3.3171e-07
-1.9902e-07
-6.6341e-08
6.6341e-08
1.9902e-07
3.3171e-07
4.6439e-07
5.9707e-07
7.2975e-07
8.6243e-07
9.9512e-07
1.1278e-06
1.2605e-06
1.3932e-06
1.5258e-06
1.6585e-06
1.7912e-06
1.9239e-06
2.0566e-06
2.1893e-06
2.3219e-06
2.4546e-06
2.5873e-06
2.72e-06
2.8527e-06
2.9853e-06
3.118e-06
3.2507e-06
3.3834e-06
3.5161e-06
3.6488e-06
3.7814e-06
3.9141e-06
4.0468e-06
4.1795e-06
4.3122e-06
4.4449e-06
4.5775e-06
4.7102e-06
4.8429e-06
4.9756e-06
5.1083e-06
5.2409e-06
5.3736e-06
5.5063e-06
5.639e-06
5.7717e-06
5.9044e-06
6.037e-06
6.1697e-06
6.3024e-06
6.4351e-06
6.5678e-06
6.7005e-06
6.8331e-06
6.9658e-06
7.0985e-06
7.2312e-06
7.3639e-06
7.4965e-06
7.6292e-06
7.7619e-06
7.8946e-06
8.0273e-06
8.16e-06
8.2926e-06
8.4253e-06
8.558e-06
8.6907e-06
8.8234e-06
8.956e-06
9.0887e-06
9.2214e-06
9.3541e-06
9.4868e-06
9.6195e-06
9.7521e-06
9.8848e-06
1.0018e-05
1.015e-05
1.0283e-05
1.0416e-05
1.0548e-05
1.0681e-05
1.0814e-05
1.0946e-05
1.1079e-05
1.1212e-05
1.1344e-05
1.1477e-05
1.161e-05
1.1742e-05
1.1875e-05
1.2008e-05
1.214e-05
1.2273e-05
1.2406e-05
1.2538e-05
1.2671e-05
1.2804e-05
1.2937e-05
1.3069e-05
1.3202e-05
1.3335e-05
1.3467e-05
1.36e-05
1.3733e-05
1.3865e-05
1.3998e-05
1.4131e-05
1.4263e-05
1.4396e-05
1.4529e-05
1.4661e-05
1.4794e-05
1.4927e-05
1.5059e-05
1.5192e-05
1.5325e-05
1.5457e-05
1.559e-05
1.5723e-05
1.5856e-05
1.5988e-05
1.6121e-05
1.6254e-05
1.6386e-05
1.6519e-05
1.6652e-05
1.6784e-05
1.6917e-05
1.705e-05
1.7182e-05
1.7315e-05
1.7448e-05
1.758e-05
1.7713e-05
1.7846e-05
1.7978e-05
1.8111e-05
1.8244e-05
1.8376e-05
1.8509e-05
1.8642e-05
1.8775e-05
1.8907e-05
1.904e-05
1.9173e-05
1.9305e-05
1.9438e-05
1.9571e-05
1.9703e-05
1.9836e-05
1.9969e-05
2.0101e-05
2.0234e-05
2.0367e-05
2.0499e-05
2.0632e-05
2.0765e-05
2.0897e-05
2.103e-05
2.1163e-05
2.1295e-05
2.1428e-05
2.1561e-05
2.1694e-05
2.1826e-05
2.1959e-05
2.2092e-05
2.2224e-05
2.2357e-05
2.249e-05
2.2622e-05
2.2755e-05
2.2888e-05
2.302e-05
2.3153e-05
2.3286e-05
2.3418e-05
2.3551e-05
2.3684e-05
2.3816e-05
2.3949e-05
2.4082e-05
2.4214e-05
2.4347e-05
2.448e-05
2.4613e-05
2.4745e-05
2.4878e-05
2.5011e-05
2.5143e-05
2.5276e-05
2.5409e-05
2.5541e-05
2.5674e-05
2.5807e-05
2.5939e-05
2.6072e-05
2.6205e-05
2.6337e-05
2.647e-05
2.6603e-05
2.6735e-05
2.6868e-05
2.7001e-05
2.7134e-05
2.7266e-05
2.7399e-05
2.7532e-05
2.7664e-05
2.7797e-05
2.793e-05
2.8062e-05
2.8195e-05
2.8328e-05
2.846e-05
2.8593e-05
2.8726e-05
2.8858e-05
2.8991e-05
2.9124e-05
2.9256e-05
2.9389e-05
2.9522e-05
2.9654e-05
2.9787e-05
2.992e-05
3.0053e-05
3.0185e-05
3.0318e-05
3.0451e-05
3.0583e-05
3.0716e-05
3.0849e-05
3.0981e-05
3.1114e-05
3.1247e-05
3.1379e-05
3.1512e-05
3.1645e-05
3.1777e-05
3.191e-05
3.2043e-05
3.2175e-05
3.2308e-05
3.2441e-05
3.2573e-05
3.2706e-05
3.2839e-05
3.2972e-05
3.3104e-05
3.3237e-05
3.337e-05
3.3502e-05
3.3635e-05
3.3768e-05
3.39e-05
3.4033e-05
3.4166e-05
3.4298e-05
3.4431e-05
3.4564e-05
3.4696e-05
3.4829e-05
3.4962e-05
3.5094e-05
3.5227e-05
3.536e-05
3.5492e-05
3.5625e-05
3.5758e-05
3.5891e-05
3.6023e-05
3.6156e-05
3.6289e-05
3.6421e-05
3.6554e-05
3.6687e-05
3.6819e-05
3.6952e-05
3.7085e-05
3.7217e-05
3.735e-05
3.7483e-05
3.7615e-05
3.7748e-05
3.7881e-05
3.8013e-05
3.8146e-05
3.8279e-05
3.8411e-05
3.8544e-05
3.8677e-05
3.881e-05
3.8942e-05
3.9075e-05
3.9208e-05
3.934e-05
3.9473e-05
3.9606e-05
3.9738e-05
3.9871e-05
4.0004e-05
4.0136e-05
4.0269e-05
4.0402e-05
4.0534e-05
4.0667e-05
4.08e-05
4.0932e-05
4.1065e-05
4.1198e-05
4.133e-05
4.1463e-05
4.1596e-05
4.1729e-05
4.1861e-05
4.1994e-05
4.2127e-05
4.2259e-05
4.2392e-05
4.2525e-05
4.2657e-05
4.279e-05
4.2923e-05
4.3055e-05
4.3188e-05
4.3321e-05
4.3453e-05
4.3586e-05
4.3719e-05
4.3851e-05
4.3984e-05
4.4117e-05
4.425e-05
4.4382e-05
4.4515e-05
4.4648e-05
4.478e-05
4.4913e-05
4.5046e-05
4.5178e-05
4.5311e-05
4.5444e-05
4.5576e-05
4.5709e-05
4.5842e-05
4.5974e-05
4.6107e-05
4.624e-05
4.6372e-05
4.6505e-05
4.6638e-05
4.677e-05
4.6903e-05
4.7036e-05
4.7169e-05
4.7301e-05
4.7434e-05
4.7567e-05
4.7699e-05
4.7832e-05
4.7965e-05
4.8097e-05
4.823e-05
4.8363e-05
4.8495e-05
4.8628e-05
4.8761e-05
4.8893e-05
4.9026e-05
4.9159e-05
4.9291e-05
4.9424e-05
4.9557e-05
4.9689e-05
4.9822e-05
4.9955e-05
5.0088e-05
5.022e-05
5.0353e-05
5.0486e-05
5.0618e-05
5.0751e-05
5.0884e-05
5.1016e-05
5.1149e-05
5.1282e-05
5.1414e-05
5.1547e-05
5.168e-05
5.1812e-05
5.1945e-05
5.2078e-05
5.221e-05
5.2343e-05
5.2476e-05
5.2608e-05
5.2741e-05
5.2874e-05
5.3007e-05
5.3139e-05
5.3272e-05
5.3405e-05
5.3537e-05
5.367e-05
5.3803e-05
5.3935e-05
5.4068e-05
5.4201e-05
5.4333e-05
5.4466e-05
5.4599e-05
5.4731e-05
5.4864e-05
5.4997e-05
5.5129e-05
5.5262e-05
5.5395e-05
5.5527e-05
5.566e-05
5.5793e-05
5.5926e-05
5.6058e-05
5.6191e-05
5.6324e-05
5.6456e-05
5.6589e-05
5.6722e-05
5.6854e-05
5.6987e-05
5.712e-05
5.7252e-05
5.7385e-05
5.7518e-05
5.765e-05
5.7783e-05
5.7916e-05
5.8048e-05
5.8181e-05
5.8314e-05
5.8447e-05
5.8579e-05
5.8712e-05
5.8845e-05
5.8977e-05
5.911e-05
5.9243e-05
5.9375e-05
5.9508e-05
5.9641e-05
5.9773e-05
5.9906e-05
6.0039e-05
6.0171e-05
6.0304e-05
6.0437e-05
6.0569e-05
6.0702e-05
6.0835e-05
6.0967e-05
6.11e-05
6.1233e-05
6.1366e-05
6.1498e-05
6.1631e-05
6.1764e-05
6.1896e-05
6.2029e-05
6.2162e-05
6.2294e-05
6.2427e-05
6.256e-05
6.2692e-05
6.2825e-05
6.2958e-05
6.309e-05
6.3223e-05
6.3356e-05
6.3488e-05
6.3621e-05
6.3754e-05
6.3886e-05
6.4019e-05
6.4152e-05
6.4285e-05
6.4417e-05
6.455e-05
6.4683e-05
6.4815e-05
6.4948e-05
6.5081e-05
6.5213e-05
6.5346e-05
6.5479e-05
6.5611e-05
6.5744e-05
6.5877e-05
6.6009e-05
6.6142e-05
6.6275e-05
6.6407e-05
6.654e-05
6.6673e-05
6.6805e-05
6.6938e-05
6.7071e-05
6.7204e-05
6.7336e-05
6.7469e-05
6.7602e-05
6.7734e-05
6.7867e-05
6.8e-05
6.8132e-05
6.8265e-05
6.8398e-05
6.853e-05
6.8663e-05
6.8796e-05
6.8928e-05
6.9061e-05
6.9194e-05
6.9326e-05
6.9459e-05
6.9592e-05
6.9724e-05
6.9857e-05
6.999e-05
7.0123e-05
7.0255e-05
7.0388e-05
7.0521e-05
7.0653e-05
7.0786e-05
7.0919e-05
7.1051e-05
7.1184e-05
7.1317e-05
7.1449e-05
7.1582e-05
7.1715e-05
7.1847e-05
7.198e-05
7.2113e-05
7.2245e-05
7.2378e-05
7.2511e-05
7.2643e-05
7.2776e-05
7.2909e-05
7.3042e-05
7.3174e-05
7.3307e-05
7.344e-05
7.3572e-05
7.3705e-05
7.3838e-05
7.397e-05
7.4103e-05
7.4236e-05
7.4368e-05
7.4501e-05
7.4634e-05
7.4766e-05
7.4899e-05
7.5032e-05
7.5164e-05
7.5297e-05
7.543e-05
7.5563e-05
7.5695e-05
7.5828e-05
7.5961e-05
7.6093e-05
7.6226e-05
7.6359e-05
7.6491e-05
7.6624e-05
7.6757e-05
7.6889e-05
7.7022e-05
7.7155e-05
7.7287e-05
7.742e-05
7.7553e-05
7.7685e-05
7.7818e-05
7.7951e-05
7.8083e-05
7.8216e-05
7.8349e-05
7.8482e-05
7.8614e-05
7.8747e-05
7.888e-05
7.9012e-05
7.9145e-05
7.9278e-05
7.941e-05
7.9543e-05
7.9676e-05
7.9808e-05
7.9941e-05
8.0074e-05
8.0206e-05
8.0339e-05
8.0472e-05
8.0604e-05
8.0737e-05
8.087e-05
8.1002e-05
8.1135e-05
8.1268e-05
8.1401e-05
8.1533e-05
8.1666e-05
8.1799e-05
8.1931e-05
8.2064e-05
8.2197e-05
8.2329e-05
8.2462e-05
8.2595e-05
8.2727e-05
8.286e-05
8.2993e-05
8.3125e-05
8.3258e-05
8.3391e-05
8.3523e-05
8.3656e-05
8.3789e-05
8.3921e-05
8.4054e-05
8.4187e-05
8.4319e-05
8.4452e-05
8.4585e-05
8.4718e-05
8.485e-05
8.4983e-05
8.5116e-05
8.5248e-05
8.5381e-05
8.5514e-05
8.5646e-05
8.5779e-05
8.5911e-05
8.6044e-05
8.6177e-05
8.6309e-05
8.6442e-05
8.6575e-05
8.6707e-05
8.684e-05
8.6972e-05
8.7105e-05
8.7238e-05
8.737e-05
8.7503e-05
8.7635e-05
8.7768e-05
8.79e-05
8.8032e-05
8.8165e-05
8.8297e-05
8.8429e-05
8.8562e-05
8.8694e-05
8.8826e-05
8.8958e-05
8.909e-05
8.9222e-05
8.9354e-05
8.9485e-05
8.9617e-05
8.9748e-05
8.9879e-05
9.001e-05
9.0141e-05
9.0272e-05
9.0402e-05
9.0533e-05
9.0662e-05
9.0792e-05
9.0921e-05
9.105e-05
9.1178e-05
9.1306e-05
9.1434e-05
9.1561e-05
9.1687e-05
9.1812e-05
9.1937e-05
9.2061e-05
9.2184e-05
9.2306e-05
9.2427e-05
9.2547e-05
9.2665e-05
9.2782e-05
9.2898e-05
9.3012e-05
9.3124e-05
9.3234e-05
9.3343e-05
9.3448e-05
9.3552e-05
9.3653e-05
9.375e-05
9.3846e-05
9.3936e-05
9.4026e-05
9.4108e-05
9.4191e-05
9.4263e-05
9.4338e-05
9.4399e-05
9.4465e-05
9.4513e-05
9.4568e-05
9.4602e-05
9.4644e-05
9.4663e-05
9.469e-05
9.4693e-05
9.47e-05
9.4687e-05
9.4671e-05
9.4642e-05
9.4598e-05
9.4551e-05
9.4475e-05
9.441e-05
9.4296e-05
9.4213e-05
9.4056e-05
9.3953e-05
9.3748e-05
9.3624e-05
9.3365e-05
9.3217e-05
9.2902e-05
9.2724e-05
9.235e-05
9.2137e-05
9.1701e-05
9.1448e-05
9.0947e-05
9.0645e-05
9.008e-05
8.972e-05
8.909e-05
8.8663e-05
8.7968e-05
8.7463e-05
8.6704e-05
8.6111e-05
8.5287e-05
8.4596e-05
8.3705e-05
8.2908e-05
8.1949e-05
8.1035e-05
8.0005e-05
7.8968e-05
7.7863e-05
7.6696e-05
7.551e-05
7.4208e-05
7.2935e-05
7.1494e-05
7.0125e-05
6.8542e-05
6.707e-05
6.5343e-05
6.3757e-05
6.1883e-05
6.0175e-05
5.8154e-05
5.6313e-05
5.4144e-05
5.216e-05
4.9843e-05
4.7705e-05
4.5238e-05
4.2939e-05
4.0321e-05
3.785e-05
3.5079e-05
3.243e-05
2.9503e-05
2.6667e-05
2.3583e-05
2.0552e-05
1.7308e-05
1.4075e-05
1.0667e-05
7.2281e-06
3.6516e-06
