-0.00016607
-0.00030218
-0.00042995
-0.00051366
-0.00060662
-0.00065126
-0.00070275
-0.00072917
-0.00074131
-0.00075378
-0.00074731
-0.00074183
-0.00073003
-0.00071441
-0.00069783
-0.00067962
-0.00066056
-0.00064119
-0.00062161
-0.00060192
-0.00058219
-0.00056246
-0.00054272
-0.00052299
-0.00050325
-0.00048352
-0.00046378
-0.00044405
-0.00042431
-0.00040458
-0.00038484
-0.0003651
-0.00034537
-0.00032563
-0.0003059
-0.00028616
-0.00026643
-0.00024669
-0.00022696
-0.00020722
-0.00018749
-0.00016775
-0.00014802
-0.00012828
-0.00010854
-8.8809e-05
-6.9074e-05
-4.9338e-05
-2.9603e-05
-9.8677e-06
9.8677e-06
2.9603e-05
4.9338e-05
6.9074e-05
8.8809e-05
0.00010854
0.00012828
0.00014802
0.00016775
0.00018749
0.00020722
0.00022696
0.00024669
0.00026643
0.00028616
0.0003059
0.00032563
0.00034537
0.0003651
0.00038484
0.00040458
0.00042431
0.00044405
0.00046378
0.00048352
0.00050325
0.00052299
0.00054272
0.00056246
0.00058219
0.00060192
0.00062161
0.00064119
0.00066056
0.00067962
0.00069783
0.00071441
0.00073003
0.00074183
0.00074731
0.00075378
0.00074131
0.00072917
0.00070275
0.00065126
0.00060662
0.00051366
0.00042995
0.00030218
0.00016607
