-0.00011234
-0.00011699
-0.00011723
-0.00011718
-0.00011711
-0.00011703
-0.00011696
-0.00011689
-0.00011681
-0.00011674
-0.00011667
-0.00011659
-0.00011652
-0.00011645
-0.00011637
-0.0001163
-0.00011623
-0.00011615
-0.00011608
-0.00011601
-0.00011593
-0.00011586
-0.00011578
-0.00011571
-0.00011564
-0.00011556
-0.00011549
-0.00011542
-0.00011534
-0.00011527
-0.0001152
-0.00011512
-0.00011505
-0.00011498
-0.0001149
-0.00011483
-0.00011476
-0.00011468
-0.00011461
-0.00011454
-0.00011446
-0.00011439
-0.00011432
-0.00011424
-0.00011417
-0.0001141
-0.00011402
-0.00011395
-0.00011388
-0.0001138
-0.00011373
-0.00011366
-0.00011358
-0.00011351
-0.00011344
-0.00011336
-0.00011329
-0.00011322
-0.00011314
-0.00011307
-0.000113
-0.00011292
-0.00011285
-0.00011278
-0.0001127
-0.00011263
-0.00011256
-0.00011248
-0.00011241
-0.00011234
-0.00011226
-0.00011219
-0.00011211
-0.00011204
-0.00011197
-0.00011189
-0.00011182
-0.00011175
-0.00011167
-0.0001116
-0.00011153
-0.00011145
-0.00011138
-0.00011131
-0.00011123
-0.00011116
-0.00011109
-0.00011101
-0.00011094
-0.00011087
-0.00011079
-0.00011072
-0.00011065
-0.00011057
-0.0001105
-0.00011043
-0.00011035
-0.00011028
-0.00011021
-0.00011013
-0.00011006
-0.00010999
-0.00010991
-0.00010984
-0.00010977
-0.00010969
-0.00010962
-0.00010955
-0.00010947
-0.0001094
-0.00010933
-0.00010925
-0.00010918
-0.00010911
-0.00010903
-0.00010896
-0.00010889
-0.00010881
-0.00010874
-0.00010866
-0.00010859
-0.00010852
-0.00010844
-0.00010837
-0.0001083
-0.00010822
-0.00010815
-0.00010808
-0.000108
-0.00010793
-0.00010786
-0.00010778
-0.00010771
-0.00010764
-0.00010756
-0.00010749
-0.00010742
-0.00010734
-0.00010727
-0.0001072
-0.00010712
-0.00010705
-0.00010698
-0.0001069
-0.00010683
-0.00010676
-0.00010668
-0.00010661
-0.00010654
-0.00010646
-0.00010639
-0.00010632
-0.00010624
-0.00010617
-0.0001061
-0.00010602
-0.00010595
-0.00010588
-0.0001058
-0.00010573
-0.00010566
-0.00010558
-0.00010551
-0.00010544
-0.00010536
-0.00010529
-0.00010522
-0.00010514
-0.00010507
-0.00010499
-0.00010492
-0.00010485
-0.00010477
-0.0001047
-0.00010463
-0.00010455
-0.00010448
-0.00010441
-0.00010433
-0.00010426
-0.00010419
-0.00010411
-0.00010404
-0.00010397
-0.00010389
-0.00010382
-0.00010375
-0.00010367
-0.0001036
-0.00010353
-0.00010345
-0.00010338
-0.00010331
-0.00010323
-0.00010316
-0.00010309
-0.00010301
-0.00010294
-0.00010287
-0.00010279
-0.00010272
-0.00010265
-0.00010257
-0.0001025
-0.00010243
-0.00010235
-0.00010228
-0.00010221
-0.00010213
-0.00010206
-0.00010199
-0.00010191
-0.00010184
-0.00010177
-0.00010169
-0.00010162
-0.00010154
-0.00010147
-0.0001014
-0.00010132
-0.00010125
-0.00010118
-0.0001011
-0.00010103
-0.00010096
-0.00010088
-0.00010081
-0.00010074
-0.00010066
-0.00010059
-0.00010052
-0.00010044
-0.00010037
-0.0001003
-0.00010022
-0.00010015
-0.00010008
-0.0001
-9.993e-05
-9.9857e-05
-9.9783e-05
-9.971e-05
-9.9636e-05
-9.9563e-05
-9.949e-05
-9.9416e-05
-9.9343e-05
-9.9269e-05
-9.9196e-05
-9.9123e-05
-9.9049e-05
-9.8976e-05
-9.8902e-05
-9.8829e-05
-9.8756e-05
-9.8682e-05
-9.8609e-05
-9.8535e-05
-9.8462e-05
-9.8389e-05
-9.8315e-05
-9.8242e-05
-9.8168e-05
-9.8095e-05
-9.8022e-05
-9.7948e-05
-9.7875e-05
-9.7801e-05
-9.7728e-05
-9.7655e-05
-9.7581e-05
-9.7508e-05
-9.7434e-05
-9.7361e-05
-9.7288e-05
-9.7214e-05
-9.7141e-05
-9.7067e-05
-9.6994e-05
-9.6921e-05
-9.6847e-05
-9.6774e-05
-9.67e-05
-9.6627e-05
-9.6554e-05
-9.648e-05
-9.6407e-05
-9.6333e-05
-9.626e-05
-9.6187e-05
-9.6113e-05
-9.604e-05
-9.5966e-05
-9.5893e-05
-9.582e-05
-9.5746e-05
-9.5673e-05
-9.5599e-05
-9.5526e-05
-9.5453e-05
-9.5379e-05
-9.5306e-05
-9.5232e-05
-9.5159e-05
-9.5086e-05
-9.5012e-05
-9.4939e-05
-9.4865e-05
-9.4792e-05
-9.4719e-05
-9.4645e-05
-9.4572e-05
-9.4498e-05
-9.4425e-05
-9.4351e-05
-9.4278e-05
-9.4205e-05
-9.4131e-05
-9.4058e-05
-9.3984e-05
-9.3911e-05
-9.3838e-05
-9.3764e-05
-9.3691e-05
-9.3617e-05
-9.3544e-05
-9.3471e-05
-9.3397e-05
-9.3324e-05
-9.325e-05
-9.3177e-05
-9.3104e-05
-9.303e-05
-9.2957e-05
-9.2883e-05
-9.281e-05
-9.2737e-05
-9.2663e-05
-9.259e-05
-9.2516e-05
-9.2443e-05
-9.237e-05
-9.2296e-05
-9.2223e-05
-9.2149e-05
-9.2076e-05
-9.2003e-05
-9.1929e-05
-9.1856e-05
-9.1782e-05
-9.1709e-05
-9.1636e-05
-9.1562e-05
-9.1489e-05
-9.1415e-05
-9.1342e-05
-9.1269e-05
-9.1195e-05
-9.1122e-05
-9.1048e-05
-9.0975e-05
-9.0902e-05
-9.0828e-05
-9.0755e-05
-9.0681e-05
-9.0608e-05
-9.0535e-05
-9.0461e-05
-9.0388e-05
-9.0314e-05
-9.0241e-05
-9.0168e-05
-9.0094e-05
-9.0021e-05
-8.9947e-05
-8.9874e-05
-8.9801e-05
-8.9727e-05
-8.9654e-05
-8.958e-05
-8.9507e-05
-8.9434e-05
-8.936e-05
-8.9287e-05
-8.9213e-05
-8.914e-05
-8.9067e-05
-8.8993e-05
-8.892e-05
-8.8846e-05
-8.8773e-05
-8.87e-05
-8.8626e-05
-8.8553e-05
-8.8479e-05
-8.8406e-05
-8.8333e-05
-8.8259e-05
-8.8186e-05
-8.8112e-05
-8.8039e-05
-8.7966e-05
-8.7892e-05
-8.7819e-05
-8.7745e-05
-8.7672e-05
-8.7599e-05
-8.7525e-05
-8.7452e-05
-8.7378e-05
-8.7305e-05
-8.7231e-05
-8.7158e-05
-8.7085e-05
-8.7011e-05
-8.6938e-05
-8.6864e-05
-8.6791e-05
-8.6718e-05
-8.6644e-05
-8.6571e-05
-8.6497e-05
-8.6424e-05
-8.6351e-05
-8.6277e-05
-8.6204e-05
-8.613e-05
-8.6057e-05
-8.5984e-05
-8.591e-05
-8.5837e-05
-8.5763e-05
-8.569e-05
-8.5617e-05
-8.5543e-05
-8.547e-05
-8.5396e-05
-8.5323e-05
-8.525e-05
-8.5176e-05
-8.5103e-05
-8.5029e-05
-8.4956e-05
-8.4883e-05
-8.4809e-05
-8.4736e-05
-8.4662e-05
-8.4589e-05
-8.4516e-05
-8.4442e-05
-8.4369e-05
-8.4295e-05
-8.4222e-05
-8.4149e-05
-8.4075e-05
-8.4002e-05
-8.3928e-05
-8.3855e-05
-8.3782e-05
-8.3708e-05
-8.3635e-05
-8.3561e-05
-8.3488e-05
-8.3415e-05
-8.3341e-05
-8.3268e-05
-8.3194e-05
-8.3121e-05
-8.3048e-05
-8.2974e-05
-8.2901e-05
-8.2827e-05
-8.2754e-05
-8.2681e-05
-8.2607e-05
-8.2534e-05
-8.246e-05
-8.2387e-05
-8.2314e-05
-8.224e-05
-8.2167e-05
-8.2093e-05
-8.202e-05
-8.1947e-05
-8.1873e-05
-8.18e-05
-8.1726e-05
-8.1653e-05
-8.158e-05
-8.1506e-05
-8.1433e-05
-8.1359e-05
-8.1286e-05
-8.1213e-05
-8.1139e-05
-8.1066e-05
-8.0992e-05
-8.0919e-05
-8.0846e-05
-8.0772e-05
-8.0699e-05
-8.0625e-05
-8.0552e-05
-8.0478e-05
-8.0405e-05
-8.0332e-05
-8.0258e-05
-8.0185e-05
-8.0111e-05
-8.0038e-05
-7.9965e-05
-7.9891e-05
-7.9818e-05
-7.9744e-05
-7.9671e-05
-7.9598e-05
-7.9524e-05
-7.9451e-05
-7.9377e-05
-7.9304e-05
-7.9231e-05
-7.9157e-05
-7.9084e-05
-7.901e-05
-7.8937e-05
-7.8864e-05
-7.879e-05
-7.8717e-05
-7.8643e-05
-7.857e-05
-7.8497e-05
-7.8423e-05
-7.835e-05
-7.8276e-05
-7.8203e-05
-7.813e-05
-7.8056e-05
-7.7983e-05
-7.7909e-05
-7.7836e-05
-7.7763e-05
-7.7689e-05
-7.7616e-05
-7.7542e-05
-7.7469e-05
-7.7396e-05
-7.7322e-05
-7.7249e-05
-7.7175e-05
-7.7102e-05
-7.7029e-05
-7.6955e-05
-7.6882e-05
-7.6808e-05
-7.6735e-05
-7.6662e-05
-7.6588e-05
-7.6515e-05
-7.6441e-05
-7.6368e-05
-7.6295e-05
-7.6221e-05
-7.6148e-05
-7.6074e-05
-7.6001e-05
-7.5928e-05
-7.5854e-05
-7.5781e-05
-7.5707e-05
-7.5634e-05
-7.5561e-05
-7.5487e-05
-7.5414e-05
-7.534e-05
-7.5267e-05
-7.5194e-05
-7.512e-05
-7.5047e-05
-7.4973e-05
-7.49e-05
-7.4827e-05
-7.4753e-05
-7.468e-05
-7.4606e-05
-7.4533e-05
-7.446e-05
-7.4386e-05
-7.4313e-05
-7.4239e-05
-7.4166e-05
-7.4093e-05
-7.4019e-05
-7.3946e-05
-7.3872e-05
-7.3799e-05
-7.3725e-05
-7.3652e-05
-7.3579e-05
-7.3505e-05
-7.3432e-05
-7.3358e-05
-7.3285e-05
-7.3212e-05
-7.3138e-05
-7.3065e-05
-7.2991e-05
-7.2918e-05
-7.2845e-05
-7.2771e-05
-7.2698e-05
-7.2624e-05
-7.2551e-05
-7.2478e-05
-7.2404e-05
-7.2331e-05
-7.2257e-05
-7.2184e-05
-7.2111e-05
-7.2037e-05
-7.1964e-05
-7.189e-05
-7.1817e-05
-7.1744e-05
-7.167e-05
-7.1597e-05
-7.1523e-05
-7.145e-05
-7.1377e-05
-7.1303e-05
-7.123e-05
-7.1156e-05
-7.1083e-05
-7.101e-05
-7.0936e-05
-7.0863e-05
-7.0789e-05
-7.0716e-05
-7.0643e-05
-7.0569e-05
-7.0496e-05
-7.0422e-05
-7.0349e-05
-7.0276e-05
-7.0202e-05
-7.0129e-05
-7.0055e-05
-6.9982e-05
-6.9909e-05
-6.9835e-05
-6.9762e-05
-6.9688e-05
-6.9615e-05
-6.9542e-05
-6.9468e-05
-6.9395e-05
-6.9321e-05
-6.9248e-05
-6.9175e-05
-6.9101e-05
-6.9028e-05
-6.8954e-05
-6.8881e-05
-6.8808e-05
-6.8734e-05
-6.8661e-05
-6.8587e-05
-6.8514e-05
-6.8441e-05
-6.8367e-05
-6.8294e-05
-6.822e-05
-6.8147e-05
-6.8074e-05
-6.8e-05
-6.7927e-05
-6.7853e-05
-6.778e-05
-6.7707e-05
-6.7633e-05
-6.756e-05
-6.7486e-05
-6.7413e-05
-6.734e-05
-6.7266e-05
-6.7193e-05
-6.7119e-05
-6.7046e-05
-6.6973e-05
-6.6899e-05
-6.6826e-05
-6.6752e-05
-6.6679e-05
-6.6605e-05
-6.6532e-05
-6.6459e-05
-6.6385e-05
-6.6312e-05
-6.6238e-05
-6.6165e-05
-6.6092e-05
-6.6018e-05
-6.5945e-05
-6.5871e-05
-6.5798e-05
-6.5725e-05
-6.5651e-05
-6.5578e-05
-6.5504e-05
-6.5431e-05
-6.5358e-05
-6.5284e-05
-6.5211e-05
-6.5137e-05
-6.5064e-05
-6.4991e-05
-6.4917e-05
-6.4844e-05
-6.477e-05
-6.4697e-05
-6.4624e-05
-6.455e-05
-6.4477e-05
-6.4403e-05
-6.433e-05
-6.4257e-05
-6.4183e-05
-6.411e-05
-6.4036e-05
-6.3963e-05
-6.389e-05
-6.3816e-05
-6.3743e-05
-6.3669e-05
-6.3596e-05
-6.3523e-05
-6.3449e-05
-6.3376e-05
-6.3302e-05
-6.3229e-05
-6.3156e-05
-6.3082e-05
-6.3009e-05
-6.2935e-05
-6.2862e-05
-6.2789e-05
-6.2715e-05
-6.2642e-05
-6.2568e-05
-6.2495e-05
-6.2422e-05
-6.2348e-05
-6.2275e-05
-6.2201e-05
-6.2128e-05
-6.2055e-05
-6.1981e-05
-6.1908e-05
-6.1834e-05
-6.1761e-05
-6.1688e-05
-6.1614e-05
-6.1541e-05
-6.1467e-05
-6.1394e-05
-6.1321e-05
-6.1247e-05
-6.1174e-05
-6.11e-05
-6.1027e-05
-6.0954e-05
-6.088e-05
-6.0807e-05
-6.0733e-05
-6.066e-05
-6.0587e-05
-6.0513e-05
-6.044e-05
-6.0366e-05
-6.0293e-05
-6.022e-05
-6.0146e-05
-6.0073e-05
-5.9999e-05
-5.9926e-05
-5.9852e-05
-5.9779e-05
-5.9706e-05
-5.9632e-05
-5.9559e-05
-5.9485e-05
-5.9412e-05
-5.9339e-05
-5.9265e-05
-5.9192e-05
-5.9118e-05
-5.9045e-05
-5.8972e-05
-5.8898e-05
-5.8825e-05
-5.8751e-05
-5.8678e-05
-5.8605e-05
-5.8531e-05
-5.8458e-05
-5.8384e-05
-5.8311e-05
-5.8238e-05
-5.8164e-05
-5.8091e-05
-5.8017e-05
-5.7944e-05
-5.7871e-05
-5.7797e-05
-5.7724e-05
-5.765e-05
-5.7577e-05
-5.7504e-05
-5.743e-05
-5.7357e-05
-5.7283e-05
-5.721e-05
-5.7137e-05
-5.7063e-05
-5.699e-05
-5.6916e-05
-5.6843e-05
-5.677e-05
-5.6696e-05
-5.6623e-05
-5.6549e-05
-5.6476e-05
-5.6403e-05
-5.6329e-05
-5.6256e-05
-5.6182e-05
-5.6109e-05
-5.6036e-05
-5.5962e-05
-5.5889e-05
-5.5815e-05
-5.5742e-05
-5.5669e-05
-5.5595e-05
-5.5522e-05
-5.5448e-05
-5.5375e-05
-5.5302e-05
-5.5228e-05
-5.5155e-05
-5.5081e-05
-5.5008e-05
-5.4935e-05
-5.4861e-05
-5.4788e-05
-5.4714e-05
-5.4641e-05
-5.4568e-05
-5.4494e-05
-5.4421e-05
-5.4347e-05
-5.4274e-05
-5.4201e-05
-5.4127e-05
-5.4054e-05
-5.398e-05
-5.3907e-05
-5.3834e-05
-5.376e-05
-5.3687e-05
-5.3613e-05
-5.354e-05
-5.3467e-05
-5.3393e-05
-5.332e-05
-5.3246e-05
-5.3173e-05
-5.31e-05
-5.3026e-05
-5.2953e-05
-5.2879e-05
-5.2806e-05
-5.2732e-05
-5.2659e-05
-5.2586e-05
-5.2512e-05
-5.2439e-05
-5.2365e-05
-5.2292e-05
-5.2219e-05
-5.2145e-05
-5.2072e-05
-5.1998e-05
-5.1925e-05
-5.1852e-05
-5.1778e-05
-5.1705e-05
-5.1631e-05
-5.1558e-05
-5.1485e-05
-5.1411e-05
-5.1338e-05
-5.1264e-05
-5.1191e-05
-5.1118e-05
-5.1044e-05
-5.0971e-05
-5.0897e-05
-5.0824e-05
-5.0751e-05
-5.0677e-05
-5.0604e-05
-5.053e-05
-5.0457e-05
-5.0384e-05
-5.031e-05
-5.0237e-05
-5.0163e-05
-5.009e-05
-5.0017e-05
-4.9943e-05
-4.987e-05
-4.9796e-05
-4.9723e-05
-4.965e-05
-4.9576e-05
-4.9503e-05
-4.9429e-05
-4.9356e-05
-4.9283e-05
-4.9209e-05
-4.9136e-05
-4.9062e-05
-4.8989e-05
-4.8916e-05
-4.8842e-05
-4.8769e-05
-4.8695e-05
-4.8622e-05
-4.8549e-05
-4.8475e-05
-4.8402e-05
-4.8328e-05
-4.8255e-05
-4.8182e-05
-4.8108e-05
-4.8035e-05
-4.7961e-05
-4.7888e-05
-4.7815e-05
-4.7741e-05
-4.7668e-05
-4.7594e-05
-4.7521e-05
-4.7448e-05
-4.7374e-05
-4.7301e-05
-4.7227e-05
-4.7154e-05
-4.7081e-05
-4.7007e-05
-4.6934e-05
-4.686e-05
-4.6787e-05
-4.6714e-05
-4.664e-05
-4.6567e-05
-4.6493e-05
-4.642e-05
-4.6347e-05
-4.6273e-05
-4.62e-05
-4.6126e-05
-4.6053e-05
-4.5979e-05
-4.5906e-05
-4.5833e-05
-4.5759e-05
-4.5686e-05
-4.5612e-05
-4.5539e-05
-4.5466e-05
-4.5392e-05
-4.5319e-05
-4.5245e-05
-4.5172e-05
-4.5099e-05
-4.5025e-05
-4.4952e-05
-4.4878e-05
-4.4805e-05
-4.4732e-05
-4.4658e-05
-4.4585e-05
-4.4511e-05
-4.4438e-05
-4.4365e-05
-4.4291e-05
-4.4218e-05
-4.4144e-05
-4.4071e-05
-4.3998e-05
-4.3924e-05
-4.3851e-05
-4.3777e-05
-4.3704e-05
-4.3631e-05
-4.3557e-05
-4.3484e-05
-4.341e-05
-4.3337e-05
-4.3264e-05
-4.319e-05
-4.3117e-05
-4.3043e-05
-4.297e-05
-4.2897e-05
-4.2823e-05
-4.275e-05
-4.2676e-05
-4.2603e-05
-4.253e-05
-4.2456e-05
-4.2383e-05
-4.2309e-05
-4.2236e-05
-4.2163e-05
-4.2089e-05
-4.2016e-05
-4.1942e-05
-4.1869e-05
-4.1796e-05
-4.1722e-05
-4.1649e-05
-4.1575e-05
-4.1502e-05
-4.1429e-05
-4.1355e-05
-4.1282e-05
-4.1208e-05
-4.1135e-05
-4.1062e-05
-4.0988e-05
-4.0915e-05
-4.0841e-05
-4.0768e-05
-4.0695e-05
-4.0621e-05
-4.0548e-05
-4.0474e-05
-4.0401e-05
-4.0328e-05
-4.0254e-05
-4.0181e-05
-4.0107e-05
-4.0034e-05
-3.9961e-05
-3.9887e-05
-3.9814e-05
-3.974e-05
-3.9667e-05
-3.9594e-05
-3.952e-05
-3.9447e-05
-3.9373e-05
-3.93e-05
-3.9226e-05
-3.9153e-05
-3.908e-05
-3.9006e-05
-3.8933e-05
-3.8859e-05
-3.8786e-05
-3.8713e-05
-3.8639e-05
-3.8566e-05
-3.8492e-05
-3.8419e-05
-3.8346e-05
-3.8272e-05
-3.8199e-05
-3.8125e-05
-3.8052e-05
-3.7979e-05
-3.7905e-05
-3.7832e-05
-3.7758e-05
-3.7685e-05
-3.7612e-05
-3.7538e-05
-3.7465e-05
-3.7391e-05
-3.7318e-05
-3.7245e-05
-3.7171e-05
-3.7098e-05
-3.7024e-05
-3.6951e-05
-3.6878e-05
-3.6804e-05
-3.6731e-05
-3.6657e-05
-3.6584e-05
-3.6511e-05
-3.6437e-05
-3.6364e-05
-3.629e-05
-3.6217e-05
-3.6144e-05
-3.607e-05
-3.5997e-05
-3.5923e-05
-3.585e-05
-3.5777e-05
-3.5703e-05
-3.563e-05
-3.5556e-05
-3.5483e-05
-3.541e-05
-3.5336e-05
-3.5263e-05
-3.5189e-05
-3.5116e-05
-3.5043e-05
-3.4969e-05
-3.4896e-05
-3.4822e-05
-3.4749e-05
-3.4676e-05
-3.4602e-05
-3.4529e-05
-3.4455e-05
-3.4382e-05
-3.4309e-05
-3.4235e-05
-3.4162e-05
-3.4088e-05
-3.4015e-05
-3.3942e-05
-3.3868e-05
-3.3795e-05
-3.3721e-05
-3.3648e-05
-3.3575e-05
-3.3501e-05
-3.3428e-05
-3.3354e-05
-3.3281e-05
-3.3208e-05
-3.3134e-05
-3.3061e-05
-3.2987e-05
-3.2914e-05
-3.2841e-05
-3.2767e-05
-3.2694e-05
-3.262e-05
-3.2547e-05
-3.2474e-05
-3.24e-05
-3.2327e-05
-3.2253e-05
-3.218e-05
-3.2106e-05
-3.2033e-05
-3.196e-05
-3.1886e-05
-3.1813e-05
-3.1739e-05
-3.1666e-05
-3.1593e-05
-3.1519e-05
-3.1446e-05
-3.1372e-05
-3.1299e-05
-3.1226e-05
-3.1152e-05
-3.1079e-05
-3.1005e-05
-3.0932e-05
-3.0859e-05
-3.0785e-05
-3.0712e-05
-3.0638e-05
-3.0565e-05
-3.0492e-05
-3.0418e-05
-3.0345e-05
-3.0271e-05
-3.0198e-05
-3.0125e-05
-3.0051e-05
-2.9978e-05
-2.9904e-05
-2.9831e-05
-2.9758e-05
-2.9684e-05
-2.9611e-05
-2.9537e-05
-2.9464e-05
-2.9391e-05
-2.9317e-05
-2.9244e-05
-2.917e-05
-2.9097e-05
-2.9024e-05
-2.895e-05
-2.8877e-05
-2.8803e-05
-2.873e-05
-2.8657e-05
-2.8583e-05
-2.851e-05
-2.8436e-05
-2.8363e-05
-2.829e-05
-2.8216e-05
-2.8143e-05
-2.8069e-05
-2.7996e-05
-2.7923e-05
-2.7849e-05
-2.7776e-05
-2.7702e-05
-2.7629e-05
-2.7556e-05
-2.7482e-05
-2.7409e-05
-2.7335e-05
-2.7262e-05
-2.7189e-05
-2.7115e-05
-2.7042e-05
-2.6968e-05
-2.6895e-05
-2.6822e-05
-2.6748e-05
-2.6675e-05
-2.6601e-05
-2.6528e-05
-2.6455e-05
-2.6381e-05
-2.6308e-05
-2.6234e-05
-2.6161e-05
-2.6088e-05
-2.6014e-05
-2.5941e-05
-2.5867e-05
-2.5794e-05
-2.5721e-05
-2.5647e-05
-2.5574e-05
-2.55e-05
-2.5427e-05
-2.5353e-05
-2.528e-05
-2.5207e-05
-2.5133e-05
-2.506e-05
-2.4986e-05
-2.4913e-05
-2.484e-05
-2.4766e-05
-2.4693e-05
-2.4619e-05
-2.4546e-05
-2.4473e-05
-2.4399e-05
-2.4326e-05
-2.4252e-05
-2.4179e-05
-2.4106e-05
-2.4032e-05
-2.3959e-05
-2.3885e-05
-2.3812e-05
-2.3739e-05
-2.3665e-05
-2.3592e-05
-2.3518e-05
-2.3445e-05
-2.3372e-05
-2.3298e-05
-2.3225e-05
-2.3151e-05
-2.3078e-05
-2.3005e-05
-2.2931e-05
-2.2858e-05
-2.2784e-05
-2.2711e-05
-2.2638e-05
-2.2564e-05
-2.2491e-05
-2.2417e-05
-2.2344e-05
-2.2271e-05
-2.2197e-05
-2.2124e-05
-2.205e-05
-2.1977e-05
-2.1904e-05
-2.183e-05
-2.1757e-05
-2.1683e-05
-2.161e-05
-2.1537e-05
-2.1463e-05
-2.139e-05
-2.1316e-05
-2.1243e-05
-2.117e-05
-2.1096e-05
-2.1023e-05
-2.0949e-05
-2.0876e-05
-2.0803e-05
-2.0729e-05
-2.0656e-05
-2.0582e-05
-2.0509e-05
-2.0436e-05
-2.0362e-05
-2.0289e-05
-2.0215e-05
-2.0142e-05
-2.0069e-05
-1.9995e-05
-1.9922e-05
-1.9848e-05
-1.9775e-05
-1.9702e-05
-1.9628e-05
-1.9555e-05
-1.9481e-05
-1.9408e-05
-1.9335e-05
-1.9261e-05
-1.9188e-05
-1.9114e-05
-1.9041e-05
-1.8968e-05
-1.8894e-05
-1.8821e-05
-1.8747e-05
-1.8674e-05
-1.86e-05
-1.8527e-05
-1.8454e-05
-1.838e-05
-1.8307e-05
-1.8233e-05
-1.816e-05
-1.8087e-05
-1.8013e-05
-1.794e-05
-1.7866e-05
-1.7793e-05
-1.772e-05
-1.7646e-05
-1.7573e-05
-1.7499e-05
-1.7426e-05
-1.7353e-05
-1.7279e-05
-1.7206e-05
-1.7132e-05
-1.7059e-05
-1.6986e-05
-1.6912e-05
-1.6839e-05
-1.6765e-05
-1.6692e-05
-1.6619e-05
-1.6545e-05
-1.6472e-05
-1.6398e-05
-1.6325e-05
-1.6252e-05
-1.6178e-05
-1.6105e-05
-1.6031e-05
-1.5958e-05
-1.5885e-05
-1.5811e-05
-1.5738e-05
-1.5664e-05
-1.5591e-05
-1.5518e-05
-1.5444e-05
-1.5371e-05
-1.5297e-05
-1.5224e-05
-1.5151e-05
-1.5077e-05
-1.5004e-05
-1.493e-05
-1.4857e-05
-1.4784e-05
-1.471e-05
-1.4637e-05
-1.4563e-05
-1.449e-05
-1.4417e-05
-1.4343e-05
-1.427e-05
-1.4196e-05
-1.4123e-05
-1.405e-05
-1.3976e-05
-1.3903e-05
-1.3829e-05
-1.3756e-05
-1.3683e-05
-1.3609e-05
-1.3536e-05
-1.3462e-05
-1.3389e-05
-1.3316e-05
-1.3242e-05
-1.3169e-05
-1.3095e-05
-1.3022e-05
-1.2949e-05
-1.2875e-05
-1.2802e-05
-1.2728e-05
-1.2655e-05
-1.2582e-05
-1.2508e-05
-1.2435e-05
-1.2361e-05
-1.2288e-05
-1.2215e-05
-1.2141e-05
-1.2068e-05
-1.1994e-05
-1.1921e-05
-1.1848e-05
-1.1774e-05
-1.1701e-05
-1.1627e-05
-1.1554e-05
-1.148e-05
-1.1407e-05
-1.1334e-05
-1.126e-05
-1.1187e-05
-1.1113e-05
-1.104e-05
-1.0967e-05
-1.0893e-05
-1.082e-05
-1.0746e-05
-1.0673e-05
-1.06e-05
-1.0526e-05
-1.0453e-05
-1.0379e-05
-1.0306e-05
-1.0233e-05
-1.0159e-05
-1.0086e-05
-1.0012e-05
-9.939e-06
-9.8656e-06
-9.7922e-06
-9.7188e-06
-9.6454e-06
-9.572e-06
-9.4986e-06
-9.4252e-06
-9.3518e-06
-9.2784e-06
-9.205e-06
-9.1316e-06
-9.0582e-06
-8.9848e-06
-8.9114e-06
-8.838e-06
-8.7646e-06
-8.6912e-06
-8.6178e-06
-8.5444e-06
-8.471e-06
-8.3976e-06
-8.3242e-06
-8.2508e-06
-8.1774e-06
-8.104e-06
-8.0306e-06
-7.9572e-06
-7.8838e-06
-7.8104e-06
-7.737e-06
-7.6636e-06
-7.5902e-06
-7.5168e-06
-7.4434e-06
-7.37e-06
-7.2966e-06
-7.2232e-06
-7.1498e-06
-7.0764e-06
-7.003e-06
-6.9296e-06
-6.8562e-06
-6.7828e-06
-6.7094e-06
-6.636e-06
-6.5625e-06
-6.4891e-06
-6.4157e-06
-6.3423e-06
-6.2689e-06
-6.1955e-06
-6.1221e-06
-6.0487e-06
-5.9753e-06
-5.9019e-06
-5.8285e-06
-5.7551e-06
-5.6817e-06
-5.6083e-06
-5.5349e-06
-5.4615e-06
-5.3881e-06
-5.3147e-06
-5.2413e-06
-5.1679e-06
-5.0945e-06
-5.0211e-06
-4.9477e-06
-4.8743e-06
-4.8009e-06
-4.7275e-06
-4.6541e-06
-4.5807e-06
-4.5073e-06
-4.4339e-06
-4.3605e-06
-4.2871e-06
-4.2137e-06
-4.1403e-06
-4.0669e-06
-3.9935e-06
-3.9201e-06
-3.8467e-06
-3.7733e-06
-3.6999e-06
-3.6265e-06
-3.5531e-06
-3.4797e-06
-3.4063e-06
-3.3329e-06
-3.2595e-06
-3.186e-06
-3.1126e-06
-3.0392e-06
-2.9658e-06
-2.8924e-06
-2.819e-06
-2.7456e-06
-2.6722e-06
-2.5988e-06
-2.5254e-06
-2.452e-06
-2.3786e-06
-2.3052e-06
-2.2318e-06
-2.1584e-06
-2.085e-06
-2.0116e-06
-1.9382e-06
-1.8648e-06
-1.7914e-06
-1.718e-06
-1.6446e-06
-1.5712e-06
-1.4978e-06
-1.4244e-06
-1.351e-06
-1.2776e-06
-1.2042e-06
-1.1308e-06
-1.0574e-06
-9.8399e-07
-9.1058e-07
-8.3718e-07
-7.6378e-07
-6.9038e-07
-6.1698e-07
-5.4357e-07
-4.7017e-07
-3.9677e-07
-3.2337e-07
-2.4996e-07
-1.7656e-07
-1.0316e-07
-2.9758e-08
4.3644e-08
1.1705e-07
1.9045e-07
2.6385e-07
3.3725e-07
4.1065e-07
4.8406e-07
5.5746e-07
6.3086e-07
7.0426e-07
7.7767e-07
8.5107e-07
9.2447e-07
9.9787e-07
1.0713e-06
1.1447e-06
1.2181e-06
1.2915e-06
1.3649e-06
1.4383e-06
1.5117e-06
1.5851e-06
1.6585e-06
1.7319e-06
1.8053e-06
1.8787e-06
1.9521e-06
2.0255e-06
2.0989e-06
2.1723e-06
2.2457e-06
2.3191e-06
2.3925e-06
2.4659e-06
2.5393e-06
2.6127e-06
2.6861e-06
2.7595e-06
2.8329e-06
2.9063e-06
2.9797e-06
3.0531e-06
3.1265e-06
3.1999e-06
3.2733e-06
3.3467e-06
3.4201e-06
3.4935e-06
3.5669e-06
3.6403e-06
3.7138e-06
3.7872e-06
3.8606e-06
3.934e-06
4.0074e-06
4.0808e-06
4.1542e-06
4.2276e-06
4.301e-06
4.3744e-06
4.4478e-06
4.5212e-06
4.5946e-06
4.668e-06
4.7414e-06
4.8148e-06
4.8882e-06
4.9616e-06
5.035e-06
5.1084e-06
5.1818e-06
5.2552e-06
5.3286e-06
5.402e-06
5.4754e-06
5.5488e-06
5.6222e-06
5.6956e-06
5.769e-06
5.8424e-06
5.9158e-06
5.9892e-06
6.0626e-06
6.136e-06
6.2094e-06
6.2828e-06
6.3562e-06
6.4296e-06
6.503e-06
6.5764e-06
6.6498e-06
6.7232e-06
6.7966e-06
6.87e-06
6.9434e-06
7.0168e-06
7.0902e-06
7.1637e-06
7.2371e-06
7.3105e-06
7.3839e-06
7.4573e-06
7.5307e-06
7.6041e-06
7.6775e-06
7.7509e-06
7.8243e-06
7.8977e-06
7.9711e-06
8.0445e-06
8.1179e-06
8.1913e-06
8.2647e-06
8.3381e-06
8.4115e-06
8.4849e-06
8.5583e-06
8.6317e-06
8.7051e-06
8.7785e-06
8.8519e-06
8.9253e-06
8.9987e-06
9.0721e-06
9.1455e-06
9.2189e-06
9.2923e-06
9.3657e-06
9.4391e-06
9.5125e-06
9.5859e-06
9.6593e-06
9.7327e-06
9.8061e-06
9.8795e-06
9.9529e-06
1.0026e-05
1.01e-05
1.0173e-05
1.0247e-05
1.032e-05
1.0393e-05
1.0467e-05
1.054e-05
1.0614e-05
1.0687e-05
1.076e-05
1.0834e-05
1.0907e-05
1.0981e-05
1.1054e-05
1.1127e-05
1.1201e-05
1.1274e-05
1.1348e-05
1.1421e-05
1.1494e-05
1.1568e-05
1.1641e-05
1.1715e-05
1.1788e-05
1.1861e-05
1.1935e-05
1.2008e-05
1.2082e-05
1.2155e-05
1.2228e-05
1.2302e-05
1.2375e-05
1.2449e-05
1.2522e-05
1.2595e-05
1.2669e-05
1.2742e-05
1.2816e-05
1.2889e-05
1.2962e-05
1.3036e-05
1.3109e-05
1.3183e-05
1.3256e-05
1.3329e-05
1.3403e-05
1.3476e-05
1.355e-05
1.3623e-05
1.3696e-05
1.377e-05
1.3843e-05
1.3917e-05
1.399e-05
1.4063e-05
1.4137e-05
1.421e-05
1.4284e-05
1.4357e-05
1.443e-05
1.4504e-05
1.4577e-05
1.4651e-05
1.4724e-05
1.4797e-05
1.4871e-05
1.4944e-05
1.5018e-05
1.5091e-05
1.5164e-05
1.5238e-05
1.5311e-05
1.5385e-05
1.5458e-05
1.5531e-05
1.5605e-05
1.5678e-05
1.5752e-05
1.5825e-05
1.5899e-05
1.5972e-05
1.6045e-05
1.6119e-05
1.6192e-05
1.6266e-05
1.6339e-05
1.6412e-05
1.6486e-05
1.6559e-05
1.6633e-05
1.6706e-05
1.6779e-05
1.6853e-05
1.6926e-05
1.7e-05
1.7073e-05
1.7146e-05
1.722e-05
1.7293e-05
1.7367e-05
1.744e-05
1.7513e-05
1.7587e-05
1.766e-05
1.7734e-05
1.7807e-05
1.788e-05
1.7954e-05
1.8027e-05
1.8101e-05
1.8174e-05
1.8247e-05
1.8321e-05
1.8394e-05
1.8468e-05
1.8541e-05
1.8614e-05
1.8688e-05
1.8761e-05
1.8835e-05
1.8908e-05
1.8981e-05
1.9055e-05
1.9128e-05
1.9202e-05
1.9275e-05
1.9348e-05
1.9422e-05
1.9495e-05
1.9569e-05
1.9642e-05
1.9715e-05
1.9789e-05
1.9862e-05
1.9936e-05
2.0009e-05
2.0082e-05
2.0156e-05
2.0229e-05
2.0303e-05
2.0376e-05
2.0449e-05
2.0523e-05
2.0596e-05
2.067e-05
2.0743e-05
2.0816e-05
2.089e-05
2.0963e-05
2.1037e-05
2.111e-05
2.1183e-05
2.1257e-05
2.133e-05
2.1404e-05
2.1477e-05
2.155e-05
2.1624e-05
2.1697e-05
2.1771e-05
2.1844e-05
2.1917e-05
2.1991e-05
2.2064e-05
2.2138e-05
2.2211e-05
2.2284e-05
2.2358e-05
2.2431e-05
2.2505e-05
2.2578e-05
2.2652e-05
2.2725e-05
2.2798e-05
2.2872e-05
2.2945e-05
2.3019e-05
2.3092e-05
2.3165e-05
2.3239e-05
2.3312e-05
2.3386e-05
2.3459e-05
2.3532e-05
2.3606e-05
2.3679e-05
2.3753e-05
2.3826e-05
2.3899e-05
2.3973e-05
2.4046e-05
2.412e-05
2.4193e-05
2.4266e-05
2.434e-05
2.4413e-05
2.4487e-05
2.456e-05
2.4633e-05
2.4707e-05
2.478e-05
2.4854e-05
2.4927e-05
2.5e-05
2.5074e-05
2.5147e-05
2.5221e-05
2.5294e-05
2.5367e-05
2.5441e-05
2.5514e-05
2.5588e-05
2.5661e-05
2.5734e-05
2.5808e-05
2.5881e-05
2.5955e-05
2.6028e-05
2.6101e-05
2.6175e-05
2.6248e-05
2.6322e-05
2.6395e-05
2.6468e-05
2.6542e-05
2.6615e-05
2.6689e-05
2.6762e-05
2.6835e-05
2.6909e-05
2.6982e-05
2.7056e-05
2.7129e-05
2.7202e-05
2.7276e-05
2.7349e-05
2.7423e-05
2.7496e-05
2.7569e-05
2.7643e-05
2.7716e-05
2.779e-05
2.7863e-05
2.7936e-05
2.801e-05
2.8083e-05
2.8157e-05
2.823e-05
2.8303e-05
2.8377e-05
2.845e-05
2.8524e-05
2.8597e-05
2.867e-05
2.8744e-05
2.8817e-05
2.8891e-05
2.8964e-05
2.9037e-05
2.9111e-05
2.9184e-05
2.9258e-05
2.9331e-05
2.9404e-05
2.9478e-05
2.9551e-05
2.9625e-05
2.9698e-05
2.9772e-05
2.9845e-05
2.9918e-05
2.9992e-05
3.0065e-05
3.0139e-05
3.0212e-05
3.0285e-05
3.0359e-05
3.0432e-05
3.0506e-05
3.0579e-05
3.0652e-05
3.0726e-05
3.0799e-05
3.0873e-05
3.0946e-05
3.1019e-05
3.1093e-05
3.1166e-05
3.124e-05
3.1313e-05
3.1386e-05
3.146e-05
3.1533e-05
3.1607e-05
3.168e-05
3.1753e-05
3.1827e-05
3.19e-05
3.1974e-05
3.2047e-05
3.212e-05
3.2194e-05
3.2267e-05
3.2341e-05
3.2414e-05
3.2487e-05
3.2561e-05
3.2634e-05
3.2708e-05
3.2781e-05
3.2854e-05
3.2928e-05
3.3001e-05
3.3075e-05
3.3148e-05
3.3221e-05
3.3295e-05
3.3368e-05
3.3442e-05
3.3515e-05
3.3588e-05
3.3662e-05
3.3735e-05
3.3809e-05
3.3882e-05
3.3955e-05
3.4029e-05
3.4102e-05
3.4176e-05
3.4249e-05
3.4322e-05
3.4396e-05
3.4469e-05
3.4543e-05
3.4616e-05
3.4689e-05
3.4763e-05
3.4836e-05
3.491e-05
3.4983e-05
3.5056e-05
3.513e-05
3.5203e-05
3.5277e-05
3.535e-05
3.5423e-05
3.5497e-05
3.557e-05
3.5644e-05
3.5717e-05
3.579e-05
3.5864e-05
3.5937e-05
3.6011e-05
3.6084e-05
3.6157e-05
3.6231e-05
3.6304e-05
3.6378e-05
3.6451e-05
3.6525e-05
3.6598e-05
3.6671e-05
3.6745e-05
3.6818e-05
3.6892e-05
3.6965e-05
3.7038e-05
3.7112e-05
3.7185e-05
3.7259e-05
3.7332e-05
3.7405e-05
3.7479e-05
3.7552e-05
3.7626e-05
3.7699e-05
3.7772e-05
3.7846e-05
3.7919e-05
3.7993e-05
3.8066e-05
3.8139e-05
3.8213e-05
3.8286e-05
3.836e-05
3.8433e-05
3.8506e-05
3.858e-05
3.8653e-05
3.8727e-05
3.88e-05
3.8873e-05
3.8947e-05
3.902e-05
3.9094e-05
3.9167e-05
3.924e-05
3.9314e-05
3.9387e-05
3.9461e-05
3.9534e-05
3.9607e-05
3.9681e-05
3.9754e-05
3.9828e-05
3.9901e-05
3.9974e-05
4.0048e-05
4.0121e-05
4.0195e-05
4.0268e-05
4.0341e-05
4.0415e-05
4.0488e-05
4.0562e-05
4.0635e-05
4.0708e-05
4.0782e-05
4.0855e-05
4.0929e-05
4.1002e-05
4.1075e-05
4.1149e-05
4.1222e-05
4.1296e-05
4.1369e-05
4.1442e-05
4.1516e-05
4.1589e-05
4.1663e-05
4.1736e-05
4.1809e-05
4.1883e-05
4.1956e-05
4.203e-05
4.2103e-05
4.2176e-05
4.225e-05
4.2323e-05
4.2397e-05
4.247e-05
4.2543e-05
4.2617e-05
4.269e-05
4.2764e-05
4.2837e-05
4.291e-05
4.2984e-05
4.3057e-05
4.3131e-05
4.3204e-05
4.3278e-05
4.3351e-05
4.3424e-05
4.3498e-05
4.3571e-05
4.3645e-05
4.3718e-05
4.3791e-05
4.3865e-05
4.3938e-05
4.4012e-05
4.4085e-05
4.4158e-05
4.4232e-05
4.4305e-05
4.4379e-05
4.4452e-05
4.4525e-05
4.4599e-05
4.4672e-05
4.4746e-05
4.4819e-05
4.4892e-05
4.4966e-05
4.5039e-05
4.5113e-05
4.5186e-05
4.5259e-05
4.5333e-05
4.5406e-05
4.548e-05
4.5553e-05
4.5626e-05
4.57e-05
4.5773e-05
4.5847e-05
4.592e-05
4.5993e-05
4.6067e-05
4.614e-05
4.6214e-05
4.6287e-05
4.636e-05
4.6434e-05
4.6507e-05
4.6581e-05
4.6654e-05
4.6727e-05
4.6801e-05
4.6874e-05
4.6948e-05
4.7021e-05
4.7094e-05
4.7168e-05
4.7241e-05
4.7315e-05
4.7388e-05
4.7461e-05
4.7535e-05
4.7608e-05
4.7682e-05
4.7755e-05
4.7828e-05
4.7902e-05
4.7975e-05
4.8049e-05
4.8122e-05
4.8195e-05
4.8269e-05
4.8342e-05
4.8416e-05
4.8489e-05
4.8562e-05
4.8636e-05
4.8709e-05
4.8783e-05
4.8856e-05
4.8929e-05
4.9003e-05
4.9076e-05
4.915e-05
4.9223e-05
4.9296e-05
4.937e-05
4.9443e-05
4.9517e-05
4.959e-05
4.9663e-05
4.9737e-05
4.981e-05
4.9884e-05
4.9957e-05
5.003e-05
5.0104e-05
5.0177e-05
5.0251e-05
5.0324e-05
5.0398e-05
5.0471e-05
5.0544e-05
5.0618e-05
5.0691e-05
5.0765e-05
5.0838e-05
5.0911e-05
5.0985e-05
5.1058e-05
5.1132e-05
5.1205e-05
5.1278e-05
5.1352e-05
5.1425e-05
5.1499e-05
5.1572e-05
5.1645e-05
5.1719e-05
5.1792e-05
5.1866e-05
5.1939e-05
5.2012e-05
5.2086e-05
5.2159e-05
5.2233e-05
5.2306e-05
5.2379e-05
5.2453e-05
5.2526e-05
5.26e-05
5.2673e-05
5.2746e-05
5.282e-05
5.2893e-05
5.2967e-05
5.304e-05
5.3113e-05
5.3187e-05
5.326e-05
5.3334e-05
5.3407e-05
5.348e-05
5.3554e-05
5.3627e-05
5.3701e-05
5.3774e-05
5.3847e-05
5.3921e-05
5.3994e-05
5.4068e-05
5.4141e-05
5.4214e-05
5.4288e-05
5.4361e-05
5.4435e-05
5.4508e-05
5.4581e-05
5.4655e-05
5.4728e-05
5.4802e-05
5.4875e-05
5.4948e-05
5.5022e-05
5.5095e-05
5.5169e-05
5.5242e-05
5.5315e-05
5.5389e-05
5.5462e-05
5.5536e-05
5.5609e-05
5.5682e-05
5.5756e-05
5.5829e-05
5.5903e-05
5.5976e-05
5.6049e-05
5.6123e-05
5.6196e-05
5.627e-05
5.6343e-05
5.6416e-05
5.649e-05
5.6563e-05
5.6637e-05
5.671e-05
5.6783e-05
5.6857e-05
5.693e-05
5.7004e-05
5.7077e-05
5.7151e-05
5.7224e-05
5.7297e-05
5.7371e-05
5.7444e-05
5.7518e-05
5.7591e-05
5.7664e-05
5.7738e-05
5.7811e-05
5.7885e-05
5.7958e-05
5.8031e-05
5.8105e-05
5.8178e-05
5.8252e-05
5.8325e-05
5.8398e-05
5.8472e-05
5.8545e-05
5.8619e-05
5.8692e-05
5.8765e-05
5.8839e-05
5.8912e-05
5.8986e-05
5.9059e-05
5.9132e-05
5.9206e-05
5.9279e-05
5.9353e-05
5.9426e-05
5.9499e-05
5.9573e-05
5.9646e-05
5.972e-05
5.9793e-05
5.9866e-05
5.994e-05
6.0013e-05
6.0087e-05
6.016e-05
6.0233e-05
6.0307e-05
6.038e-05
6.0454e-05
6.0527e-05
6.06e-05
6.0674e-05
6.0747e-05
6.0821e-05
6.0894e-05
6.0967e-05
6.1041e-05
6.1114e-05
6.1188e-05
6.1261e-05
6.1334e-05
6.1408e-05
6.1481e-05
6.1555e-05
6.1628e-05
6.1701e-05
6.1775e-05
6.1848e-05
6.1922e-05
6.1995e-05
6.2068e-05
6.2142e-05
6.2215e-05
6.2289e-05
6.2362e-05
6.2435e-05
6.2509e-05
6.2582e-05
6.2656e-05
6.2729e-05
6.2802e-05
6.2876e-05
6.2949e-05
6.3023e-05
6.3096e-05
6.3169e-05
6.3243e-05
6.3316e-05
6.339e-05
6.3463e-05
6.3536e-05
6.361e-05
6.3683e-05
6.3757e-05
6.383e-05
6.3903e-05
6.3977e-05
6.405e-05
6.4124e-05
6.4197e-05
6.4271e-05
6.4344e-05
6.4417e-05
6.4491e-05
6.4564e-05
6.4638e-05
6.4711e-05
6.4784e-05
6.4858e-05
6.4931e-05
6.5005e-05
6.5078e-05
6.5151e-05
6.5225e-05
6.5298e-05
6.5372e-05
6.5445e-05
6.5518e-05
6.5592e-05
6.5665e-05
6.5739e-05
6.5812e-05
6.5885e-05
6.5959e-05
6.6032e-05
6.6106e-05
6.6179e-05
6.6252e-05
6.6326e-05
6.6399e-05
6.6473e-05
6.6546e-05
6.6619e-05
6.6693e-05
6.6766e-05
6.684e-05
6.6913e-05
6.6986e-05
6.706e-05
6.7133e-05
6.7207e-05
6.728e-05
6.7353e-05
6.7427e-05
6.75e-05
6.7574e-05
6.7647e-05
6.772e-05
6.7794e-05
6.7867e-05
6.7941e-05
6.8014e-05
6.8087e-05
6.8161e-05
6.8234e-05
6.8308e-05
6.8381e-05
6.8454e-05
6.8528e-05
6.8601e-05
6.8675e-05
6.8748e-05
6.8821e-05
6.8895e-05
6.8968e-05
6.9042e-05
6.9115e-05
6.9188e-05
6.9262e-05
6.9335e-05
6.9409e-05
6.9482e-05
6.9555e-05
6.9629e-05
6.9702e-05
6.9776e-05
6.9849e-05
6.9922e-05
6.9996e-05
7.0069e-05
7.0143e-05
7.0216e-05
7.0289e-05
7.0363e-05
7.0436e-05
7.051e-05
7.0583e-05
7.0656e-05
7.073e-05
7.0803e-05
7.0877e-05
7.095e-05
7.1024e-05
7.1097e-05
7.117e-05
7.1244e-05
7.1317e-05
7.1391e-05
7.1464e-05
7.1537e-05
7.1611e-05
7.1684e-05
7.1758e-05
7.1831e-05
7.1904e-05
7.1978e-05
7.2051e-05
7.2125e-05
7.2198e-05
7.2271e-05
7.2345e-05
7.2418e-05
7.2492e-05
7.2565e-05
7.2638e-05
7.2712e-05
7.2785e-05
7.2859e-05
7.2932e-05
7.3005e-05
7.3079e-05
7.3152e-05
7.3226e-05
7.3299e-05
7.3372e-05
7.3446e-05
7.3519e-05
7.3593e-05
7.3666e-05
7.3739e-05
7.3813e-05
7.3886e-05
7.396e-05
7.4033e-05
7.4106e-05
7.418e-05
7.4253e-05
7.4327e-05
7.44e-05
7.4473e-05
7.4547e-05
7.462e-05
7.4694e-05
7.4767e-05
7.484e-05
7.4914e-05
7.4987e-05
7.5061e-05
7.5134e-05
7.5207e-05
7.5281e-05
7.5354e-05
7.5428e-05
7.5501e-05
7.5574e-05
7.5648e-05
7.5721e-05
7.5795e-05
7.5868e-05
7.5941e-05
7.6015e-05
7.6088e-05
7.6162e-05
7.6235e-05
7.6308e-05
7.6382e-05
7.6455e-05
7.6529e-05
7.6602e-05
7.6675e-05
7.6749e-05
7.6822e-05
7.6896e-05
7.6969e-05
7.7042e-05
7.7116e-05
7.7189e-05
7.7263e-05
7.7336e-05
7.7409e-05
7.7483e-05
7.7556e-05
7.763e-05
7.7703e-05
7.7777e-05
7.785e-05
7.7923e-05
7.7997e-05
7.807e-05
7.8144e-05
7.8217e-05
7.829e-05
7.8364e-05
7.8437e-05
7.8511e-05
7.8584e-05
7.8657e-05
7.8731e-05
7.8804e-05
7.8878e-05
7.8951e-05
7.9024e-05
7.9098e-05
7.9171e-05
7.9245e-05
7.9318e-05
7.9391e-05
7.9465e-05
7.9538e-05
7.9612e-05
7.9685e-05
7.9758e-05
7.9832e-05
7.9905e-05
7.9979e-05
8.0052e-05
8.0125e-05
8.0199e-05
8.0272e-05
8.0346e-05
8.0419e-05
8.0492e-05
8.0566e-05
8.0639e-05
8.0713e-05
8.0786e-05
8.0859e-05
8.0933e-05
8.1006e-05
8.108e-05
8.1153e-05
8.1226e-05
8.13e-05
8.1373e-05
8.1447e-05
8.152e-05
8.1593e-05
8.1667e-05
8.174e-05
8.1814e-05
8.1887e-05
8.196e-05
8.2034e-05
8.2107e-05
8.2181e-05
8.2254e-05
8.2327e-05
8.2401e-05
8.2474e-05
8.2548e-05
8.2621e-05
8.2694e-05
8.2768e-05
8.2841e-05
8.2915e-05
8.2988e-05
8.3061e-05
8.3135e-05
8.3208e-05
8.3282e-05
8.3355e-05
8.3428e-05
8.3502e-05
8.3575e-05
8.3649e-05
8.3722e-05
8.3795e-05
8.3869e-05
8.3942e-05
8.4016e-05
8.4089e-05
8.4162e-05
8.4236e-05
8.4309e-05
8.4383e-05
8.4456e-05
8.4529e-05
8.4603e-05
8.4676e-05
8.475e-05
8.4823e-05
8.4897e-05
8.497e-05
8.5043e-05
8.5117e-05
8.519e-05
8.5264e-05
8.5337e-05
8.541e-05
8.5484e-05
8.5557e-05
8.5631e-05
8.5704e-05
8.5777e-05
8.5851e-05
8.5924e-05
8.5998e-05
8.6071e-05
8.6144e-05
8.6218e-05
8.6291e-05
8.6365e-05
8.6438e-05
8.6511e-05
8.6585e-05
8.6658e-05
8.6732e-05
8.6805e-05
8.6878e-05
8.6952e-05
8.7025e-05
8.7099e-05
8.7172e-05
8.7245e-05
8.7319e-05
8.7392e-05
8.7466e-05
8.7539e-05
8.7612e-05
8.7686e-05
8.7759e-05
8.7833e-05
8.7906e-05
8.7979e-05
8.8053e-05
8.8126e-05
8.82e-05
8.8273e-05
8.8346e-05
8.842e-05
8.8493e-05
8.8567e-05
8.864e-05
8.8713e-05
8.8787e-05
8.886e-05
8.8934e-05
8.9007e-05
8.908e-05
8.9154e-05
8.9227e-05
8.9301e-05
8.9374e-05
8.9447e-05
8.9521e-05
8.9594e-05
8.9668e-05
8.9741e-05
8.9814e-05
8.9888e-05
8.9961e-05
9.0035e-05
9.0108e-05
9.0181e-05
9.0255e-05
9.0328e-05
9.0402e-05
9.0475e-05
9.0548e-05
9.0622e-05
9.0695e-05
9.0769e-05
9.0842e-05
9.0915e-05
9.0989e-05
9.1062e-05
9.1136e-05
9.1209e-05
9.1282e-05
9.1356e-05
9.1429e-05
9.1503e-05
9.1576e-05
9.165e-05
9.1723e-05
9.1796e-05
9.187e-05
9.1943e-05
9.2017e-05
9.209e-05
9.2163e-05
9.2237e-05
9.231e-05
9.2384e-05
9.2457e-05
9.253e-05
9.2604e-05
9.2677e-05
9.2751e-05
9.2824e-05
9.2897e-05
9.2971e-05
9.3044e-05
9.3118e-05
9.3191e-05
9.3264e-05
9.3338e-05
9.3411e-05
9.3485e-05
9.3558e-05
9.3631e-05
9.3705e-05
9.3778e-05
9.3852e-05
9.3925e-05
9.3998e-05
9.4072e-05
9.4145e-05
9.4219e-05
9.4292e-05
9.4365e-05
9.4439e-05
9.4512e-05
9.4586e-05
9.4659e-05
9.4732e-05
9.4806e-05
9.4879e-05
9.4953e-05
9.5026e-05
9.5099e-05
9.5173e-05
9.5246e-05
9.532e-05
9.5393e-05
9.5466e-05
9.554e-05
9.5613e-05
9.5687e-05
9.576e-05
9.5833e-05
9.5907e-05
9.598e-05
9.6054e-05
9.6127e-05
9.62e-05
9.6274e-05
9.6347e-05
9.6421e-05
9.6494e-05
9.6567e-05
9.6641e-05
9.6714e-05
9.6788e-05
9.6861e-05
9.6934e-05
9.7008e-05
9.7081e-05
9.7155e-05
9.7228e-05
9.7301e-05
9.7375e-05
9.7448e-05
9.7522e-05
9.7595e-05
9.7668e-05
9.7742e-05
9.7815e-05
9.7889e-05
9.7962e-05
9.8035e-05
9.8109e-05
9.8182e-05
9.8256e-05
9.8329e-05
9.8403e-05
9.8476e-05
9.8549e-05
9.8623e-05
9.8696e-05
9.877e-05
9.8843e-05
9.8916e-05
9.899e-05
9.9063e-05
9.9137e-05
9.921e-05
9.9283e-05
9.9357e-05
9.943e-05
9.9504e-05
9.9577e-05
9.965e-05
9.9724e-05
9.9797e-05
9.9871e-05
9.9944e-05
0.00010002
0.00010009
0.00010016
0.00010024
0.00010031
0.00010038
0.00010046
0.00010053
0.0001006
0.00010068
0.00010075
0.00010082
0.0001009
0.00010097
0.00010104
0.00010112
0.00010119
0.00010127
0.00010134
0.00010141
0.00010149
0.00010156
0.00010163
0.00010171
0.00010178
0.00010185
0.00010193
0.000102
0.00010207
0.00010215
0.00010222
0.00010229
0.00010237
0.00010244
0.00010251
0.00010259
0.00010266
0.00010273
0.00010281
0.00010288
0.00010295
0.00010303
0.0001031
0.00010317
0.00010325
0.00010332
0.00010339
0.00010347
0.00010354
0.00010361
0.00010369
0.00010376
0.00010383
0.00010391
0.00010398
0.00010405
0.00010413
0.0001042
0.00010427
0.00010435
0.00010442
0.00010449
0.00010457
0.00010464
0.00010472
0.00010479
0.00010486
0.00010494
0.00010501
0.00010508
0.00010516
0.00010523
0.0001053
0.00010538
0.00010545
0.00010552
0.0001056
0.00010567
0.00010574
0.00010582
0.00010589
0.00010596
0.00010604
0.00010611
0.00010618
0.00010626
0.00010633
0.0001064
0.00010648
0.00010655
0.00010662
0.0001067
0.00010677
0.00010684
0.00010692
0.00010699
0.00010706
0.00010714
0.00010721
0.00010728
0.00010736
0.00010743
0.0001075
0.00010758
0.00010765
0.00010772
0.0001078
0.00010787
0.00010794
0.00010802
0.00010809
0.00010816
0.00010824
0.00010831
0.00010839
0.00010846
0.00010853
0.00010861
0.00010868
0.00010875
0.00010883
0.0001089
0.00010897
0.00010905
0.00010912
0.00010919
0.00010927
0.00010934
0.00010941
0.00010948
0.00010956
0.00010963
0.0001097
0.00010978
0.00010985
0.00010992
0.00010999
0.00011007
0.00011014
0.00011021
0.00011028
0.00011035
0.00011043
0.0001105
0.00011057
0.00011064
0.00011071
0.00011078
0.00011084
0.00011091
0.00011098
0.00011104
0.00011111
0.00011117
0.00011123
0.00011129
0.00011135
0.0001114
0.00011145
0.0001115
0.00011155
0.00011159
0.00011163
0.00011167
0.0001117
0.00011172
0.00011174
0.00011175
0.00011175
0.00011175
0.00011174
0.00011171
0.00011168
0.00011164
0.00011158
0.00011151
0.00011142
0.00011132
0.00011119
0.00011105
0.00011089
0.00011071
0.0001105
0.00011027
0.00011
0.00010971
0.00010938
0.00010903
0.00010863
0.00010821
0.00010773
0.00010722
0.00010665
0.00010604
0.00010538
0.00010467
0.0001039
0.00010307
0.00010219
0.00010122
0.00010022
9.9113e-05
9.7988e-05
9.672e-05
9.5462e-05
9.4023e-05
9.2627e-05
9.1006e-05
8.9465e-05
8.7654e-05
8.5962e-05
8.3954e-05
8.2105e-05
7.9897e-05
7.7884e-05
7.5474e-05
7.3292e-05
7.0684e-05
6.8325e-05
6.5524e-05
6.2985e-05
5.9998e-05
5.7275e-05
5.4112e-05
5.1204e-05
4.7876e-05
4.4783e-05
4.1304e-05
3.803e-05
3.4411e-05
3.0961e-05
2.7217e-05
2.3599e-05
1.9743e-05
1.5968e-05
1.2015e-05
8.0927e-06
4.0569e-06
